# 1 Lya_EW
# 2 PDF
-100.000000  0.000000
-99.000000  0.000000
-98.000000  0.000080
-97.000000  0.000418
-96.000000  0.001034
-95.000000  0.001600
-94.000000  0.002114
-93.000000  0.002577
-92.000000  0.002989
-91.000000  0.003350
-90.000000  0.003660
-89.000000  0.003919
-88.000000  0.004127
-87.000000  0.004284
-86.000000  0.004390
-85.000000  0.004444
-84.000000  0.004745
-83.000000  0.004999
-82.000000  0.005176
-81.000000  0.005277
-80.000000  0.005302
-79.000000  0.005265
-78.000000  0.005460
-77.000000  0.005552
-76.000000  0.005543
-75.000000  0.005431
-74.000000  0.005217
-73.000000  0.004901
-72.000000  0.004483
-71.000000  0.004437
-70.000000  0.004708
-69.000000  0.005030
-68.000000  0.005275
-67.000000  0.005444
-66.000000  0.005536
-65.000000  0.005552
-64.000000  0.005491
-63.000000  0.005651
-62.000000  0.005739
-61.000000  0.005932
-60.000000  0.006169
-59.000000  0.006554
-58.000000  0.007012
-57.000000  0.007773
-56.000000  0.008381
-55.000000  0.008835
-54.000000  0.009137
-53.000000  0.009285
-52.000000  0.009829
-51.000000  0.010659
-50.000000  0.011311
-49.000000  0.011785
-48.000000  0.012329
-47.000000  0.012798
-46.000000  0.013336
-45.000000  0.013955
-44.000000  0.014752
-43.000000  0.016093
-42.000000  0.018070
-41.000000  0.020458
-40.000000  0.023308
-39.000000  0.026678
-38.000000  0.031431
-37.000000  0.036583
-36.000000  0.043078
-35.000000  0.050230
-34.000000  0.057915
-33.000000  0.067783
-32.000000  0.081521
-31.000000  0.099096
-30.000000  0.121996
-29.000000  0.150520
-28.000000  0.182268
-27.000000  0.219739
-26.000000  0.261301
-25.000000  0.306285
-24.000000  0.354061
-23.000000  0.406740
-22.000000  0.463212
-21.000000  0.521372
-20.000000  0.579971
-19.000000  0.639114
-18.000000  0.697699
-17.000000  0.750939
-16.000000  0.799397
-15.000000  0.842483
-14.000000  0.879586
-13.000000  0.909942
-12.000000  0.936773
-11.000000  0.959534
-10.000000  0.978675
-9.000000  0.993436
-8.000000  1.000000
-7.000000  0.999655
-6.000000  0.996406
-5.000000  0.987475
-4.000000  0.974848
-3.000000  0.961220
-2.000000  0.944279
-1.000000  0.923837
0.000000  0.901457
1.000000  0.873656
2.000000  0.843563
3.000000  0.812060
4.000000  0.781195
5.000000  0.750420
6.000000  0.719419
7.000000  0.687560
8.000000  0.658768
9.000000  0.629511
10.000000  0.597906
11.000000  0.564392
12.000000  0.529721
13.000000  0.491511
14.000000  0.452857
15.000000  0.414955
16.000000  0.379509
17.000000  0.348384
18.000000  0.320053
19.000000  0.292374
20.000000  0.269439
21.000000  0.248009
22.000000  0.228588
23.000000  0.211562
24.000000  0.198459
25.000000  0.186486
26.000000  0.175813
27.000000  0.164180
28.000000  0.153191
29.000000  0.143559
30.000000  0.133710
31.000000  0.124223
32.000000  0.115059
33.000000  0.106244
34.000000  0.097716
35.000000  0.090865
36.000000  0.085241
37.000000  0.079954
38.000000  0.075000
39.000000  0.070445
40.000000  0.065177
41.000000  0.060039
42.000000  0.055138
43.000000  0.051386
44.000000  0.048439
45.000000  0.046699
46.000000  0.044859
47.000000  0.043835
48.000000  0.042783
49.000000  0.041454
50.000000  0.040483
51.000000  0.039387
52.000000  0.037678
53.000000  0.035578
54.000000  0.033681
55.000000  0.031845
56.000000  0.030424
57.000000  0.028757
58.000000  0.026937
59.000000  0.025060
60.000000  0.023782
61.000000  0.022966
62.000000  0.022116
63.000000  0.021312
64.000000  0.020716
65.000000  0.019886
66.000000  0.018994
67.000000  0.018097
68.000000  0.017632
69.000000  0.017445
70.000000  0.017478
71.000000  0.017873
72.000000  0.018419
73.000000  0.019116
74.000000  0.020272
75.000000  0.021232
76.000000  0.022038
77.000000  0.022487
78.000000  0.022578
79.000000  0.022312
80.000000  0.022064
81.000000  0.021812
82.000000  0.021504
83.000000  0.021108
84.000000  0.020647
85.000000  0.019881
86.000000  0.018938
87.000000  0.018461
88.000000  0.018063
89.000000  0.017334
90.000000  0.016630
91.000000  0.015915
92.000000  0.015183
93.000000  0.014521
94.000000  0.013656
95.000000  0.012535
96.000000  0.011980
97.000000  0.011547
98.000000  0.011538
99.000000  0.011582
100.000000  0.011662
