# ED780-1		ED780-2
# 80mm Dia X 5mmT w/ wedge		
# Measured at Center of part		
# 298K,0 deg aoi		
## note that the temperature and aoi difference is negligible.
# peakT%	97.48438263	97.84909821
# Cut-on:	1493.19	1492.97
# Cut-off:	1778.53	1782.27
# wl(A)	T%	T%
18700.0  0.092145406  0.094595246
18695.0  0.092274927  0.096290946
18690.0  0.086240895  0.093122482
18685.0  0.091183089  0.090307958
18680.0  0.094749138  0.088784888
18675.0  0.101061992  0.088406682
18670.0  0.097046025  0.098473668
18665.0  0.095316693  0.094962232
18660.0  0.095112339  0.090729125
18655.0  0.096924707  0.097999476
18650.0  0.099773847  0.09264008
18645.0  0.096589066  0.095624626
18640.0  0.09823928  0.097321294
18635.0  0.107375741  0.099272937
18630.0  0.101106733  0.095396876
18625.0  0.098149955  0.095399812
18620.0  0.105819583  0.094832465
18615.0  0.103222951  0.095019333
18610.0  0.097902551  0.104014084
18605.0  0.101083599  0.099006921
18600.0  0.098727852  0.095363073
18595.0  0.096897885  0.097077489
18590.0  0.095000334  0.098542392
18585.0  0.100009367  0.094680116
18580.0  0.096082099  0.099705301
18575.0  0.098326474  0.10155531
18570.0  0.094823234  0.097750537
18565.0  0.097908288  0.101903282
18560.0  0.101995803  0.102315716
18555.0  0.096685089  0.102933511
18550.0  0.095242731  0.099052839
18545.0  0.09818884  0.100825399
18540.0  0.097724304  0.10066361
18535.0  0.099940993  0.100991115
18530.0  0.092329182  0.102496691
18525.0  0.091692343  0.099126413
18520.0  0.096830875  0.099010378
18515.0  0.093628556  0.104086168
18510.0  0.096526183  0.103159681
18505.0  0.102646127  0.108046681
18500.0  0.105545089  0.100844495
18495.0  0.099908277  0.109531961
18490.0  0.102371864  0.109157465
18485.0  0.102737106  0.110074252
18480.0  0.10487473  0.109333091
18475.0  0.107643239  0.101150282
18470.0  0.107327431  0.107846201
18465.0  0.105650872  0.10915117
18460.0  0.107587069  0.104313463
18455.0  0.112012714  0.108990006
18450.0  0.103814237  0.11483787
18445.0  0.110353813  0.113634497
18440.0  0.097228192  0.11397434
18435.0  0.110345505  0.116053879
18430.0  0.106709652  0.110176683
18425.0  0.105967954  0.120539926
18420.0  0.109777026  0.116159871
18415.0  0.099089533  0.114136867
18410.0  0.111666121  0.119387485
18405.0  0.105833463  0.123096749
18400.0  0.110795222  0.121384025
18395.0  0.114329413  0.120795503
18390.0  0.107829846  0.121783651
18385.0  0.106934913  0.128037795
18380.0  0.102297872  0.132009253
18375.0  0.11362949  0.125451416
18370.0  0.121734306  0.134303227
18365.0  0.112823069  0.131205395
18360.0  0.115518645  0.141108856
18355.0  0.107986897  0.134695351
18350.0  0.112857416  0.136217296
18345.0  0.116636626  0.14530015
18340.0  0.117178381  0.148520559
18335.0  0.117720887  0.145145908
18330.0  0.124883696  0.149589405
18325.0  0.118258782  0.151871696
18320.0  0.121096537  0.156375885
18315.0  0.11797858  0.155085772
18310.0  0.124488518  0.151316717
18305.0  0.120790549  0.165598616
18300.0  0.123564467  0.169451177
18295.0  0.126992881  0.172303453
18290.0  0.12899518  0.172327653
18285.0  0.132718697  0.1743204
18280.0  0.139046893  0.182427153
18275.0  0.139172018  0.192825571
18270.0  0.138132528  0.195404649
18265.0  0.14038305  0.204790473
18260.0  0.149542436  0.210789844
18255.0  0.146843568  0.211610153
18250.0  0.152751759  0.222138941
18245.0  0.152746424  0.229549527
18240.0  0.152716443  0.238562122
18235.0  0.160484836  0.246545553
18230.0  0.166023716  0.246515662
18225.0  0.166057661  0.262259096
18220.0  0.169654906  0.275068164
18215.0  0.165858686  0.277266175
18210.0  0.17664583  0.293360561
18205.0  0.180294305  0.300575852
18200.0  0.186748877  0.314739049
18195.0  0.192571297  0.330603421
18190.0  0.189679518  0.351313263
18185.0  0.208479747  0.365357488
18180.0  0.202516645  0.382817626
18175.0  0.220935077  0.393473774
18170.0  0.218276218  0.414786726
18165.0  0.228895873  0.43803981
18160.0  0.234946281  0.459438294
18155.0  0.241819426  0.479769439
18150.0  0.251166105  0.507705867
18145.0  0.261252463  0.53922832
18140.0  0.279041082  0.565438271
18135.0  0.288553625  0.59685868
18130.0  0.297614247  0.630739927
18125.0  0.315511376  0.663571596
18120.0  0.321000159  0.699091137
18115.0  0.346273333  0.748052776
18110.0  0.359753192  0.797495902
18105.0  0.382951766  0.842707038
18100.0  0.400045246  0.889989018
18095.0  0.422361493  0.949107468
18090.0  0.439656913  1.011361122
18085.0  0.467912436  1.072192311
18080.0  0.492454648  1.143323779
18075.0  0.518677354  1.219467402
18070.0  0.554923892  1.298264623
18065.0  0.581522107  1.385787368
18060.0  0.612116039  1.48058176
18055.0  0.653124929  1.591206193
18050.0  0.701276004  1.690917969
18045.0  0.751701355  1.809717178
18040.0  0.800779462  1.94502449
18035.0  0.85057354  2.083339453
18030.0  0.903835058  2.22205472
18025.0  0.968943834  2.386032343
18020.0  1.039557576  2.559951782
18015.0  1.112735271  2.744767189
18010.0  1.201441288  2.952967644
18005.0  1.300414324  3.188564301
18000.0  1.392398953  3.420842886
17995.0  1.496677876  3.677440882
17990.0  1.608220816  3.956307411
17985.0  1.743558645  4.266589642
17980.0  1.88617301  4.579707623
17975.0  2.028355122  4.938391685
17970.0  2.189962864  5.327883244
17965.0  2.373886824  5.747519493
17960.0  2.573348761  6.185208797
17955.0  2.786983252  6.669622421
17950.0  3.032669544  7.224514961
17945.0  3.293953419  7.785116673
17940.0  3.581039667  8.411000252
17935.0  3.894973516  9.085442543
17930.0  4.233887196  9.82851696
17925.0  4.607219219  10.60151386
17920.0  5.021287441  11.46876907
17915.0  5.480044842  12.43141937
17910.0  5.97520113  13.42600727
17905.0  6.495740891  14.50214958
17900.0  7.102432251  15.69362545
17895.0  7.748681068  16.95584106
17890.0  8.436432838  18.28809738
17885.0  9.239793777  19.82238388
17880.0  10.11356354  21.45005608
17875.0  11.00534534  23.10963249
17870.0  11.98971558  24.88225937
17865.0  13.11455631  26.87245369
17860.0  14.33423138  28.97318649
17855.0  15.66013145  31.23628235
17850.0  17.15651131  33.68299484
17845.0  18.75626373  36.22977829
17840.0  20.36494255  38.72602081
17835.0  22.18511581  41.48496246
17830.0  24.17628288  44.37108994
17825.0  26.32395554  47.40809631
17820.0  28.64435959  50.51833344
17815.0  31.1109581  53.68051529
17810.0  33.65346146  56.7883606
17805.0  36.34382629  59.9246521
17800.0  39.21455383  63.09975433
17795.0  42.33201599  66.34272766
17790.0  45.53024292  69.54373932
17785.0  48.87981415  72.62696838
17780.0  52.17450333  75.47795868
17775.0  55.53319931  78.18483734
17770.0  58.9533577  80.7624054
17765.0  62.39808273  83.19232178
17760.0  65.89001465  85.46464539
17755.0  69.38389587  87.50717926
17750.0  72.55609131  89.23812866
17745.0  75.58161926  90.74794769
17740.0  78.50526428  92.05301666
17735.0  81.24341583  93.14467621
17730.0  83.7670517  94.03677368
17725.0  86.09971619  94.76354218
17720.0  88.08971405  95.26998901
17715.0  89.74869537  95.56650543
17710.0  91.17134094  95.76171875
17705.0  92.34200287  95.80134583
17700.0  93.31891632  95.768013
17695.0  94.00865173  95.60713196
17690.0  94.48929596  95.39914703
17685.0  94.78141785  95.10884857
17680.0  94.85728455  94.81929016
17675.0  94.76972198  94.40218353
17670.0  94.5458374  94.04345703
17665.0  94.25180817  93.64984894
17660.0  93.78934479  93.2166214
17655.0  93.29042053  92.85331726
17650.0  92.77935028  92.48783112
17645.0  92.17712402  92.14833832
17640.0  91.55140686  91.78375244
17635.0  90.91726685  91.4943161
17630.0  90.30384064  91.26798248
17625.0  89.64439392  90.98957062
17620.0  89.09113312  90.82003784
17615.0  88.5250473  90.64815521
17610.0  87.93172455  90.49144745
17605.0  87.45333862  90.43365479
17600.0  87.00395203  90.36700439
17595.0  86.56772614  90.36872101
17590.0  86.15820313  90.36227417
17585.0  85.81303406  90.41899109
17580.0  85.55029297  90.51758575
17575.0  85.298172  90.62128448
17570.0  85.1049118  90.79032898
17565.0  84.95141602  90.94805145
17560.0  84.86129761  91.15283966
17555.0  84.7894516  91.36160278
17550.0  84.77459717  91.60108948
17545.0  84.82518005  91.84877777
17540.0  84.87722015  92.10113525
17535.0  84.99633026  92.38663483
17530.0  85.16957855  92.67363739
17525.0  85.38137817  93.0082016
17520.0  85.57876587  93.28308105
17515.0  85.86262512  93.59489441
17510.0  86.12562561  93.87238312
17505.0  86.48721313  94.19607544
17500.0  86.83966827  94.52899933
17495.0  87.17134094  94.74739838
17490.0  87.55499268  94.99035645
17485.0  87.96810913  95.28837585
17480.0  88.38500214  95.53813934
17475.0  88.79499817  95.75730896
17470.0  89.23492432  95.97751617
17465.0  89.69617462  96.14547729
17460.0  90.14801788  96.34634399
17455.0  90.55641937  96.43766022
17450.0  91.02425385  96.56790161
17445.0  91.42904663  96.70101166
17440.0  91.8946991  96.80702972
17435.0  92.30947876  96.81278992
17430.0  92.69460297  96.8105545
17425.0  93.08339691  96.88826752
17420.0  93.41905212  96.86627197
17415.0  93.81212616  96.79069519
17410.0  94.11863708  96.74872589
17405.0  94.36405945  96.66590881
17400.0  94.68167877  96.57732391
17395.0  94.97470093  96.44536591
17390.0  95.19115448  96.3087616
17385.0  95.3931427  96.17408752
17380.0  95.62180328  96.06993103
17375.0  95.79131317  95.88027191
17370.0  95.88511658  95.6954422
17365.0  95.96620941  95.49736023
17360.0  96.06832886  95.34744263
17355.0  96.09954071  95.14311218
17350.0  96.1244812  94.98162079
17345.0  96.14356995  94.78469849
17340.0  96.16560364  94.60071564
17335.0  96.1621933  94.42750549
17330.0  96.15611267  94.26615906
17325.0  96.07446289  94.09221649
17320.0  96.03005981  93.95322418
17315.0  95.94915771  93.7879715
17310.0  95.87516022  93.63852692
17305.0  95.78609467  93.54840088
17300.0  95.6601944  93.39557648
17295.0  95.59996796  93.3234024
17290.0  95.51605225  93.2322998
17285.0  95.38469696  93.15203094
17280.0  95.29031372  93.08478546
17275.0  95.19515991  93.04358673
17270.0  95.09632111  93.02037811
17265.0  95.02124023  92.97901917
17260.0  94.94091034  92.97260284
17255.0  94.85467529  92.99249268
17250.0  94.81803131  93.01519775
17245.0  94.76161957  93.06919861
17240.0  94.71910095  93.11148834
17235.0  94.68669891  93.19700623
17230.0  94.68511963  93.27790833
17225.0  94.64985657  93.3503418
17220.0  94.64229584  93.45078278
17215.0  94.69521332  93.59483337
17210.0  94.70071411  93.70787811
17205.0  94.69082642  93.81167603
17200.0  94.73284149  93.95836639
17195.0  94.87402344  94.16652679
17190.0  94.93231964  94.31532288
17185.0  94.99364471  94.46536255
17180.0  95.0532608  94.60622406
17175.0  95.1957016  94.79602814
17170.0  95.28202057  94.97306061
17165.0  95.40388489  95.16287231
17160.0  95.52451324  95.37200928
17155.0  95.62850952  95.50874329
17150.0  95.72592163  95.69104767
17145.0  95.85881042  95.87741852
17140.0  95.97727203  96.05109406
17135.0  96.11099243  96.21322632
17130.0  96.25418091  96.35940552
17125.0  96.33621979  96.48511505
17120.0  96.4897995  96.6730423
17115.0  96.57808685  96.78975677
17110.0  96.7014389  96.92747498
17105.0  96.79750824  97.04209137
17100.0  96.89144897  97.16542053
17095.0  96.99591064  97.28187561
17090.0  97.05890656  97.36867523
17085.0  97.16445923  97.48458862
17080.0  97.24718475  97.58290863
17075.0  97.28804016  97.63278961
17070.0  97.34835052  97.70110321
17065.0  97.37978363  97.74351501
17060.0  97.43115997  97.80352783
17055.0  97.438591  97.78868866
17050.0  97.46726227  97.83786011
17045.0  97.48438263  97.84909821
17040.0  97.46886444  97.83509064
17035.0  97.43610382  97.83679962
17030.0  97.39198303  97.81893921
17025.0  97.37498474  97.81256866
17020.0  97.30863953  97.79247284
17015.0  97.29351807  97.78084564
17010.0  97.1974411  97.7146225
17005.0  97.14837646  97.7024765
17000.0  97.05691528  97.63759613
16995.0  97.01425171  97.60492706
16990.0  96.93075562  97.58101654
16985.0  96.81150055  97.50563812
16980.0  96.76326752  97.45874023
16975.0  96.65740967  97.34869385
16970.0  96.5404129  97.30557251
16965.0  96.47830963  97.26689911
16960.0  96.37811279  97.20838928
16955.0  96.24101257  97.10569763
16950.0  96.18920898  97.08091736
16945.0  96.10925293  97.04512024
16940.0  96.00678253  96.94709778
16935.0  95.90853882  96.89237976
16930.0  95.85292053  96.82793427
16925.0  95.73790741  96.74317169
16920.0  95.6328125  96.63018799
16915.0  95.63730621  96.64057159
16910.0  95.55432129  96.58676147
16905.0  95.43567657  96.45614624
16900.0  95.37490845  96.3916626
16895.0  95.41824341  96.41868591
16890.0  95.32656097  96.29502869
16885.0  95.23181915  96.19798279
16880.0  95.22926331  96.16072845
16875.0  95.20569611  96.0762558
16870.0  95.16614532  95.97583008
16865.0  95.15756989  95.93106079
16860.0  95.14945221  95.8487854
16855.0  95.14764404  95.75933075
16850.0  95.13629913  95.68849182
16845.0  95.12171173  95.59436035
16840.0  95.14868927  95.51350403
16835.0  95.14807129  95.41310883
16830.0  95.1696167  95.34440613
16825.0  95.19128418  95.25585938
16820.0  95.23740387  95.16775513
16815.0  95.27864075  95.11458588
16810.0  95.34294128  95.03616333
16805.0  95.36034393  94.96149445
16800.0  95.3937149  94.88795471
16795.0  95.45644379  94.85188293
16790.0  95.47867584  94.75199127
16785.0  95.5177536  94.68908691
16780.0  95.56062317  94.61497498
16775.0  95.6404953  94.58065033
16770.0  95.67103577  94.5022583
16765.0  95.73336029  94.46755981
16760.0  95.77663422  94.38715363
16755.0  95.83883667  94.3592453
16750.0  95.88700867  94.31730652
16745.0  95.90605164  94.29103851
16740.0  95.97690582  94.2743988
16735.0  96.00862885  94.24558258
16730.0  96.05654144  94.2466507
16725.0  96.11686707  94.20563507
16720.0  96.1517868  94.2268219
16715.0  96.21221924  94.2153244
16710.0  96.26384735  94.24474335
16705.0  96.2877655  94.27800751
16700.0  96.27487946  94.25973511
16695.0  96.36474609  94.35712433
16690.0  96.3757782  94.36104584
16685.0  96.38932037  94.36179352
16680.0  96.46334076  94.48131561
16675.0  96.51876831  94.54147339
16670.0  96.51656342  94.54679871
16665.0  96.5995636  94.70212555
16660.0  96.6194458  94.78879547
16655.0  96.62611389  94.83201599
16650.0  96.64916992  94.9283371
16645.0  96.69198608  95.04074097
16640.0  96.74311066  95.15744781
16635.0  96.76800537  95.21895599
16630.0  96.76031494  95.29715729
16625.0  96.82548523  95.43711853
16620.0  96.84434509  95.56090546
16615.0  96.84744263  95.64756012
16610.0  96.89105988  95.79316711
16605.0  96.92510223  95.87565613
16600.0  96.95452118  95.96356201
16595.0  96.98397827  96.05955505
16590.0  97.00944519  96.17344666
16585.0  97.02051544  96.28796387
16580.0  97.05143738  96.36872864
16575.0  97.06226349  96.46682739
16570.0  97.10890198  96.51914215
16565.0  97.12201691  96.6031723
16560.0  97.12477875  96.66770935
16555.0  97.16577148  96.74798584
16550.0  97.2053833  96.79087067
16545.0  97.17381287  96.8447113
16540.0  97.21646881  96.8543396
16535.0  97.19330597  96.84853363
16530.0  97.22745514  96.90585327
16525.0  97.22874451  96.94133759
16520.0  97.22123718  96.92243195
16515.0  97.22164154  96.89957428
16510.0  97.20925903  96.89604187
16505.0  97.21485901  96.829216
16500.0  97.16584015  96.79914093
16495.0  97.16457367  96.75186157
16490.0  97.15010071  96.697258
16485.0  97.09994507  96.6504364
16480.0  97.06274414  96.58182526
16475.0  97.04302979  96.47649384
16470.0  97.02733612  96.40927124
16465.0  96.95626831  96.33565521
16460.0  96.92263031  96.24520874
16455.0  96.83861542  96.13820648
16450.0  96.80034637  96.0737915
16445.0  96.73744202  95.94076538
16440.0  96.62812042  95.79061127
16435.0  96.60086823  95.7510376
16430.0  96.52719116  95.65706635
16425.0  96.4417572  95.5267334
16420.0  96.36632538  95.41471863
16415.0  96.2658844  95.30312347
16410.0  96.22133636  95.26450348
16405.0  96.07959747  95.09526825
16400.0  95.95681  94.99123383
16395.0  95.94108582  94.95864105
16390.0  95.81510925  94.8406601
16385.0  95.72239685  94.73682404
16380.0  95.6134491  94.67328644
16375.0  95.5370636  94.61158752
16370.0  95.43221283  94.56717682
16365.0  95.3011322  94.45527649
16360.0  95.17793274  94.41902924
16355.0  95.10886383  94.36035919
16350.0  95.02296448  94.32711792
16345.0  94.9256134  94.283638
16340.0  94.79413605  94.24163055
16335.0  94.68836975  94.20874786
16330.0  94.63105011  94.20659637
16325.0  94.50189209  94.19306183
16320.0  94.41779327  94.17208099
16315.0  94.35926819  94.20380402
16310.0  94.26688385  94.18707275
16305.0  94.13790131  94.17430878
16300.0  94.09033966  94.20433807
16295.0  93.98651123  94.20079803
16290.0  93.93186951  94.23845673
16285.0  93.84611511  94.25869751
16280.0  93.76755524  94.2647934
16275.0  93.70926666  94.31737518
16270.0  93.63246918  94.33502197
16265.0  93.60089874  94.42350006
16260.0  93.55755615  94.45807648
16255.0  93.4993515  94.46879578
16250.0  93.48673248  94.5704422
16245.0  93.40913391  94.58175659
16240.0  93.39292908  94.63551331
16235.0  93.35625458  94.69524384
16230.0  93.32528687  94.73573303
16225.0  93.29714203  94.81700897
16220.0  93.27268982  94.87935638
16215.0  93.25312805  94.93238068
16210.0  93.24794769  94.99338531
16205.0  93.28731537  95.12269592
16200.0  93.23072052  95.15983582
16195.0  93.24124146  95.21070862
16190.0  93.24019623  95.30880737
16185.0  93.24169159  95.31326294
16180.0  93.22851563  95.3806076
16175.0  93.27509308  95.52244568
16170.0  93.26042175  95.55171967
16165.0  93.29493713  95.62785339
16160.0  93.35028839  95.72088623
16155.0  93.35011292  95.7612381
16150.0  93.39094543  95.82863617
16145.0  93.41684723  95.909729
16140.0  93.46589661  95.98272705
16135.0  93.49300385  96.03125763
16130.0  93.55267334  96.14326477
16125.0  93.54998779  96.19709015
16120.0  93.6104126  96.28188324
16115.0  93.67372131  96.37104034
16110.0  93.69812012  96.41441345
16105.0  93.77060699  96.50927734
16100.0  93.82492828  96.55613708
16095.0  93.85211182  96.58732605
16090.0  93.91512299  96.68673706
16085.0  93.97276306  96.75646973
16080.0  94.04192352  96.79455566
16075.0  94.105896  96.88045502
16070.0  94.13305664  96.91127777
16065.0  94.19246674  96.96868896
16060.0  94.27101135  96.99781799
16055.0  94.31519318  97.00465393
16050.0  94.3828125  97.06419373
16045.0  94.42913818  97.06237793
16040.0  94.48477936  97.09924316
16035.0  94.55101776  97.15239716
16030.0  94.608078  97.16436005
16025.0  94.64709473  97.12049103
16020.0  94.73535156  97.15500641
16015.0  94.78032684  97.14644623
16010.0  94.847229  97.14205933
16005.0  94.91334534  97.14154816
16000.0  94.94139099  97.07682037
15995.0  95.00250244  97.06757355
15990.0  95.08062744  97.0446167
15985.0  95.12070465  96.98355103
15980.0  95.15750122  96.92037964
15975.0  95.22973633  96.94193268
15970.0  95.27819824  96.86659241
15965.0  95.29695892  96.80055237
15960.0  95.35083771  96.72629547
15955.0  95.37934875  96.66761017
15950.0  95.42589569  96.58634186
15945.0  95.45380402  96.52841187
15940.0  95.52972412  96.46663666
15935.0  95.50060272  96.39352417
15930.0  95.53736877  96.33106232
15925.0  95.5753479  96.21063232
15920.0  95.61605072  96.11521912
15915.0  95.64929199  96.08148193
15910.0  95.65218353  95.99868011
15905.0  95.64615631  95.95210266
15900.0  95.67185974  95.87791443
15895.0  95.67014313  95.8197403
15890.0  95.66872406  95.77425385
15885.0  95.68273163  95.69003296
15880.0  95.64987183  95.60632324
15875.0  95.68144226  95.57201385
15870.0  95.66766357  95.57289124
15865.0  95.64494324  95.51312256
15860.0  95.63850403  95.46317291
15855.0  95.64431  95.43118286
15850.0  95.62227631  95.43666077
15845.0  95.59692383  95.37949371
15840.0  95.56216431  95.38247681
15835.0  95.55117035  95.40213013
15830.0  95.53562164  95.40638733
15825.0  95.48409271  95.38444519
15820.0  95.43339539  95.35234833
15815.0  95.41012573  95.38598633
15810.0  95.38179779  95.41069031
15805.0  95.36506653  95.47779846
15800.0  95.31381989  95.49101257
15795.0  95.22724915  95.49311066
15790.0  95.18212891  95.51292419
15785.0  95.12313843  95.56822968
15780.0  95.12001801  95.59889221
15775.0  95.03621674  95.67782593
15770.0  94.96513367  95.66983795
15765.0  94.91490936  95.71739197
15760.0  94.89235687  95.79243469
15755.0  94.76486206  95.83892822
15750.0  94.73299408  95.87474823
15745.0  94.67386627  95.90605927
15740.0  94.62251282  95.94428253
15735.0  94.56163788  96.01461792
15730.0  94.48720551  96.08120728
15725.0  94.45552826  96.11891174
15720.0  94.37197113  96.14208984
15715.0  94.31945038  96.18923187
15710.0  94.25154114  96.26167297
15705.0  94.18807983  96.30368042
15700.0  94.10764313  96.31441498
15695.0  94.0746994  96.36293793
15690.0  94.00061035  96.41381073
15685.0  93.88824463  96.41275024
15680.0  93.84476471  96.46572876
15675.0  93.79172516  96.49806976
15670.0  93.71931458  96.55641937
15665.0  93.58088684  96.5088501
15660.0  93.53992462  96.58288574
15655.0  93.46374512  96.59799957
15650.0  93.3055191  96.56414032
15645.0  93.28284454  96.59532166
15640.0  93.20666504  96.64593506
15635.0  93.06173706  96.6153717
15630.0  92.94263458  96.61618805
15625.0  92.8875885  96.65385437
15620.0  92.80276489  96.61946869
15615.0  92.63698578  96.62313843
15610.0  92.52391052  96.62367249
15605.0  92.48658752  96.62097931
15600.0  92.34135437  96.58666229
15595.0  92.17776489  96.57785797
15590.0  92.06208801  96.56752777
15585.0  91.98410797  96.53929138
15580.0  91.85812378  96.52902985
15575.0  91.71102905  96.51113129
15570.0  91.59793091  96.5065918
15565.0  91.49167633  96.47548676
15560.0  91.37151337  96.459198
15555.0  91.27120972  96.42121124
15550.0  91.1536026  96.37461853
15545.0  91.03429413  96.35869598
15540.0  90.97883606  96.32395172
15535.0  90.81291199  96.28044891
15530.0  90.75308228  96.26778412
15525.0  90.70572662  96.22655487
15520.0  90.60019684  96.21340942
15515.0  90.54067993  96.14282227
15510.0  90.49757385  96.11095428
15505.0  90.44637299  96.08726501
15500.0  90.41596985  96.05153656
15495.0  90.42493439  96.04885864
15490.0  90.36621857  95.97360992
15485.0  90.4101944  95.97306824
15480.0  90.39234924  95.91542816
15475.0  90.43170929  95.8788147
15470.0  90.48462677  95.90180969
15465.0  90.51634979  95.82517242
15460.0  90.57407379  95.7991333
15455.0  90.65681458  95.79692841
15450.0  90.72795868  95.72493744
15445.0  90.85661316  95.75315094
15440.0  90.94380188  95.69056702
15435.0  91.06713867  95.68182373
15430.0  91.19966125  95.66439056
15425.0  91.33157349  95.62833405
15420.0  91.45547485  95.61279297
15415.0  91.61726379  95.63512421
15410.0  91.79141235  95.57115936
15405.0  91.91092682  95.53210449
15400.0  92.09962463  95.54917908
15395.0  92.25940704  95.54933167
15390.0  92.38598633  95.46312714
15385.0  92.5358963  95.44657135
15380.0  92.72299957  95.39678955
15375.0  92.9112854  95.42682648
15370.0  93.04718781  95.39385986
15365.0  93.18580627  95.31415558
15360.0  93.36416626  95.28625488
15355.0  93.50911713  95.31262207
15350.0  93.67020416  95.29946136
15345.0  93.78857422  95.18995667
15340.0  93.93930054  95.18772888
15335.0  94.0356369  95.19316101
15330.0  94.1654892  95.15242767
15325.0  94.28856659  95.08415985
15320.0  94.35361481  95.05001068
15315.0  94.44976044  95.05184174
15310.0  94.57496643  95.03946686
15305.0  94.62486267  94.9596405
15300.0  94.69634247  94.92948914
15295.0  94.80427551  94.93354034
15290.0  94.9127655  94.90179443
15285.0  94.91207886  94.84983063
15280.0  94.95773315  94.80158234
15275.0  95.05921936  94.82867432
15270.0  95.10938263  94.79044342
15265.0  95.11051941  94.75617218
15260.0  95.18025208  94.74094391
15255.0  95.21395874  94.7246933
15250.0  95.20823669  94.71055603
15245.0  95.22675323  94.67699432
15240.0  95.24188995  94.66648102
15235.0  95.18803406  94.61089325
15230.0  95.1343689  94.58769989
15225.0  95.09597015  94.56582642
15220.0  95.00647736  94.51605988
15215.0  94.94896698  94.50241089
15210.0  94.80189514  94.42977905
15205.0  94.65853882  94.38192749
15200.0  94.50428009  94.35449982
15195.0  94.29182434  94.25553894
15190.0  94.09532928  94.18695831
15185.0  93.8429718  94.10114288
15180.0  93.57595825  94.02505493
15175.0  93.27832794  93.95674133
15170.0  92.94563293  93.84209442
15165.0  92.5697937  93.69937897
15160.0  92.23126984  93.62597656
15155.0  91.83934784  93.47806549
15150.0  91.44132233  93.38275146
15145.0  91.04830933  93.25787354
15140.0  90.61843109  93.13729095
15135.0  90.2598114  93.10868073
15130.0  89.85338593  93.01143646
15125.0  89.41597748  92.88631439
15120.0  89.08512878  92.83681488
15115.0  88.75714874  92.80154419
15110.0  88.46192169  92.79257965
15105.0  88.28172302  92.81590271
15100.0  88.06084442  92.83952332
15095.0  87.89839172  92.92819214
15090.0  87.83516693  93.04046631
15085.0  87.88147736  93.1811142
15080.0  87.9810791  93.32439423
15075.0  88.10131836  93.53462982
15070.0  88.36772156  93.79426575
15065.0  88.77165985  94.03339386
15060.0  89.21067047  94.3055191
15055.0  89.64956665  94.57569885
15050.0  90.22376251  94.81984711
15045.0  90.8849411  95.04401398
15040.0  91.53629303  95.20797729
15035.0  92.23239136  95.37913513
15030.0  92.90229034  95.41309357
15025.0  93.49950409  95.28895569
15020.0  93.94047546  95.01746368
15015.0  94.27774811  94.59020233
15010.0  94.40338135  93.90690613
15005.0  94.21323395  92.9745636
15000.0  93.66398621  91.70258331
14995.0  92.70764923  90.15584564
14990.0  91.3865509  88.39517975
14985.0  89.49906921  86.19499207
14980.0  87.05534363  83.67876434
14975.0  84.22418213  80.90457916
14970.0  80.83935547  77.82955933
14965.0  76.81660461  74.2485199
14960.0  72.87741089  70.85741425
14955.0  68.68969727  67.3521347
14950.0  64.20339966  63.57058334
14945.0  59.56522369  59.69186401
14940.0  55.12321091  56.0169754
14935.0  50.61892319  52.18655014
14930.0  46.39990234  48.53889084
14925.0  42.57252502  45.21041107
14920.0  38.96149445  42.01818848
14915.0  35.47691345  38.87478256
14910.0  32.19843292  35.82720184
14905.0  29.29366493  33.08301544
14900.0  26.67910767  30.53288078
14895.0  24.34272385  28.2060318
14890.0  22.19894218  26.02466583
14885.0  20.26267433  24.00315285
14880.0  18.5304203  22.14078522
14875.0  16.89902306  20.39196396
14870.0  15.49659824  18.80091476
14865.0  14.25380707  17.39167404
14860.0  13.09862328  16.07203865
14855.0  12.05576515  14.8212595
14850.0  11.12741089  13.72289944
14845.0  10.26308727  12.66482925
14840.0  9.468295097  11.67095757
14835.0  8.779966354  10.80639935
14830.0  8.142827034  9.990528107
14825.0  7.540669441  9.215001106
14820.0  7.006298065  8.507263184
14815.0  6.516162872  7.855625629
14810.0  6.04338932  7.236474991
14805.0  5.601074696  6.650237083
14800.0  5.217175484  6.12694788
14795.0  4.840453148  5.642728329
14790.0  4.485767841  5.180531502
14785.0  4.163788795  4.751027584
14780.0  3.850726843  4.355340958
14775.0  3.556134224  3.980772972
14770.0  3.28762269  3.647252083
14765.0  3.034078598  3.342822552
14760.0  2.790032387  3.048401356
14755.0  2.575125694  2.774137735
14750.0  2.365161896  2.529665947
14745.0  2.171756744  2.3054564
14740.0  1.988842487  2.106839895
14735.0  1.817498922  1.919394493
14730.0  1.670446038  1.751478434
14725.0  1.525827527  1.594049096
14720.0  1.39238286  1.457548976
14715.0  1.275354028  1.329122066
14710.0  1.168162107  1.201138854
14705.0  1.068125129  1.102293968
14700.0  0.980550766  1.019218326
14695.0  0.901343226  0.927240193
14690.0  0.814714015  0.856115282
14685.0  0.753938913  0.784819186
14680.0  0.690194011  0.722690582
14675.0  0.627900958  0.668429613
14670.0  0.578038991  0.613661289
14665.0  0.542969048  0.569205999
14660.0  0.49880892  0.532278597
14655.0  0.460999936  0.491858333
14650.0  0.432014823  0.460879028
14645.0  0.399088919  0.430617154
14640.0  0.378997177  0.403540731
14635.0  0.350517184  0.378098071
14630.0  0.326358944  0.359043807
14625.0  0.305840164  0.340241581
14620.0  0.291457564  0.317665637
14615.0  0.275619507  0.294628382
14610.0  0.259711802  0.286624074
14605.0  0.253947645  0.273372173
14600.0  0.24170661  0.265392602
14595.0  0.226500005  0.250174522
14590.0  0.214371666  0.247727379
14585.0  0.204536408  0.227353901
14580.0  0.20091866  0.224143386
14575.0  0.194668144  0.21763444
14570.0  0.193704724  0.211317539
14565.0  0.184893414  0.205374792
14560.0  0.181720391  0.196265191
14555.0  0.178553686  0.197915912
14550.0  0.170821458  0.190859646
14545.0  0.171758845  0.184951708
14540.0  0.165154025  0.171706855
14535.0  0.159032986  0.181044117
14530.0  0.156592444  0.172247246
14525.0  0.148973346  0.170786485
14520.0  0.145517722  0.157038137
14515.0  0.147862807  0.160690352
14510.0  0.148413405  0.162206888
14505.0  0.142828807  0.153404698
14500.0  0.147560865  0.156461686
14495.0  0.144159466  0.151770741
14490.0  0.133967742  0.14577508
14485.0  0.136768326  0.147143081
14480.0  0.139839217  0.14963159
14475.0  0.131919786  0.135842681
14470.0  0.131199166  0.139249623
14465.0  0.137692988  0.139302731
14460.0  0.1280424  0.143913686
14455.0  0.137241468  0.138664275
14450.0  0.128967807  0.131296843
14445.0  0.127027318  0.135280028
14440.0  0.130783945  0.129457057
14435.0  0.125619516  0.129428938
14430.0  0.134399742  0.138904691
14425.0  0.123597227  0.137928948
14420.0  0.127014458  0.11863669
14415.0  0.127809152  0.133444995
14410.0  0.12298882  0.135818824
14405.0  0.126959652  0.127064318
14400.0  0.127604961  0.121457338
14395.0  0.123253793  0.117500648
14390.0  0.119525462  0.125898197
14385.0  0.118489504  0.118127264
14380.0  0.117795669  0.118541077
14375.0  0.115218654  0.125481591
14370.0  0.122568034  0.123890825
14365.0  0.117294096  0.111536272
14360.0  0.118752502  0.122283936
14355.0  0.119761437  0.120926797
14350.0  0.118912846  0.115889639
14345.0  0.12309207  0.122223489
14340.0  0.122265235  0.116626635
14335.0  0.113922641  0.110546291
14330.0  0.117153987  0.124433808
14325.0  0.116230153  0.121895842
14320.0  0.114636809  0.113307752
14315.0  0.115546942  0.111116737
14310.0  0.117467403  0.115237139
14305.0  0.123790346  0.118136823
14300.0  0.125724047  0.10676229
14295.0  0.116706953  0.109664187
14290.0  0.118511982  0.11508514
14285.0  0.119281121  0.113676034
14280.0  0.124446265  0.108126938
14275.0  0.113001198  0.118549787
14270.0  0.114118055  0.103474245
14265.0  0.121855244  0.116176754
14260.0  0.118021667  0.110674404
14255.0  0.114347786  0.110567957
14250.0  0.111082755  0.111081496
14245.0  0.11480736  0.112219155
14240.0  0.116394155  0.115021981
14235.0  0.116930135  0.103374779
14230.0  0.116857015  0.109841429
14225.0  0.11623814  0.105365858
14220.0  0.115291961  0.11078608
14215.0  0.11276675  0.106750593
14210.0  0.116419777  0.100337587
14205.0  0.108043037  0.106795676
14200.0  0.111162253  0.111572132
14195.0  0.118436091  0.104390539
14190.0  0.113078989  0.105961084
14185.0  0.113305226  0.109570682
14180.0  0.115667  0.110170595
14175.0  0.105509557  0.106787719
14170.0  0.120116524  0.10567905
14165.0  0.10652221  0.10015776
14160.0  0.110955864  0.111867152
14155.0  0.104808234  0.110251211
14150.0  0.109632559  0.110343061
14145.0  0.114435904  0.104117245
14140.0  0.108708218  0.120092332
14135.0  0.113413006  0.109112635
14130.0  0.11119137  0.102892354
14125.0  0.118977726  0.108922206
14120.0  0.1092631  0.113082394
14115.0  0.105396703  0.105490081
14110.0  0.109722942  0.112736099
14105.0  0.107373916  0.107503109
14100.0  0.100841478  0.111411966
14095.0  0.107759461  0.106019199
14090.0  0.117815942  0.104244337
14085.0  0.109762453  0.110553168
14080.0  0.107870042  0.109885365
14075.0  0.10807585  0.112049863
14070.0  0.107705846  0.103320807
14065.0  0.112274848  0.108226299
14060.0  0.111074731  0.106287293
14055.0  0.11088831  0.116260558
14050.0  0.109709941  0.11686416
14045.0  0.113697022  0.112742439
14040.0  0.107991755  0.107184283
14035.0  0.106684223  0.10633345
14030.0  0.107919112  0.111785382
14025.0  0.116781451  0.10953866
14020.0  0.109421276  0.10856545
14015.0  0.119955964  0.109132066
14010.0  0.108327903  0.111249194
14005.0  0.107892536  0.110569313
14000.0  0.112565853  0.116350047
