# Lot 1707	Ks Filter (1990nm-2310nm)	
# Information in red is the Room temp (298K) measured data for the delivered filter
# 80mm Diameter X 5mm		
# Lot 1707 pc#2(rot1) Center	pc#3(rot2) Center
#	ch1	ch2
#	298K	0 deg aoi
## note that the temperature and aoi difference is negligible.
#peakT%	97.077034	96.92486572
#Cut-on	1995.06	1993.982
#Cut-off	2309.877	2309.738
# wl(A)	T%	T%
24000.0  0.349736482  0.290929735
23990.0  0.082903035  0.170891509
23980.0  0.141876817  0.059147198
23970.0  0.263727158  0.200636193
23960.0  -0.025770746  0.154050276
23950.0  0.160243183  0.197914034
23940.0  0.202277228  0.179003343
23930.0  0.096377939  0.156930253
23920.0  0.140307367  0.11036218
23910.0  0.177698195  0.136938483
23900.0  0.160807729  0.175745115
23890.0  0.11930503  0.11405322
23880.0  0.245874941  0.21822378
23870.0  0.209304228  0.235736668
23860.0  0.243485272  0.254505336
23850.0  0.146218523  0.143553376
23840.0  0.282162696  0.201107889
23830.0  0.282978177  0.192412347
23820.0  0.414913416  0.331009805
23810.0  0.224380687  0.137280628
23800.0  0.151000306  0.191754282
23790.0  0.264338374  0.203345537
23780.0  0.237486646  0.278442949
23770.0  0.319777191  0.332323074
23760.0  0.333696485  0.32962662
23750.0  0.280050606  0.261764169
23740.0  0.299260259  0.193786115
23730.0  0.273812443  0.26571691
23720.0  0.346251607  0.290532291
23710.0  0.40826267  0.451315761
23700.0  0.407388002  0.35742417
23690.0  0.383344829  0.286883384
23680.0  0.460986137  0.348511159
23670.0  0.396210372  0.459418386
23660.0  0.512812614  0.369235933
23650.0  0.490315676  0.510874927
23640.0  0.514294267  0.504948974
23630.0  0.545392215  0.505452633
23620.0  0.432472348  0.528805673
23610.0  0.68783915  0.619494557
23600.0  0.71702379  0.736380279
23590.0  0.693199217  0.577471614
23580.0  0.740849316  0.699760795
23570.0  0.667910278  0.633180738
23560.0  0.879511774  0.859628081
23550.0  0.982179403  0.947019577
23540.0  1.000368237  0.980449855
23530.0  1.130756497  1.203277588
23520.0  1.293872714  1.291882038
23510.0  1.295170546  1.27494061
23500.0  1.460180163  1.287715077
23490.0  1.485592723  1.653332829
23480.0  1.703166366  1.521596909
23470.0  1.822365761  1.735008121
23460.0  1.887058854  1.876626372
23450.0  2.17919755  2.14931035
23440.0  2.394428492  2.286971331
23430.0  2.399959564  2.397716999
23420.0  2.597695827  2.601280451
23410.0  2.790946245  2.846678257
23400.0  3.318636179  3.233444214
23390.0  3.499616623  3.465105534
23380.0  3.765464306  3.852659464
23370.0  4.10172987  4.167999744
23360.0  4.539452553  4.385557652
23350.0  4.813666821  4.681552887
23340.0  5.372854233  5.310749054
23330.0  5.885288715  5.859210491
23320.0  6.335051537  6.360302925
23310.0  6.874121666  6.836147785
23300.0  7.606597424  7.514255524
23290.0  8.345071793  8.276272774
23280.0  9.049497604  8.919212341
23270.0  9.989163399  9.925093651
23260.0  10.91374207  10.87927628
23250.0  12.00747013  11.90327263
23240.0  13.17057037  13.16484928
23230.0  14.46555519  14.35411549
23220.0  15.88239098  15.73813534
23210.0  17.42821121  17.34511566
23200.0  19.25440788  19.07648659
23190.0  21.33254051  21.03266716
23180.0  23.37161636  23.15681458
23170.0  25.6301918  25.32009125
23160.0  28.14716339  27.80872345
23150.0  30.7693367  30.4836216
23140.0  33.88265228  33.47124863
23130.0  37.26231003  36.82205582
23120.0  40.52288818  40.03353119
23110.0  44.10020447  43.54309464
23100.0  48.05000687  47.43064117
23090.0  51.78281784  51.08683014
23080.0  55.66500473  54.9174614
23070.0  59.97317505  59.26470184
23060.0  63.90446854  63.15314102
23050.0  67.80587006  67.0633316
23040.0  71.97031403  71.19342041
23030.0  75.25135803  74.55182648
23020.0  78.60915375  77.83803558
23010.0  81.90463257  81.27827454
23000.0  84.45394897  83.7292099
22990.0  87.08045959  86.56039429
22980.0  89.17875671  88.61406708
22970.0  90.95094299  90.51301575
22960.0  92.53341675  91.96833038
22950.0  93.52783203  93.051651
22940.0  94.44381714  94.11780548
22930.0  95.18322754  94.92060852
22920.0  95.70101166  95.54052734
22910.0  96.35088348  95.98470306
22900.0  96.54169464  96.30522156
22890.0  96.57548523  96.32365417
22880.0  96.70057678  96.55887604
22870.0  96.64559174  96.45938873
22860.0  96.56169891  96.25778198
22850.0  96.72166443  96.6590271
22840.0  96.74653625  96.61319733
22830.0  96.66847229  96.45685577
22820.0  96.70890808  96.51659393
22810.0  96.49188232  96.34804535
22800.0  96.53210449  96.26213074
22790.0  96.63735962  96.46419525
22780.0  96.47887421  96.32190704
22770.0  96.67086792  96.46922302
22760.0  96.60926819  96.50804901
22750.0  96.5951767  96.40237427
22740.0  96.53479767  96.41947937
22730.0  96.87259674  96.66207886
22720.0  96.6367569  96.52248383
22710.0  96.76169586  96.5952301
22700.0  96.76829529  96.59903717
22690.0  96.78700256  96.66702271
22680.0  96.75187683  96.5550766
22670.0  96.84393311  96.66651154
22660.0  96.76858521  96.58255768
22650.0  96.8058548  96.53009796
22640.0  96.83296204  96.66815948
22630.0  96.74207306  96.52980042
22620.0  96.71933746  96.42227173
22610.0  96.61940002  96.32723236
22600.0  96.60323334  96.35997772
22590.0  96.50738525  96.23099518
22580.0  96.58776855  96.29969025
22570.0  96.4332962  96.16690826
22560.0  96.33905029  96.02088928
22550.0  96.34411621  96.10172272
22540.0  96.28201294  95.97730255
22530.0  96.20108032  95.88565826
22520.0  96.14016724  95.89129639
22510.0  96.0884552  95.78343201
22500.0  96.01317596  95.71700287
22490.0  96.0791626  95.79451752
22480.0  95.95528412  95.58822632
22470.0  95.96109772  95.59502411
22460.0  95.97814941  95.59156036
22450.0  95.74681854  95.49960327
22440.0  95.9197464  95.47132111
22430.0  95.94165039  95.59925842
22420.0  95.90768433  95.53691864
22410.0  95.97602081  95.61641693
22400.0  95.76583862  95.43566895
22390.0  95.96185303  95.65692139
22380.0  96.04907227  95.89541626
22370.0  95.93267059  95.6840744
22360.0  96.12223816  95.7701416
22350.0  96.10122681  95.96913147
22340.0  96.10097504  95.77348328
22330.0  96.1611557  95.78747559
22320.0  96.17828369  95.91300964
22310.0  96.17359924  95.94663239
22300.0  96.39192963  96.10852051
22290.0  96.33413696  96.10539246
22280.0  96.34934998  96.0431366
22270.0  96.44564819  96.20314026
22260.0  96.26792908  96.15596771
22250.0  96.40463257  96.19789886
22240.0  96.49816132  96.25405884
22230.0  96.41464996  96.20052338
22220.0  96.5470047  96.34041595
22210.0  96.49523163  96.24745178
22200.0  96.53507233  96.23078918
22190.0  96.41266632  96.30200195
22180.0  96.43617249  96.22125244
22170.0  96.59288025  96.48345947
22160.0  96.62548828  96.33924103
22150.0  96.74404144  96.49334717
22140.0  96.56195068  96.46400452
22130.0  96.54230499  96.21497345
22120.0  96.51847839  96.3913269
22110.0  96.54507446  96.40683746
22100.0  96.62329102  96.43663788
22090.0  96.72850037  96.57965088
22080.0  96.5305481  96.38948059
22070.0  96.530159  96.37792206
22060.0  96.51893616  96.28948212
22050.0  96.52611542  96.39607239
22040.0  96.55992889  96.39627075
22030.0  96.60030365  96.39930725
22020.0  96.63092804  96.42166138
22010.0  96.61790466  96.42956543
22000.0  96.39392853  96.23797607
21990.0  96.60482025  96.35643005
21980.0  96.53095245  96.38587952
21970.0  96.58918762  96.38217163
21960.0  96.65567017  96.54710388
21950.0  96.53613281  96.32897186
21940.0  96.56717682  96.39608002
21930.0  96.56264496  96.38408661
21920.0  96.56401062  96.34086609
21910.0  96.74967194  96.51268005
21900.0  96.52864838  96.32850647
21890.0  96.53765106  96.46697998
21880.0  96.54105377  96.3979187
21870.0  96.41999054  96.26586914
21860.0  96.59735107  96.44062805
21850.0  96.35146332  96.30237579
21840.0  96.42450714  96.20676422
21830.0  96.49632263  96.26950073
21820.0  96.38960266  96.17916107
21810.0  96.44355774  96.33177185
21800.0  96.39611816  96.33148193
21790.0  96.26204681  96.01662445
21780.0  96.29193878  96.17229462
21770.0  96.37757874  96.20133209
21760.0  96.32133484  96.2011261
21750.0  96.25415039  96.03323364
21740.0  96.21484375  96.02494812
21730.0  96.2707901  96.05014038
21720.0  96.33612823  96.07193756
21710.0  96.19363403  96.12141418
21700.0  96.27577972  96.08809662
21690.0  96.24320221  96.03787994
21680.0  96.1457901  95.87971497
21670.0  96.31001282  96.03752899
21660.0  96.43566132  96.15509796
21650.0  96.08473969  96.09409332
21640.0  96.25693512  96.03455353
21630.0  96.32378387  96.07545471
21620.0  96.23018646  95.92888641
21610.0  96.27347565  96.06053925
21600.0  96.19786072  96.09278107
21590.0  96.33908081  96.09651947
21580.0  96.35964966  96.22245789
21570.0  96.30831909  96.09967804
21560.0  96.35557556  96.14061737
21550.0  96.36846161  96.1145401
21540.0  96.42528534  96.1986618
21530.0  96.43190002  96.23754883
21520.0  96.56012726  96.28809357
21510.0  96.48822784  96.32582092
21500.0  96.53539276  96.22708893
21490.0  96.44772339  96.26615143
21480.0  96.65229034  96.39002991
21470.0  96.62133026  96.4364624
21460.0  96.69520569  96.46316528
21450.0  96.68471527  96.42588043
21440.0  96.64826202  96.36741638
21430.0  96.70059204  96.48531342
21420.0  96.5683136  96.49365234
21410.0  96.82215118  96.53627014
21400.0  96.81460571  96.55039215
21390.0  96.71296692  96.43263245
21380.0  96.78445435  96.56318665
21370.0  96.7090683  96.4210434
21360.0  96.85540009  96.66483307
21350.0  96.87045288  96.62185669
21340.0  96.86795807  96.62262726
21330.0  96.9070282  96.73994446
21320.0  96.91163635  96.55513763
21310.0  96.88680267  96.74520111
21300.0  96.94473267  96.79515839
21290.0  96.87068176  96.61738586
21280.0  96.87445831  96.65835571
21270.0  96.95035553  96.75930786
21260.0  96.9569397  96.76147461
21250.0  96.79668427  96.69975281
21240.0  96.80204773  96.59389496
21230.0  96.9730835  96.69287109
21220.0  96.799263  96.65549469
21210.0  97.06536865  96.79203033
21200.0  96.80984497  96.59979248
21190.0  96.79138947  96.61594391
21180.0  96.77549744  96.5565033
21170.0  96.87108612  96.63793182
21160.0  96.90002441  96.7569046
21150.0  96.77828217  96.67063904
21140.0  96.77697754  96.5668869
21130.0  96.69324493  96.48072052
21120.0  96.81335449  96.54931641
21110.0  96.76115417  96.6475296
21100.0  96.71846771  96.66419983
21090.0  96.7232666  96.48014832
21080.0  96.70800781  96.48368073
21070.0  96.6625061  96.52973175
21060.0  96.58190918  96.34070587
21050.0  96.73141479  96.57157898
21040.0  96.84696198  96.63001251
21030.0  96.54016876  96.4516449
21020.0  96.68943024  96.49263
21010.0  96.65634155  96.4284668
21000.0  96.84905243  96.61419678
20990.0  96.74864197  96.66368866
20980.0  96.68878174  96.5118866
20970.0  96.68585205  96.61400604
20960.0  96.68299866  96.53251648
20950.0  96.85105896  96.5723877
20940.0  96.77231598  96.62756348
20930.0  96.74217987  96.66316986
20920.0  96.82915497  96.59616089
20910.0  97.04252625  96.85648346
20900.0  96.61112976  96.63509369
20890.0  96.78482056  96.63275146
20880.0  96.99282837  96.76033783
20870.0  96.84392548  96.79527283
20860.0  96.93496704  96.74967194
20850.0  97.04358673  96.78160858
20840.0  96.94754791  96.73915863
20830.0  97.04811859  96.87953949
20820.0  96.94545746  96.80377197
20810.0  97.02153015  96.78134155
20800.0  97.077034  96.92486572
20790.0  96.99354553  96.71157837
20780.0  97.03956604  96.86575317
20770.0  96.96557617  96.6055603
20760.0  96.97703552  96.83644104
20750.0  96.94350433  96.91226196
20740.0  97.03993988  96.84310913
20730.0  96.88504028  96.66173553
20720.0  96.9239502  96.66234589
20710.0  96.86055756  96.6140976
20700.0  96.81545258  96.60152435
20690.0  96.93558502  96.64375305
20680.0  96.81926727  96.62599945
20670.0  96.87945557  96.68402863
20660.0  96.47258759  96.35983276
20650.0  96.62446594  96.33591461
20640.0  96.83467865  96.60388947
20630.0  96.67877197  96.45314026
20620.0  96.58978271  96.39215851
20610.0  96.54496765  96.19937134
20600.0  96.41306305  96.19254303
20590.0  96.36875153  96.16530609
20580.0  96.44799042  96.31581879
20570.0  96.41300964  96.17579651
20560.0  96.38442993  96.22090149
20550.0  96.23405457  96.13096619
20540.0  96.28487396  96.06630707
20530.0  96.30238342  96.01772308
20520.0  96.19995117  96.08368683
20510.0  96.24357605  96.08422852
20500.0  96.25087738  96.02377319
20490.0  96.05077362  95.84870911
20480.0  96.01721191  95.90197754
20470.0  96.17727661  95.98403168
20460.0  96.15618134  95.93755341
20450.0  95.99707031  95.84286499
20440.0  96.21735382  96.04094696
20430.0  96.06155396  95.84627533
20420.0  96.16119385  95.96205139
20410.0  96.14177704  95.94623566
20400.0  96.20059967  96.0438385
20390.0  96.17791748  95.95500183
20380.0  96.19657135  96.03624725
20370.0  96.1749649  95.98414612
20360.0  96.34420013  96.12347412
20350.0  96.36193848  96.1526947
20340.0  96.40892792  96.18878174
20330.0  96.39351654  96.18218994
20320.0  96.42423248  96.27709198
20310.0  96.42207336  96.32597351
20300.0  96.48388672  96.34471893
20290.0  96.65510559  96.41773987
20280.0  96.58072662  96.35424805
20270.0  96.64467621  96.46068573
20260.0  96.66983795  96.37859344
20250.0  96.64148712  96.38978577
20240.0  96.63872528  96.45941925
20230.0  96.75070953  96.56496429
20220.0  96.52786255  96.3358078
20210.0  96.51275635  96.25973511
20200.0  96.57115936  96.38479614
20190.0  96.46994781  96.29444122
20180.0  96.45637512  96.22833252
20170.0  96.17127991  95.87459564
20160.0  96.03256226  95.85016632
20150.0  95.77068329  95.72927094
20140.0  95.62795258  95.510849
20130.0  95.12743378  95.07254028
20120.0  94.48639679  94.58759308
20110.0  93.87770081  94.05641174
20100.0  92.97868347  93.24541473
20090.0  91.87366486  92.34244537
20080.0  90.53039551  91.24950409
20070.0  88.75617981  89.87940979
20060.0  86.82691193  88.05553436
20050.0  84.40694427  85.98761749
20040.0  81.82844543  83.82337189
20030.0  78.84939575  81.1542511
20020.0  75.68321991  78.22782898
20010.0  72.10511017  74.98951721
20000.0  68.22251892  71.44030762
19990.0  64.51924133  67.92367554
19980.0  60.70617294  64.27120972
19970.0  56.37641525  60.20820236
19960.0  52.54988861  56.35969162
19950.0  48.28518295  52.14435577
19940.0  44.65636063  48.60471344
19930.0  41.10602951  44.9166832
19920.0  37.59320831  41.29381561
19910.0  34.46642303  37.93928909
19900.0  31.53339577  34.82115555
19890.0  28.75492477  32.07116318
19880.0  26.28959084  29.32444
19870.0  24.1911602  26.97066879
19860.0  21.96270752  24.60295868
19850.0  20.01657867  22.43219376
19840.0  18.38515091  20.63838768
19830.0  16.75837898  18.85455513
19820.0  15.35308075  17.29730797
19810.0  14.04732513  15.85996723
19800.0  12.89256191  14.46620083
19790.0  11.74250507  13.30156803
19780.0  10.84881687  12.19353962
19770.0  9.808642387  11.0951767
19760.0  9.007694244  10.10363293
19750.0  8.140539169  9.21254921
19740.0  7.460587502  8.421071053
19730.0  6.722131252  7.571156979
19720.0  6.15481329  6.953735828
19710.0  5.735343456  6.191389084
19700.0  4.998224258  5.689546108
19690.0  4.514631748  5.165793419
19680.0  4.063220978  4.551206112
19670.0  3.572112799  4.133663654
19660.0  3.273120403  3.678516626
19650.0  2.972625017  3.285395622
19640.0  2.726250172  2.881026268
19630.0  2.23472929  2.498751879
19620.0  2.167984962  2.501772165
19610.0  1.961419225  2.072003365
19600.0  1.721154571  1.931149364
19590.0  1.482949972  1.633853078
19580.0  1.37877059  1.44812727
19570.0  1.228064775  1.29792583
19560.0  1.130412221  1.21336627
19550.0  0.830502152  1.183373809
19540.0  0.89228785  0.967559218
19530.0  0.85379827  0.954521239
19520.0  0.827684879  0.833950818
19510.0  0.724801421  0.722364366
19500.0  0.575408518  0.663987517
19490.0  0.504352272  0.563932419
19480.0  0.586284697  0.643949807
19470.0  0.496272504  0.560000598
19460.0  0.425695688  0.689238966
19450.0  0.450636119  0.368807912
19440.0  0.341737419  0.336167544
19430.0  0.290483445  0.366836578
19420.0  0.392036051  0.383410275
19410.0  0.267623484  0.354795247
19400.0  0.311099142  0.254701138
19390.0  0.194350049  0.25353545
19380.0  0.321686983  0.369595021
19370.0  0.360707134  0.356919587
19360.0  0.271786273  0.396263182
19350.0  0.194885403  0.15270403
19340.0  0.402504116  0.408206612
19330.0  0.237997755  0.174190715
19320.0  0.306803912  0.141963095
19310.0  0.233638778  0.329102308
19300.0  0.172826886  0.278324395
19290.0  0.07611189  0.167294785
19280.0  0.187464818  0.211212814
19270.0  0.297062635  0.225263879
19260.0  0.120652281  0.125985205
19250.0  0.178073168  0.148688629
19240.0  0.244086772  0.170447916
19230.0  0.231024176  0.198431894
19220.0  0.234801665  0.222829104
19210.0  0.248872668  0.216298595
19200.0  0.237809524  0.075999998
19190.0  0.08054322  0.173585653
19180.0  0.071880423  0.129294559
19170.0  0.118904106  0.178059548
19160.0  0.195874363  0.147674695
19150.0  0.163722888  0.090239681
19140.0  0.117509008  0.128085598
19130.0  0.270261675  0.260192543
19120.0  0.018758789  0.079533681
19110.0  0.159877777  0.151692778
19100.0  0.133081302  0.110801883
19090.0  0.145639241  0.145851463
19080.0  0.160949916  0.107832871
19070.0  0.164460883  0.202719152
19060.0  0.014282515  0.126617163
19050.0  0.240043476  0.201624423
19040.0  0.078085333  0.022095572
19030.0  0.097791664  0.160877734
19020.0  0.147312492  0.175639257
19010.0  0.074189194  0.10416688
19000.0  0.206067979  0.189228758
18990.0  -0.025143459  0.001187012
18980.0  0.131904945  0.06773223
18970.0  0.080503032  0.14938803
18960.0  0.084664099  0.038014419
18950.0  0.095579199  0.114631265
18940.0  0.084419042  0.09688244
18930.0  0.09882848  0.071104817
18920.0  0.132527173  0.246319145
18910.0  0.079001233  0.131501868
18900.0  0.246634364  0.211749926
18890.0  0.164127782  0.128708303
18880.0  0.121750809  0.164954647
18870.0  0.155176401  0.345434606
18860.0  0.202051014  0.177105323
18850.0  0.224333286  0.202515677
18840.0  0.118501522  0.149281338
18830.0  0.075811483  0.083664708
18820.0  0.132280022  0.019216316
18810.0  0.160444126  0.118989088
18800.0  0.163720623  0.103893213
18790.0  0.139614269  0.147744909
18780.0  0.065281041  0.090877645
18770.0  0.112566948  0.269094825
18760.0  0.146357819  0.115819402
18750.0  0.114857242  0.091451637
18740.0  0.016118363  0.011258132
18730.0  0.288999558  0.337346584
18720.0  0.152107731  0.106262751
18710.0  0.267609477  0.229286164
18700.0  0.041114248  0.078508921
18690.0  0.057880852  0.153290987
18680.0  0.245865807  0.231436238
18670.0  0.106438831  0.109847672
18660.0  -0.030563699  0.00382377
18650.0  0.167017832  0.14926225
18640.0  0.258592278  0.22279352
18630.0  0.174837023  0.147753283
18620.0  0.076730199  0.09794502
18610.0  0.021107364  -0.00241937
18600.0  0.203139737  0.245035604
18590.0  0.097990632  0.173948303
18580.0  0.07812731  0.065389335
18570.0  0.198626384  0.190438181
18560.0  0.139356583  0.117472947
18550.0  0.096152999  0.059746198
18540.0  0.103558742  0.115098223
18530.0  -0.008143874  -0.020356631
18520.0  0.072181568  0.093068503
18510.0  0.136120051  0.141601473
18500.0  0.079463542  0.110782273
18490.0  0.085649282  0.016012823
18480.0  0.14063628  0.211392909
18470.0  0.165698797  0.349673688
18460.0  0.072942644  0.008656139
18450.0  0.031354852  -0.023680316
18440.0  0.157518163  0.077981472
18430.0  -0.044379637  0.016643709
18420.0  0.099703774  0.168737948
18410.0  0.138524681  0.064473033
18400.0  0.236247391  0.257188231
18390.0  -0.040043898  -0.000453792
18380.0  0.144609049  0.137144521
18370.0  0.075281516  0.233269319
18360.0  0.116821565  0.01112823
18350.0  0.068819746  0.007954286
18340.0  0.062621847  0.08867532
18330.0  0.115966834  0.091470785
18320.0  0.017784469  0.065781303
18310.0  0.12909691  0.128961578
18300.0  0.034146599  0.04536286
18290.0  0.206402123  0.073099613
18280.0  0.025502607  0.202505946
18270.0  0.142508104  -0.010128647
18260.0  0.302415729  0.393382311
18250.0  0.210640296  0.243298307
18240.0  0.048009194  0.33479768
18230.0  0.075913824  -0.056059659
18220.0  0.147600755  0.127706811
18210.0  0.138320819  0.134720624
18200.0  0.260051072  0.135548547
18190.0  0.095891118  0.048408609
18180.0  0.178880423  0.095574521
18170.0  0.125659779  0.124508977
18160.0  0.149881467  0.157008037
18150.0  0.215594053  0.18684803
18140.0  0.021442363  0.012661328
18130.0  0.172268719  0.169930562
18120.0  0.055508722  0.079822369
18110.0  0.094525136  0.062808618
18100.0  0.113851138  0.114672057
18090.0  -0.023648936  -0.01524372
18080.0  0.118045077  0.035665572
18070.0  0.007406858  0.060547188
18060.0  0.155344948  0.206536084
18050.0  0.063793175  0.051041793
18040.0  0.078321859  0.122104108
18030.0  0.201381043  0.192816734
18020.0  0.024265714  0.079729728
18010.0  0.238434315  0.246434942
18000.0  0.116446413  -0.022730349
