# ED537	MKO Y 1020/100nm HP: 970-1070nm	
# Information in red is the Room temp (298K) measured data for the delivered 80mm diameter filter	
#		
# ED537-1		ED537-2
# 80mm Dia X 5mm Thick		
# Measured at Center of part		
#	298K	298K
#peakT%	79.14382172	79.30427551
#Cut-on:	974.16	973.89
#Cut-off:	1071.54	1071.88
#wl(nm)	T%	T%
1140	0	0.004904438
1139.75	0	0.001635097
1139.5	-0.006402216	0.014593788
1139.25	-0.004902998	0.003269758
1139	-0.001633381	0.01140519
1138.75	-0.006478631	-0.008111289
1138.5	-0.006632834	-0.003364084
1138.25	-0.0032176	0.011175219
1138	0.014445318	0.012923718
1137.75	0.001640172	0.004900725
1137.5	-0.009928879	0.006579768
1137.25	-0.006440778	0.011282127
1137	-0.008164562	0.003259121
1136.75	0.004885214	0.008179313
1136.5	0.006509567	0.009770556
1136.25	-0.003249443	0.009810513
1136	-0.005514855	0.005431221
1135.75	0	0.003017995
1135.5	-0.00819423	0.011643989
1135.25	-0.001628151	0.016292799
1135	0.003307368	-0.003286623
1134.75	0.006773742	0.008438965
1134.5	0.003388674	0.015053248
1134.25	-0.007516478	-0.001518878
1134	-0.006863886	0.00346518
1133.75	-0.009503856	0.011021625
1133.5	-0.001685771	0.006714487
1133.25	-0.004801758	0.009666311
1133	0.001625481	0.009738988
1132.75	-0.009797829	0.021279546
1132.5	0.00327082	-0.006582706
1132.25	-0.001637437	0.009701822
1132	0.001627197	0
1131.75	0.001617326	0.001627641
1131.5	0	0.009945998
1131.25	-0.003266866	0.004838534
1131	-0.006542448	0.011390464
1130.75	-0.003257805	0.011472923
1130.5	0.001617559	0.022815138
1130.25	0.004935721	0.004878756
1130	-0.013249852	0.011486003
1129.75	0.004869492	0.008331403
1129.5	0.011425294	-0.00156334
1129.25	0.009688866	0.014697543
1129	0.003249681	0.019719515
1128.75	0.006557816	0.014526674
1128.5	-0.001642503	0.001671405
1128.25	0.001621484	0.009637439
1128	-0.001616974	0.011552316
1127.75	0.005192916	0.013417711
1127.5	0.003061807	0.009294266
1127.25	0.005021032	0.023213018
1127	0.004722791	0.01770458
1126.75	0.001632287	0
1126.5	0.004888325	0.009782737
1126.25	-0.006585995	0.001669295
1126	0.014675812	0.003209158
1125.75	0	0.019647615
1125.5	0.011859489	0.006685712
1125.25	0.001659566	0.004832441
1125	0	0.007897908
1124.75	0	0.009770265
1124.5	0.013020614	0.013057885
1124.25	0.003289948	0.006536376
1124	-0.001631622	0.014696328
1123.75	0.005069994	0.017014144
1123.5	0.00159281	0.003092349
1123.25	0.00318641	0.009779821
1123	-0.003261992	0.011454325
1122.75	0.006756886	0.006868188
1122.5	0.004719944	0.009257188
1122.25	0.013504582	0.0133283
1122	0.001588971	0.009932768
1121.75	0	0.015907092
1121.5	0	0.009767057
1121.25	0.013477803	0.016744405
1121	0.01084359	0.0094842
1120.75	-0.003274325	0.013054403
1120.5	0.006544112	0.013154856
1120.25	0.001697517	0.015007068
1120	-0.003080119	0.006437615
1119.75	0.00986847	0.024152564
1119.5	0.001630089	0.014807194
1119.25	0.004995875	0.019645855
1119	0.008067502	0.017869918
1118.75	0.011479866	0.009777911
1118.5	0.003231606	0.01304044
1118.25	0	0.014896125
1118	-0.003115959	0.012846472
1117.75	0.008202553	0.00648408
1117.5	0.001649607	0.011699063
1117.25	0.001638344	0.01804072
1117	0	0.014313585
1116.75	-0.001650876	0.019713016
1116.5	0.009857055	0.016460344
1116.25	-0.003244913	0.016072763
1116	0.014493012	0.020970467
1115.75	0.003280279	0.009853547
1115.5	0.009831467	0.019606292
1115.25	0.009770473	0.006536253
1115	0.010025138	0.0212286
1114.75	0.004844876	0.019459723
1114.5	0.019593565	0.01797598
1114.25	0.00982038	0.014735049
1114	0.004915507	0.009837258
1113.75	0.016398825	0.019583076
1113.5	0.01623426	0.012956083
1113.25	0.013103579	0.013093479
1113	0.013071177	0.013100531
1112.75	0.011400701	0.016345479
1112.5	0.01310128	0.011485807
1112.25	0.008169101	0.014594316
1112	0.021260355	0.011449154
1111.75	0.011454592	0.011449183
1111.5	0.019725408	0.021469064
1111.25	0.016305111	0.022867819
1111	0.016348526	0.030990219
1110.75	0.022923842	0.016375043
1110.5	0.016373858	0.022988573
1110.25	0.024425581	0.026121657
1110	0.026288597	0.014727192
1109.75	0.02126536	0.024566526
1109.5	0.02454512	0.03442828
1109.25	0.021315252	0.031174697
1109	0.029474596	0.030919874
1108.75	0.021336067	0.034394562
1108.5	0.034107767	0.029391866
1108.25	0.031048303	0.039288633
1108	0.022962468	0.034447778
1107.75	0.029462079	0.02619678
1107.5	0.032764733	0.045896862
1107.25	0.037720934	0.042341132
1107	0.026226763	0.037793927
1106.75	0.034346592	0.04076409
1106.5	0.036115132	0.037803937
1106.25	0.042319223	0.04252189
1106	0.031188985	0.052228417
1105.75	0.034265894	0.040933736
1105.5	0.032828808	0.042565927
1105.25	0.039053451	0.042654432
1105	0.032818407	0.040759318
1104.75	0.042373963	0.044281855
1104.5	0.034288399	0.058732599
1104.25	0.047465067	0.054026518
1104	0.039315093	0.049016327
1103.75	0.042591091	0.042624447
1103.5	0.042635169	0.045946427
1103.25	0.045933619	0.05221938
1103	0.044324413	0.049265537
1102.75	0.045622215	0.063679852
1102.5	0.05917627	0.060607679
1102.25	0.060369715	0.06563811
1102	0.06087324	0.073893227
1101.75	0.0523347	0.064886592
1101.5	0.062385336	0.074951828
1101.25	0.055824064	0.065844633
1101	0.069103204	0.065758996
1100.75	0.071746111	0.066771448
1100.5	0.071959928	0.077930897
1100.25	0.067219771	0.072836012
1100	0.077071629	0.077317417
1099.75	0.076555744	0.079195268
1099.5	0.07764484	0.080418751
1099.25	0.07943327	0.091772497
1099	0.08318688	0.091205746
1098.75	0.100881189	0.087033495
1098.5	0.086937763	0.091569655
1098.25	0.094466507	0.088717178
1098	0.102788918	0.101412445
1097.75	0.107221372	0.097169772
1097.5	0.095839247	0.113284424
1097.25	0.111758135	0.109457888
1097	0.11073073	0.11111293
1096.75	0.11683806	0.123591304
1096.5	0.11963921	0.127913564
1096.25	0.125739694	0.131539926
1096	0.143795639	0.128069997
1095.75	0.129298732	0.144564077
1095.5	0.139539868	0.135093212
1095.25	0.148793131	0.159286365
1095	0.156016782	0.149665177
1094.75	0.161375806	0.16924189
1094.5	0.175120503	0.176162332
1094.25	0.179911926	0.183177173
1094	0.183259115	0.186204404
1093.75	0.198470339	0.19862549
1093.5	0.204222411	0.198484048
1093.25	0.201272756	0.210289165
1093	0.226905018	0.230308756
1092.75	0.232781306	0.236470699
1092.5	0.239168435	0.246760383
1092.25	0.2492055	0.271969557
1092	0.258858502	0.279462308
1091.75	0.283970535	0.290366441
1091.5	0.299037725	0.307264417
1091.25	0.303866446	0.318539202
1091	0.336813867	0.333733708
1090.75	0.331928551	0.347461551
1090.5	0.359768421	0.374258131
1090.25	0.380554378	0.393342227
1090	0.407902956	0.418923974
1089.75	0.412970364	0.445063055
1089.5	0.443449527	0.470368475
1089.25	0.461701214	0.520510554
1089	0.500055254	0.536802292
1088.75	0.517989039	0.553996563
1088.5	0.557840049	0.594295442
1088.25	0.593082607	0.625043333
1088	0.628365099	0.669788718
1087.75	0.666113675	0.701616585
1087.5	0.69663471	0.754335642
1087.25	0.743267119	0.787698031
1087	0.788929761	0.836123228
1086.75	0.836846054	0.895352006
1086.5	0.884901464	0.944035053
1086.25	0.934808612	1.011090875
1086	1.004873633	1.074077845
1085.75	1.072470427	1.134734273
1085.5	1.132107496	1.217007041
1085.25	1.209552288	1.289849639
1085	1.283460498	1.383141518
1084.75	1.371633887	1.458907008
1084.5	1.46243012	1.557025433
1084.25	1.557095528	1.664179325
1084	1.653665304	1.762247801
1083.75	1.776504278	1.896909833
1083.5	1.89388299	2.013608694
1083.25	2.02996254	2.16073823
1083	2.154025793	2.294678926
1082.75	2.313463449	2.465959549
1082.5	2.474958181	2.637378216
1082.25	2.627251625	2.80516696
1082	2.825312614	3.004292488
1081.75	3.001677513	3.203814507
1081.5	3.247758865	3.462441921
1081.25	3.477476835	3.694036961
1081	3.705000401	3.95664835
1080.75	3.98489356	4.264101982
1080.5	4.226846695	4.527319431
1080.25	4.569582939	4.878593922
1080	4.832956314	5.167597294
1079.75	5.211072922	5.575754642
1079.5	5.597681522	5.989949226
1079.25	5.96054554	6.393526554
1079	6.442873955	6.900656223
1078.75	6.845281124	7.342871189
1078.5	7.355872631	7.880047798
1078.25	7.837141991	8.406855583
1078	8.419870377	9.039532661
1077.75	9.06973362	9.721295357
1077.5	9.632977486	10.37042427
1077.25	10.36725903	11.16407108
1077	10.99271202	11.8362484
1076.75	11.8283329	12.70707989
1076.5	12.60112095	13.53967476
1076.25	13.44687366	14.4849968
1076	14.4753933	15.55497456
1075.75	15.31522465	16.49225807
1075.5	16.42568207	17.685812
1075.25	17.37025833	18.71601105
1075	18.51393318	19.96303558
1074.75	19.69413567	21.21448898
1074.5	20.90572548	22.55075455
1074.25	22.39378166	24.09877968
1074	23.5746479	25.38209534
1073.75	25.09917068	27.00635529
1073.5	26.41399193	28.40553856
1073.25	27.94245148	30.04039764
1073	29.52770805	31.65905762
1072.75	31.07123375	33.35619736
1072.5	32.94372559	35.26373672
1072.25	34.51854324	37.00429153
1072	36.30752945	38.8062439
1071.75	38.01623917	40.54063416
1071.5	39.82735443	42.4624176
1071.25	41.73756409	44.29594421
1071	43.37475967	46.05256271
1070.75	45.49688721	48.24883652
1070.5	47.07595444	49.77489853
1070.25	49.05957413	51.78919601
1070	50.90740204	53.62775421
1069.75	52.56319809	55.25901794
1069.5	54.62718582	57.10882568
1069.25	56.12460327	58.75376511
1069	58.00582123	60.53921509
1068.75	59.5414772	62.00038147
1068.5	61.08453369	63.52258301
1068.25	62.79455948	65.04927063
1068	64.03691864	66.2543335
1067.75	65.66837311	67.62609863
1067.5	66.8820343	68.7791748
1067.25	68.28347778	69.98605347
1067	69.45908356	70.97026062
1066.75	70.49734497	71.99178314
1066.5	71.52165222	72.82789612
1066.25	72.4667511	73.61465454
1066	73.46478271	74.47270966
1065.75	73.95887756	74.93994904
1065.5	74.7594986	75.63854218
1065.25	75.45279694	76.20137787
1065	76.15613556	76.69406891
1064.75	76.56095886	77.1164856
1064.5	77.01507568	77.43440247
1064.25	77.48313904	77.81650543
1064	77.75400543	78.02267456
1063.75	78.11460876	78.20315552
1063.5	78.34840393	78.39402008
1063.25	78.5378952	78.61004639
1063	78.65513611	78.55309296
1062.75	78.79451752	78.68108368
1062.5	78.84746552	78.68817139
1062.25	79.0475769	78.83843231
1062	78.9821701	78.80162048
1061.75	79.09281158	78.71809387
1061.5	79.09103394	78.81674957
1061.25	78.99343872	78.70326996
1061	78.96183014	78.55939484
1060.75	78.90528107	78.54836273
1060.5	78.93863678	78.48851776
1060.25	78.84824371	78.41810608
1060	78.80292511	78.38135529
1059.75	78.70340729	78.27826691
1059.5	78.66575623	78.25830078
1059.25	78.59307098	78.13243103
1059	78.51496887	78.11923981
1058.75	78.37893677	78.03456879
1058.5	78.40105438	77.96812439
1058.25	78.30675507	77.98190308
1058	78.22329712	77.88552856
1057.75	78.18344879	77.81565094
1057.5	78.1674881	77.8513031
1057.25	78.0539856	77.77229309
1057	78.12757111	77.84854889
1056.75	78.06793213	77.83829498
1056.5	78.11016083	77.81481934
1056.25	77.99999237	77.82173157
1056	78.01667023	77.82936096
1055.75	78.0096817	77.7853775
1055.5	78.03617096	77.9065094
1055.25	78.01239777	77.84928894
1055	78.05318451	77.95700073
1054.75	78.00847626	77.96243286
1054.5	78.07241058	77.97714996
1054.25	78.09796143	78.10413361
1054	78.10874939	78.07724762
1053.75	78.18383789	78.19213867
1053.5	78.19815063	78.1829834
1053.25	78.27103424	78.25785065
1053	78.32184601	78.3347168
1052.75	78.36207581	78.29319
1052.5	78.41937256	78.43826294
1052.25	78.41242981	78.55988312
1052	78.4681015	78.50512695
1051.75	78.60113525	78.64936829
1051.5	78.50535583	78.6254425
1051.25	78.62689209	78.68507385
1051	78.62847137	78.83552551
1050.75	78.70141602	78.78258514
1050.5	78.78450775	78.96543121
1050.25	78.86771393	79.00844574
1050	78.81854248	78.99156189
1049.75	78.8346405	79.02536011
1049.5	78.89558411	79.01670837
1049.25	78.99101257	79.13200378
1049	79.00938416	79.21437073
1048.75	79.00327301	79.16629028
1048.5	79.02874756	79.14167786
1048.25	79.0550766	79.22834015
1048	79.02212524	79.11582947
1047.75	79.06602478	79.19155884
1047.5	79.10248566	79.18930817
1047.25	79.06006622	79.27854156
1047	79.09957123	79.30427551
1046.75	79.05200958	79.10887909
1046.5	79.12126923	79.24052429
1046.25	79.03275299	79.3010025
1046	79.06654358	79.15653229
1045.75	79.02277374	79.23332977
1045.5	79.14382172	79.21277618
1045.25	79.05091858	79.26841736
1045	79.07086945	79.24440002
1044.75	79.01108551	79.16736603
1044.5	79.06072998	79.24279785
1044.25	79.05659485	79.24095154
1044	78.99272156	79.12143707
1043.75	78.94573212	79.11820984
1043.5	78.98193359	79.07841492
1043.25	78.93618011	79.09487152
1043	78.92463684	79.06611633
1042.75	78.96404266	79.06879425
1042.5	78.87423706	79.05844116
1042.25	78.87985992	79.02006531
1042	78.81440735	78.99224854
1041.75	78.83023071	78.94446564
1041.5	78.81634521	78.95277405
1041.25	78.79431915	79.03569794
1041	78.77113342	78.87942505
1040.75	78.78636169	78.9497757
1040.5	78.74389648	78.91286469
1040.25	78.74694824	78.87351227
1040	78.75225067	78.93817139
1039.75	78.71107483	78.93585968
1039.5	78.66847229	78.8744278
1039.25	78.67261505	78.95140076
1039	78.69563293	78.8151474
1038.75	78.67353821	78.96482849
1038.5	78.64146423	78.83956909
1038.25	78.65740967	78.78116608
1038	78.60601807	78.82814789
1037.75	78.65387726	78.79602051
1037.5	78.60691833	78.81435394
1037.25	78.66011047	78.7807312
1037	78.59246826	78.72187042
1036.75	78.61029053	78.78918457
1036.5	78.59784698	78.71944427
1036.25	78.58846283	78.64386749
1036	78.58654785	78.82450867
1035.75	78.55657196	78.75853729
1035.5	78.59825134	78.82130432
1035.25	78.55057526	78.78529358
1035	78.58855438	78.73139954
1034.75	78.49506378	78.79786682
1034.5	78.46492767	78.63368225
1034.25	78.56827545	78.7454834
1034	78.50151825	78.67059326
1033.75	78.46240234	78.58084106
1033.5	78.45048523	78.65380859
1033.25	78.44718933	78.55584717
1033	78.46624756	78.54936981
1032.75	78.39725494	78.55899048
1032.5	78.45813751	78.47395325
1032.25	78.42630768	78.52279663
1032	78.37760925	78.42726135
1031.75	78.34970093	78.43091583
1031.5	78.2947464	78.38108826
1031.25	78.23260498	78.28727722
1031	78.20278931	78.26953125
1030.75	78.16832733	78.21675873
1030.5	78.10540009	78.08904266
1030.25	78.12561035	78.09888458
1030	78.03121948	78.06682587
1029.75	77.98028564	77.90593719
1029.5	77.98690796	77.99308014
1029.25	77.96035767	77.85164642
1029	77.86289215	77.83981323
1028.75	77.77542877	77.82731628
1028.5	77.70839691	77.71723175
1028.25	77.60118103	77.57076263
1028	77.56040955	77.54697418
1027.75	77.54153442	77.47068787
1027.5	77.48796082	77.35526276
1027.25	77.42886353	77.36816406
1027	77.21821594	77.21624756
1026.75	77.38624573	77.32220459
1026.5	77.13288879	76.96193695
1026.25	77.07054901	76.97894287
1026	76.98194122	76.86113739
1025.75	77.01490021	76.90869141
1025.5	76.88739014	76.79470062
1025.25	76.78262329	76.7056427
1025	76.69142914	76.67009735
1024.75	76.73249817	76.6135788
1024.5	76.53032684	76.45282745
1024.25	76.53498077	76.47813416
1024	76.47694397	76.36792755
1023.75	76.3948822	76.33503723
1023.5	76.32867432	76.32966614
1023.25	76.26126099	76.17417145
1023	76.17910767	76.10875702
1022.75	76.15892029	76.13066864
1022.5	75.94521332	76.01393127
1022.25	76.02040863	75.99841309
1022	75.94942474	75.94288635
1021.75	75.76573181	75.80169678
1021.5	75.88783264	75.87901306
1021.25	75.65478516	75.71578217
1021	75.74900055	75.76980591
1020.75	75.66739655	75.70175934
1020.5	75.55860138	75.58669281
1020.25	75.56174469	75.59054565
1020	75.50467682	75.57371521
1019.75	75.45606232	75.48171997
1019.5	75.4407196	75.51387787
1019.25	75.35389709	75.42175293
1019	75.32374573	75.40406799
1018.75	75.30284882	75.44317627
1018.5	75.25987244	75.33146667
1018.25	75.24212646	75.34307861
1018	75.20394135	75.33140564
1017.75	75.16304016	75.27719116
1017.5	75.12963104	75.29478455
1017.25	75.10568237	75.23947144
1017	75.05380249	75.20217133
1016.75	75.07873535	75.2335968
1016.5	75.04564667	75.15461731
1016.25	74.99617004	75.16763306
1016	74.95507813	75.16584015
1015.75	74.94057465	75.09793854
1015.5	74.94429016	75.11209106
1015.25	74.88336182	75.08355713
1015	74.9434433	75.10600281
1014.75	74.99467468	75.10313416
1014.5	74.840065	75.04305267
1014.25	74.93856812	75.02407074
1014	74.84404755	75.00404358
1013.75	74.81800079	74.96642303
1013.5	74.85996246	75.04875946
1013.25	74.83911133	74.98207092
1013	74.79295349	74.97104645
1012.75	74.83023834	74.99407196
1012.5	74.73623657	74.89865875
1012.25	74.77788544	74.92901611
1012	74.73310089	74.9159317
1011.75	74.77922821	74.91538239
1011.5	74.7022171	74.83626556
1011.25	74.71578979	74.786026
1011	74.67342377	74.76701355
1010.75	74.68791962	74.77562714
1010.5	74.60497284	74.64606476
1010.25	74.65595245	74.66750336
1010	74.62935638	74.68113708
1009.75	74.60311127	74.61977386
1009.5	74.56163025	74.62397003
1009.25	74.50888824	74.52770996
1009	74.47694397	74.49762726
1008.75	74.52728271	74.55042267
1008.5	74.45845032	74.46002197
1008.25	74.42735291	74.40522003
1008	74.40300751	74.41024017
1007.75	74.35697937	74.37230682
1007.5	74.38195801	74.37892914
1007.25	74.36755371	74.34432983
1007	74.25905609	74.26078033
1006.75	74.26216888	74.35945892
1006.5	74.24411774	74.21774292
1006.25	74.17103577	74.18524933
1006	74.2041626	74.20328522
1005.75	74.2169342	74.19140625
1005.5	74.18480682	74.2381897
1005.25	74.10726929	74.06607056
1005	74.07887268	74.07377625
1004.75	74.10066986	74.16100311
1004.5	74.1233139	74.05967712
1004.25	74.01760101	74.05502319
1004	73.99936676	74.0123291
1003.75	73.97263336	73.97583008
1003.5	73.99829865	73.97715759
1003.25	73.95853424	73.9597168
1003	73.93423462	73.97116852
1002.75	73.98022461	73.95214081
1002.5	73.90908813	73.97349548
1002.25	73.93434906	73.94839478
1002	73.92813873	74.00476837
1001.75	73.90861511	73.92645264
1001.5	73.91491699	73.98423767
1001.25	73.85909271	73.93584442
1001	73.92371368	74.07318115
1000.75	73.93267822	73.97247314
1000.5	73.87483978	73.95780182
1000.25	73.86930084	74.03699493
1000	73.88045502	73.99827576
999.75	73.92343903	74.02345276
999.5	73.89543915	74.08182526
999.25	73.9151001	74.13841248
999	73.92118073	74.14151001
998.75	73.91493988	74.09145355
998.5	73.91496277	74.07051086
998.25	73.9012146	74.16565704
998	73.90106201	74.06660461
997.75	73.89205933	74.13409424
997.5	73.92964935	74.14186859
997.25	73.88393402	74.14992523
997	73.94728088	74.23194885
996.75	73.93571472	74.20055389
996.5	73.91999817	74.21253204
996.25	73.92634583	74.25205231
996	73.89376831	74.15505981
995.75	73.94163513	74.26638794
995.5	73.91316223	74.24204254
995.25	73.8631134	74.153862
995	73.88385773	74.28381348
994.75	73.87218475	74.16517639
994.5	73.83538055	74.14717865
994.25	73.83587646	74.17904663
994	73.83927917	74.25750732
993.75	73.81954193	74.23001862
993.5	73.73718262	74.08300781
993.25	73.73726654	74.17475891
993	73.7022171	74.13440704
992.75	73.68187714	73.99150848
992.5	73.65351868	73.99271393
992.25	73.63647461	74.00099945
992	73.60582733	74.0350647
991.75	73.51426697	73.91130829
991.5	73.4358902	73.88326263
991.25	73.43731689	73.92627716
991	73.40975189	73.84729767
990.75	73.38404846	73.84749603
990.5	73.31404114	73.80722046
990.25	73.24796295	73.7412796
990	73.17591095	73.68352509
989.75	73.16235352	73.61183167
989.5	73.0989151	73.58982849
989.25	73.05263519	73.55161285
989	72.97837067	73.43478394
988.75	72.98983002	73.51206207
988.5	72.92127991	73.40242004
988.25	72.8515625	73.34720612
988	72.81040192	73.3675766
987.75	72.76463318	73.2698288
987.5	72.70565033	73.22966766
987.25	72.71897125	73.25786591
987	72.64723969	73.15128326
986.75	72.60597992	73.2447052
986.5	72.58230591	73.07963562
986.25	72.5350647	73.01612091
986	72.58053589	73.14492035
985.75	72.50753784	72.9726181
985.5	72.50807953	73.03806305
985.25	72.4653244	73.02839661
985	72.39307404	72.94403839
984.75	72.44807434	73.04799652
984.5	72.43412018	72.95972443
984.25	72.38051605	72.97608185
984	72.42445374	72.99910736
983.75	72.37102509	72.8476944
983.5	72.44953918	72.8572998
983.25	72.39686584	73.02239227
983	72.3549118	72.83738708
982.75	72.3112793	72.82594299
982.5	72.25731659	72.75409698
982.25	72.18528748	72.72937012
982	72.18371582	72.72329712
981.75	72.03694153	72.532341
981.5	71.92015076	72.43235016
981.25	71.83335114	72.32912445
981	71.55801392	72.07227325
980.75	71.41901398	72.03430939
980.5	71.11683655	71.66384125
980.25	70.85542297	71.40520477
980	70.49853516	71.14017487
979.75	70.04503632	70.6313858
979.5	69.64096832	70.29069519
979.25	68.99145508	69.72393036
979	68.42377472	69.17529297
978.75	67.646492	68.51081848
978.5	66.91331482	67.76321411
978.25	66.02251434	66.9460144
978	64.98101044	66.08883667
977.75	63.96611786	65.05674744
977.5	62.60585785	63.88130188
977.25	61.48997116	62.78978729
977	60.01809311	61.43761826
976.75	58.58322906	60.12324524
976.5	57.08876801	58.70261765
976.25	55.25621033	56.93737793
976	53.73178864	55.59931564
975.75	51.73329544	53.62299728
975.5	50.01469421	52.01693726
975.25	48.13998795	50.24444962
975	46.06322861	48.20116043
974.75	44.31644058	46.48521042
974.5	42.09445572	44.29721069
974.25	40.35046005	42.58124161
974	38.2772789	40.50361633
973.75	36.37968445	38.56830978
973.5	34.5127449	36.74632645
973.25	32.48933411	34.71796417
973	30.87681007	32.96786118
972.75	28.88853264	31.03524399
972.5	27.4399929	29.4589138
972.25	25.72574615	27.65073395
972	24.18605804	26.07110977
971.75	22.67293167	24.45543861
971.5	21.10658264	22.80995941
971.25	19.93842888	21.58351898
971	18.49079132	20.06901932
970.75	17.41560364	18.90130424
970.5	16.25243568	17.61776733
970.25	15.164711	16.45149803
970	14.2084856	15.4221611
969.75	13.12441635	14.26583672
969.5	12.37012482	13.45466518
969.25	11.43589211	12.43520164
969	10.71973705	11.65728283
968.75	9.978883743	10.8388176
968.5	9.257547379	10.05477333
968.25	8.671961784	9.438135147
968	8.010197639	8.700688362
967.75	7.515285969	8.159462929
967.5	6.970911503	7.577754021
967.25	6.517802715	7.05114603
967	6.062403202	6.571556091
966.75	5.615483761	6.094481468
966.5	5.258511543	5.697894573
966.25	4.863330364	5.270919323
966	4.580733776	4.948898792
965.75	4.22220993	4.559028625
965.5	3.93354702	4.26540184
965.25	3.669109821	3.960141659
965	3.403874159	3.676268578
964.75	3.195737362	3.436921597
964.5	2.947335958	3.180836916
964.25	2.760799408	2.985066175
964	2.565685511	2.74982214
963.75	2.373608351	2.572855949
963.5	2.219652653	2.408889771
963.25	2.06119442	2.224856138
963	1.936805844	2.08678627
962.75	1.787408948	1.934009552
962.5	1.66645515	1.817861795
962.25	1.560171127	1.690160513
962	1.434379578	1.55325675
961.75	1.357084513	1.468386769
961.5	1.252122164	1.346657276
961.25	1.172750592	1.283231258
961	1.093856812	1.182847857
960.75	1.015059233	1.110805511
960.5	0.947772145	1.024296165
960.25	0.877235174	0.951043606
960	0.827627897	0.905259073
959.75	0.771417797	0.829288006
959.5	0.717213213	0.79337287
959.25	0.683058918	0.727617204
959	0.624845326	0.682835043
958.75	0.582405984	0.636954725
958.5	0.544393182	0.588896155
958.25	0.508160174	0.557049573
958	0.473490834	0.521110594
957.75	0.449008167	0.494518131
957.5	0.423348755	0.461560577
957.25	0.388930798	0.429377377
957	0.368150979	0.395216793
956.75	0.338591516	0.365227222
956.5	0.317272753	0.341720402
956.25	0.302272677	0.31540513
956	0.284002811	0.295927435
955.75	0.262914002	0.285360903
955.5	0.24559778	0.25995031
955.25	0.230876401	0.248444542
955	0.222377405	0.234995902
954.75	0.209138632	0.227341399
954.5	0.188689664	0.196729526
954.25	0.168620169	0.202389985
954	0.166290686	0.179321632
953.75	0.168163642	0.168609709
953.5	0.148876399	0.156243026
953.25	0.130154848	0.150188386
953	0.134835929	0.147334591
952.75	0.12606746	0.13422443
952.5	0.112080857	0.132537603
952.25	0.122244343	0.124569252
952	0.112294756	0.113159046
951.75	0.101737589	0.104002491
951.5	0.103156231	0.107212566
951.25	0.090932794	0.094031319
951	0.084808305	0.101909265
950.75	0.079432741	0.091373943
950.5	0.073387012	0.08763247
950.25	0.070421368	0.072207794
950	0.076795526	0.077394485
949.75	0.063292995	0.071246639
949.5	0.066724807	0.076253243
949.25	0.051449206	0.069200732
949	0.060328569	0.057085831
948.75	0.066451207	0.064310841
948.5	0.049270604	0.068632819
948.25	0.048349526	0.055608932
948	0.049725726	0.046330836
947.75	0.043878675	0.052615009
947.5	0.043969858	0.050073687
947.25	0.037196431	0.0440429
947	0.040648986	0.045467295
946.75	0.035688687	0.044986088
946.5	0.040667955	0.039194778
946.25	0.024436709	0.037584592
946	0.031820465	0.044921026
945.75	0.019704873	0.039102178
945.5	0.033351228	0.046691615
945.25	0.029181316	0.040417623
945	0.016309397	0.026038175
944.75	0.024165949	0.0273939
944.5	0.024612829	0.049133413
944.25	0.022706417	0.03874705
944	0.025626343	0.032147177
943.75	0.027581982	0.032427207
943.5	0.026009934	0.037036344
943.25	0.016185595	0.029613025
943	0.024753073	0.036246568
942.75	0.024060976	0.030633731
942.5	0.019290751	0.024045695
942.25	0.016277522	0.024369797
942	0.016301047	0.024430238
941.75	0.016171355	0.032414265
941.5	0.012981754	0.019518945
941.25	0.021081278	0.030589223
941	0.017695066	0.029103562
940.75	0.017798081	0.025763016
940.5	0.022784827	0.01452438
940.25	0.02101808	0.029081944
940	0.02104466	0.014671532
939.75	0.011269861	0.011267295
939.5	0.025590353	0.012831192
939.25	0.01624986	0.01298958
939	0.013142418	0.014778042
938.75	0.022423457	0.00961161
938.5	0.01129951	0.01469847
938.25	0.013086554	0.01463377
938	0.009626122	0.016126372
937.75	0.006386752	0.014419838
937.5	0.00980108	0.011401797
937.25	0.004927745	0.014689078
937	0.012803513	0.001595325
936.75	0.004844092	0.016168438
936.5	0.009623623	0.006421684
936.25	0.011340239	0.019336542
936	0.009892157	0.013193972
935.75	0.008010713	0.011213192
935.5	-0.004848665	0.006466865
935.25	0.009662035	-0.00159949
935	0.008089007	0.019497462
934.75	-0.001647027	0.013152057
934.5	0.011351647	0.003230968
934.25	0.012729192	0.004818524
934	0.008058012	0.008043748
933.75	0.004867829	-2.94217E-07
933.5	0.009610538	0.00810352
933.25	0.004845873	0
933	0.004851255	0.006562126
932.75	0.004835104	0.009526002
932.5	0.008143448	0.009742296
932.25	-0.001594207	0.008019842
932	0.00323859	0.009753671
931.75	0.008070108	0.006452668
931.5	0.006386944	-0.001600997
931.25	0.008189315	-0.001617776
931	0.009684313	0.003226053
930.75	-0.008038048	0.006408556
930.5	0.0016189	0.004855427
930.25	0.008027896	0.003211325
930	0.012897964	-0.004839348
929.75	0.006412748	2.91407E-07
929.5	0.00162646	0.007975432
929.25	0	0.001616271
929	0.01278664	0
928.75	0.014634019	-0.001595322
928.5	0.008038736	-0.014472222
928.25	0.006435364	0.0032346
928	0.008088271	-0.001617043
927.75	0.008057678	0
927.5	0.011286664	-0.003239005
927.25	0	0.012813926
927	0.006463927	-0.008105725
926.75	-0.003213438	-0.00319096
926.5	0.004788969	0.001608408
926.25	0.006440823	0
926	0.001635608	-0.00162634
925.75	0.006379473	0.006392031
925.5	0.00645984	-0.001604801
925.25	0.009717839	0.006503448
925	0.004826254	0.011291092
924.75	0.00968759	-0.006388987
924.5	0.011253597	0.001605899
924.25	0.012873998	0.004845181
924	0.003227317	0.003208815
923.75	0.006399394	0.004803327
923.5	0.004868917	0.001619336
923.25	0.009602648	-0.009592982
923	0	-0.001613708
922.75	0.006381969	0.004827824
922.5	0.006401505	0.011258116
922.25	0.011357408	-0.00481764
922	0	0
921.75	0.006389542	-0.00320353
921.5	0.003217237	0.001611577
921.25	0	0.004813421
921	0.008042225	-0.004844877
920.75	0.008023608	0.004765461
920.5	0.001601695	0.003182583
920.25	-0.006409839	0
920	0.013030163	2.96094E-07
919.75	0.007975169	0.001599074
919.5	0.008108693	0
919.25	0.014472818	-0.004817769
919	0.008010891	0
918.75	0.003226997	-0.008054492
918.5	0.0032247	0.004823561
918.25	0.009582667	-0.011173159
918	0.004816002	-0.006500645
917.75	0.003216335	-0.001604446
917.5	0.001609161	0.003229991
917.25	0.001604403	-0.008021383
917	-0.006468989	-0.006464218
916.75	-0.001598139	-0.006383378
916.5	0.006447093	-0.012924678
916.25	0.001599491	-0.006378421
916	-0.008047324	-0.006485014
915.75	0	0
915.5	0.00323531	-0.004826276
915.25	0.003174313	-0.014551749
915	0.00482828	0.006400345
914.75	0	-0.004849515
914.5	0.004830638	-0.001604969
914.25	-0.003205522	0.001606218
914	0.004832092	0.004839432
913.75	0.003189075	-0.003187204
913.5	0.004825865	-0.001621493
913.25	0.009590038	-0.001599905
913	0.001600502	-0.0048414
912.75	0.008062046	0.008002582
912.5	-0.003210234	0
912.25	-0.003210642	-0.008072995
912	-0.00161025	-0.006455551
911.75	-0.001601597	-0.001587584
911.5	0.004833299	0.006409648
911.25	0.006397726	-0.004818842
911	0.003195139	-0.001624874
910.75	0.008099791	-0.004771446
910.5	0.004802331	0
910.25	0.009649623	-0.006426455
910	0.004807173	0.00160172
909.75	0.006408525	-0.0127946
909.5	0.011302566	-0.009666976
909.25	-0.004779344	0
909	0.008021761	-0.020760782
908.75	0.011226091	-0.001608801
908.5	-0.001610847	-0.009651577
908.25	0.004807347	-0.014411042
908	0.001609416	-0.008069971
907.75	-0.001606789	-0.006389034
907.5	0	-0.009688614
907.25	0	-0.011156928
907	0.006436008	-0.006449346
906.75	0.003205461	-0.003191141
906.5	0.003227877	-0.008009221
906.25	0.00792492	0.006378793
906	0.008050587	-0.003201265
905.75	0.003201622	-0.012821989
905.5	0.003227436	-0.003220165
905.25	0.004796438	0.0048047
905	-0.001612949	0
904.75	0.011123084	0
904.5	0.003203116	-0.006458932
904.25	0.004798182	-0.001594912
904	0	0.009597065
903.75	0.00638409	-0.004802412
903.5	-0.001612509	0.009689319
903.25	0.004805823	-0.014390392
903	-0.001597641	0.007982847
902.75	0.001607398	-0.003212234
902.5	0.006430362	-0.004818431
902.25	0.007961071	-0.004766026
902	0.003181898	-0.008059228
901.75	0.001613592	0
901.5	0.003201792	-0.006409574
901.25	0	0.001600799
901	-0.003223533	-0.003216742
900.75	-0.001598086	-0.004797137
900.5	0.00320401	-0.016053701
900.25	0.003193067	0.00479183
900	0	0.001610167
