## Bullet ch1 observations
# 1 AOR
# 2 EXPTIME
# 3 CROTA2
46137088     93.600000     -95.628598 
46137088     93.600000     -95.644472 
46137088     93.600000     -95.658077 
46137088     93.600000     -95.653780 
46137088     93.600000     -95.625367 
46137088     93.600000     -95.636107 
46137088     93.600000     -95.628206 
46137088     93.600000     -95.640193 
46137088     93.600000     -95.626834 
46137088     93.600000     -95.627932 
46137088     93.600000     -95.621019 
46137088     93.600000     -95.645374 
46137088     93.600000     -95.647261 
46137088     93.600000     -95.675397 
46137088     93.600000     -95.651174 
46137088     93.600000     -95.653348 
46137088     93.600000     -95.632809 
46137088     93.600000     -95.639092 
46137088     93.600000     -95.649490 
46137088     93.600000     -95.624914 
46137088     93.600000     -95.660258 
46137088     93.600000     -95.599660 
46137088     93.600000     -95.616787 
46137088     93.600000     -95.625974 
46137088     93.600000     -95.660734 
46137088     93.600000     -95.662861 
46137088     93.600000     -95.645760 
46137088     93.600000     -95.634590 
46137088     93.600000     -95.641504 
46137088     93.600000     -95.652035 
46137088     93.600000     -95.641306 
46137088     93.600000     -95.650572 
46137088     93.600000     -95.664463 
46137088     93.600000     -95.648483 
46137088     93.600000     -95.659910 
46137088     93.600000     -95.637822 
46137088     93.600000     -95.652718 
46137088     93.600000     -95.656326 
46137088     93.600000     -95.650206 
46137088     93.600000     -95.637382 
46137088     93.600000     -95.649634 
46137088     93.600000     -95.625490 
46137088     93.600000     -95.671966 
46137088     93.600000     -95.623729 
46137088     93.600000     -95.630013 
46137088     93.600000     -95.648238 
46137088     93.600000     -95.647870 
46137088     93.600000     -95.639737 
46137088     93.600000     -95.653348 
46137088     93.600000     -95.623947 
46137088     93.600000     -95.653394 
46137088     93.600000     -95.615213 
46137088     93.600000     -95.635799 
46137088     93.600000     -95.651449 
46137088     93.600000     -95.632925 
46137088     93.600000     -95.662994 
46137088     93.600000     -95.611905 
46137088     93.600000     -95.593819 
46137088     93.600000     -95.646041 
46137088     93.600000     -95.611714 
46137088     93.600000     -95.616354 
46137088     93.600000     -95.621533 
46137088     93.600000     -95.609526 
46137088     93.600000     -95.657521 
46137088     93.600000     -95.649793 
46137088     93.600000     -95.618965 
46137088     93.600000     -95.613357 
46137088     93.600000     -95.632826 
46137088     93.600000     -95.651475 
46137088     93.600000     -95.643871 
46137088     93.600000     -95.641618 
46137088     93.600000     -95.627276 
46137088     93.600000     -95.644609 
46137088     93.600000     -95.618651 
46137088     93.600000     -95.621986 
46137088     93.600000     -95.654799 
46137088     93.600000     -95.626920 
46137088     93.600000     -95.626128 
46137088     93.600000     -95.617974 
46137088     93.600000     -95.627136 
46137088     93.600000     -95.614987 
46137088     93.600000     -95.628849 
46137088     93.600000     -95.646080 
46137088     93.600000     -95.615880 
46137088     93.600000     -95.617674 
46137088     93.600000     -95.644571 
46137088     93.600000     -95.625708 
46137088     93.600000     -95.638504 
46137088     93.600000     -95.619822 
46137088     93.600000     -95.673198 
46137088     93.600000     -95.649251 
46137088     93.600000     -95.599007 
46137088     93.600000     -95.621995 
46137088     93.600000     -95.626985 
46137088     93.600000     -95.631370 
46137088     93.600000     -95.621521 
46137088     93.600000     -95.626642 
46137088     93.600000     -95.661006 
46137088     93.600000     -95.614006 
46137088     93.600000     -95.640360 
46137088     93.600000     -95.585522 
46137088     93.600000     -95.645213 
46137088     93.600000     -95.650814 
46137088     93.600000     -95.622486 
46137088     93.600000     -95.607309 
46137088     93.600000     -95.614348 
46137088     93.600000     -95.648316 
46137088     93.600000     -95.642136 
46137088     93.600000     -95.631865 
46137088     93.600000     -95.573696 
46137088     93.600000     -95.632165 
46137088     93.600000     -95.633757 
46137088     93.600000     -95.624698 
46137088    IRAC 3.6um                          10.400000     -95.628578 
 46137088    IRAC 3.6um                          93.600000     -95.644412 
 46137088    IRAC 3.6um                          93.600000     -95.645817 
 46137088    IRAC 3.6um                          93.600000     -95.630333 
 46137088    IRAC 3.6um                          93.600000     -95.638874 
 46137088    IRAC 3.6um                          93.600000     -95.654425 
 46137088    IRAC 3.6um                          93.600000     -95.634213 
 46137088    IRAC 3.6um                          93.600000     -95.685648 
 46137088    IRAC 3.6um                          93.600000     -95.623371 
 46137088    IRAC 3.6um                          93.600000     -95.612312 
 46137088    IRAC 3.6um                          93.600000     -95.655882 
 46137088    IRAC 3.6um                          93.600000     -95.634672 
 46137088    IRAC 3.6um                          93.600000     -95.645680 
 46137088    IRAC 3.6um                          93.600000     -95.643332 
 46137088    IRAC 3.6um                          93.600000     -95.632775 
 46137088    IRAC 3.6um                          93.600000     -95.632975 
 46137088    IRAC 3.6um                          93.600000     -95.656280 
 46137088    IRAC 3.6um                          93.600000     -95.622810 
 46137088    IRAC 3.6um                          93.600000     -95.623330 
 46137088    IRAC 3.6um                          93.600000     -95.632899 
 46137088    IRAC 3.6um                          93.600000     -95.638097 
 46137088    IRAC 3.6um                          93.600000     -95.671879 
 46137088    IRAC 3.6um                          93.600000     -95.664126 
 46137088    IRAC 3.6um                          93.600000     -95.641555 
 46137088    IRAC 3.6um                          93.600000     -95.636043 
 46137088    IRAC 3.6um                          93.600000     -95.653913 
 46137088    IRAC 3.6um                          93.600000     -95.641969 
 46137088    IRAC 3.6um                          93.600000     -95.644296 
 46137088    IRAC 3.6um                          93.600000     -95.640519 
 46137088    IRAC 3.6um                          93.600000     -95.648576 
 46137088    IRAC 3.6um                          93.600000     -95.643682 
 46137088    IRAC 3.6um                          93.600000     -95.630858 
 46137088    IRAC 3.6um                          93.600000     -95.638657 
 46137088    IRAC 3.6um                          93.600000     -95.637826 
 46137088    IRAC 3.6um                          93.600000     -95.615874 
 46137088    IRAC 3.6um                          93.600000     -95.638713 
 46137088    IRAC 3.6um                          93.600000     -95.635496 
 46137088    IRAC 3.6um                          93.600000     -95.637979 
 46137088    IRAC 3.6um                          93.600000     -95.634947 
 46137088    IRAC 3.6um                          93.600000     -95.621172 
 46137088    IRAC 3.6um                          93.600000     -95.654080 
 46137088    IRAC 3.6um                          93.600000     -95.594641 
 46137088    IRAC 3.6um                          93.600000     -95.666463 
 46137088    IRAC 3.6um                          93.600000     -95.637082 
 46137088    IRAC 3.6um                          93.600000     -95.644908 
 46137088    IRAC 3.6um                          93.600000     -95.644721 
 46137088    IRAC 3.6um                          93.600000     -95.665123 
 46137088    IRAC 3.6um                          93.600000     -95.639344 
 46137088    IRAC 3.6um                          93.600000     -95.654842 
 46137088    IRAC 3.6um                          93.600000     -95.630682 
 46137088    IRAC 3.6um                          93.600000     -95.667533 
 46137088    IRAC 3.6um                          93.600000     -95.609125 
 46137088    IRAC 3.6um                          93.600000     -95.641920 
 46137088    IRAC 3.6um                          93.600000     -95.615557 
 46137088    IRAC 3.6um                          93.600000     -95.587532 
 46137088    IRAC 3.6um                          93.600000     -95.649823 
 46137088    IRAC 3.6um                          93.600000     -95.637892 
 46137088    IRAC 3.6um                          93.600000     -95.644485 
 46137088    IRAC 3.6um                          93.600000     -95.610075 
 46137088    IRAC 3.6um                          93.600000     -95.620712 
 46137088    IRAC 3.6um                          93.600000     -95.653994 
 46137088    IRAC 3.6um                          93.600000     -95.624040 
 46137088    IRAC 3.6um                          93.600000     -95.635072 
 46137088    IRAC 3.6um                          93.600000     -95.638636 
 46137088    IRAC 3.6um                          93.600000     -95.612153 
 46137088    IRAC 3.6um                          93.600000     -95.619740 
 46137088    IRAC 3.6um                          93.600000     -95.625530 
 46137088    IRAC 3.6um                          93.600000     -95.642729 
 46137088    IRAC 3.6um                          93.600000     -95.619541 
 46137088    IRAC 3.6um                          93.600000     -95.647255 
 46137088    IRAC 3.6um                          93.600000     -95.640807 
 46137088    IRAC 3.6um                          93.600000     -95.614543 
 46137088    IRAC 3.6um                          93.600000     -95.623387 
 46137088    IRAC 3.6um                          93.600000     -95.637743 
 46137088    IRAC 3.6um                          93.600000     -95.630608 
 46137088    IRAC 3.6um                          93.600000     -95.631471 
 46137088    IRAC 3.6um                          93.600000     -95.605264 
 46137088    IRAC 3.6um                          93.600000     -95.648171 
 46137088    IRAC 3.6um                          93.600000     -95.635698 
 46137088    IRAC 3.6um                          93.600000     -95.629757 
 46137088    IRAC 3.6um                          93.600000     -95.623588 
 46137088    IRAC 3.6um                          93.600000     -95.639624 
 46137088    IRAC 3.6um                          93.600000     -95.639061 
 46137088    IRAC 3.6um                          93.600000     -95.622520 
 46137088    IRAC 3.6um                          93.600000     -95.635568 
 46137088    IRAC 3.6um                          93.600000     -95.638553 
 46137088    IRAC 3.6um                          93.600000     -95.634869 
 46137088    IRAC 3.6um                          93.600000     -95.655756 
 46137088    IRAC 3.6um                          93.600000     -95.627835 
 46137088    IRAC 3.6um                          93.600000     -95.636121 
 46137088    IRAC 3.6um                          93.600000     -95.617523 
 46137088    IRAC 3.6um                          93.600000     -95.622176 
 46137088    IRAC 3.6um                          93.600000     -95.622694 
 46137088    IRAC 3.6um                          93.600000     -95.659767 
 46137088    IRAC 3.6um                          93.600000     -95.642642 
 46137088    IRAC 3.6um                          93.600000     -95.637679 
 46137088    IRAC 3.6um                          93.600000     -95.632489 
 46137088    IRAC 3.6um                          93.600000     -95.631487 
 46137088    IRAC 3.6um                          93.600000     -95.624830 
 46137088    IRAC 3.6um                          93.600000     -95.633647 
 46137088    IRAC 3.6um                          93.600000     -95.620849 
 46137088    IRAC 3.6um                          93.600000     -95.642541 
 46137088    IRAC 3.6um                          93.600000     -95.633803 
 46137088    IRAC 3.6um                          93.600000     -95.641654 
 46137088    IRAC 3.6um                          93.600000     -95.605926 
 46137088    IRAC 3.6um                          93.600000     -95.623816 