## MACS0454 IRAC OBSERVATIONS
# 1 AOR
# 2 EXPTIME
# 3 CROTA2
 46130432      93.600000      92.420744 
 46130432      93.600000      92.424505 
 46130432      93.600000      92.422222 
 46130432      93.600000      92.425635 
 46130432      93.600000      92.425901 
 46130432      93.600000      92.424062 
 46130432      93.600000      92.423909 
 46130432      93.600000      92.420089 
 46130432      93.600000      92.423773 
 46130432      93.600000      92.423674 
 46130432      93.600000      92.428112 
 46130432      93.600000      92.424653 
 46130432      93.600000      92.424370 
 46130432      93.600000      92.426647 
 46130432      93.600000      92.429980 
 46130432      93.600000      92.422613 
 46130432      93.600000      92.424611 
 46130432      93.600000      92.424775 
 46130432      93.600000      92.427901 
 46130432      93.600000      92.427485 
 46130432      93.600000      92.426472 
 46130432      93.600000      92.429576 
 46130432      93.600000      92.425489 
 46130432      93.600000      92.421457 
 46130432      93.600000      92.425946 
 46130432      93.600000      92.425846 
 46130432      93.600000      92.428332 
 46130432      93.600000      92.431372 
 46130432      93.600000      92.430448 
 46130432      93.600000      92.429908 
 46130432      93.600000      92.427686 
 46130432      93.600000      92.428485 
 46130432      93.600000      92.423494 
 46130432      93.600000      92.426800 
 46130432      93.600000      92.422075 
 46130432      93.600000      92.424699 
 46130432      93.600000      92.427819 
 46130432      93.600000      92.426762 
 46130432      93.600000      92.426150 
 46130432      93.600000      92.425856 
 46130432      93.600000      92.427382 
 46130432      93.600000      92.422219 
 46130432      93.600000      92.425395 
 46130432      93.600000      92.426991 
 46130432      93.600000      92.428656 
 46130432      93.600000      92.426763 
 46130432      93.600000      92.428169 
 46130432      93.600000      92.427731 
 46130432      93.600000      92.425456 
 46130432      93.600000      92.425644 
 46130432      93.600000      92.426270 
 46130432      93.600000      92.419201 
 46130432      93.600000      92.417634 
 46130432      93.600000      92.421212 
 46130432      93.600000      92.420348 
 46130432      93.600000      92.417771 
 46130432      93.600000      92.422724 
 46130432      93.600000      92.422061 
 46130432      93.600000      92.423191 
 46130432      93.600000      92.423286 
 46130432      93.600000      92.423831 
 46130432      93.600000      92.421037 
 46130432      93.600000      92.426071 
 46130432      93.600000      92.418125 
 46130432      93.600000      92.423810 
 46130432      93.600000      92.421388 
 46130432      93.600000      92.419954 
 46130432      93.600000      92.424224 
 46130432      93.600000      92.419025 
 46130432      93.600000      92.424528 
 46130432      93.600000      92.420288 
 46130432      93.600000      92.426322 
 46130432      93.600000      92.429310 
 46130432      93.600000      92.430739 
 46130432      93.600000      92.432824 
 46130432      93.600000      92.418378 
 46130432      93.600000      92.425241 
 46130432      93.600000      92.428316 
 46130432      93.600000      92.425106 
 46130432      93.600000      92.432709 
 46130432      93.600000      92.426062 
 46130432      93.600000      92.428167 
 46130432      93.600000      92.426228 
 46130432      93.600000      92.424639 
 46130432      93.600000      92.428377 
 46130432      93.600000      92.426622 
 46130432      93.600000      92.424992 
 46130432      93.600000      92.427988 
 46130432      93.600000      92.425652 
 46130432      93.600000      92.430479 
 46130432      93.600000      92.422835 
 46130432      93.600000      92.428844 
 46130432      93.600000      92.430171 
 46130432      93.600000      92.424052 
 46130432      93.600000      92.429871 
 46130432      93.600000      92.427924 
 46130432      93.600000      92.421241 
 46130432      93.600000      92.424838 
 46130432      93.600000      92.427695 
 46130432      93.600000      92.428230 
 46130432      93.600000      92.431456 
 46130432      93.600000      92.427747 
 46130432      93.600000      92.426512 
 46130432      93.600000      92.424354 
 46130432      93.600000      92.423472 
 46130432      93.600000      92.427550 
 46130432      93.600000      92.424223 
 46130432      93.600000      92.427733 
 46130432      93.600000      92.427333 
 46130432      93.600000      92.427452 
 46130432      93.600000      92.427936 
 46130432      93.600000      92.424691 
 46130432      93.600000      92.424951 
 46130432      93.600000      92.424040 
 46130432      93.600000      92.423620 
 46130432       0.400000      92.426090 
 46130432      93.600000      92.425241 
 46130432      93.600000      92.426020 
 46130432      93.600000      92.423816 
 46130432      93.600000      92.425931 
 46130432      93.600000      92.425326 
 46130432      93.600000      92.422451 
 46130432      93.600000      92.423817 
 46130432      93.600000      92.420624 
 46130432      93.600000      92.424036 
 46130432      93.600000      92.429328 
 46130432      93.600000      92.425138 
 46130432      93.600000      92.427375 
 46130432      93.600000      92.425036 
 46130432      93.600000      92.419523 
 46130432      93.600000      92.426401 
 46130432      93.600000      92.424716 
 46130432      93.600000      92.425547 
 46130432      93.600000      92.431184 
 46130432      93.600000      92.422790 
 46130432      93.600000      92.425467 
 46130432      93.600000      92.429171 
 46130432      93.600000      92.422461 
 46130432      93.600000      92.429757 
 46130432      93.600000      92.421552 
 46130432      93.600000      92.431698 
 46130432      93.600000      92.426546 
 46130432      93.600000      92.429446 
 46130432      93.600000      92.427180 
 46130432      93.600000      92.432022 
 46130432      93.600000      92.425078 
 46130432      93.600000      92.428253 
 46130432      93.600000      92.423081 
 46130432      93.600000      92.427254 
 46130432      93.600000      92.423444 
 46130432      93.600000      92.425903 
 46130432      93.600000      92.425252 
 46130432      93.600000      92.426685 
 46130432      93.600000      92.420259 
 46130432      93.600000      92.426237 
 46130432      93.600000      92.424178 
 46130432      93.600000      92.422668 
 46130432      93.600000      92.428702 
 46130432      93.600000      92.428188 
 46130432      93.600000      92.425137 
 46130432      93.600000      92.423317 
 46130432      93.600000      92.427190 
 46130432      93.600000      92.427062 
 46130432      93.600000      92.423724 
 46130432      93.600000      92.420625 
 46130432      93.600000      92.420234 
 46130432      93.600000      92.426350 
 46130432      93.600000      92.420586 
 46130432      93.600000      92.424655 
 46130432      93.600000      92.419886 
 46130432      93.600000      92.424880 
 46130432      93.600000      92.420427 
 46130432      93.600000      92.426002 
 46130432      93.600000      92.421718 
 46130432      93.600000      92.420644 
 46130432      93.600000      92.420044 
 46130432      93.600000      92.423273 
 46130432      93.600000      92.421416 
 46130432      93.600000      92.422359 
 46130432      93.600000      92.424301 
 46130432      93.600000      92.424909 
 46130432      93.600000      92.420397 
 46130432      93.600000      92.422777 
 46130432      93.600000      92.419316 
 46130432      93.600000      92.426995 
 46130432      93.600000      92.432726 
 46130432      93.600000      92.430865 
 46130432      93.600000      92.433164 
 46130432      93.600000      92.426123 
 46130432      93.600000      92.427852 
 46130432      93.600000      92.423137 
 46130432      93.600000      92.422618 
 46130432      93.600000      92.425377 
 46130432      93.600000      92.427987 
 46130432      93.600000      92.428824 
 46130432      93.600000      92.424800 
 46130432      93.600000      92.423445 
 46130432      93.600000      92.427250 
 46130432      93.600000      92.425237 
 46130432      93.600000      92.429417 
 46130432      93.600000      92.427796 
 46130432      93.600000      92.428469 
 46130432      93.600000      92.427993 
 46130432      93.600000      92.430082 
 46130432      93.600000      92.430892 
 46130432      93.600000      92.428424 
 46130432      93.600000      92.423919 
 46130432      93.600000      92.424094 
 46130432      93.600000      92.421774 
 46130432      93.600000      92.424739 
 46130432      93.600000      92.422889 
 46130432      93.600000      92.428115 
 46130432      93.600000      92.427845 
 46130432      93.600000      92.428087 
 46130432      93.600000      92.423232 
 46130432      93.600000      92.427044 
 46130432      93.600000      92.424127 
 46130432      93.600000      92.428435 
 46130432      93.600000      92.428342 
 46130432      93.600000      92.426864 
 46130432      93.600000      92.422725 
 46130432      93.600000      92.429774 
 46130432      93.600000      92.426511 
 46130432      93.600000      92.424437 
 46130432      93.600000      92.429408 
 46130432      93.600000      92.426577 
 46130432      93.600000      92.426285 
 46130432      93.600000      92.425028 
 46130432      10.400000      92.425783 
 46130432      93.600000      92.423254 
 46130432      93.600000      92.421081 
 46130432      93.600000      92.426596 
 46130432      93.600000      92.424849 
 46130432      93.600000      92.421076 
 46130432      93.600000      92.426666 
 46130432      93.600000      92.421664 
 46130432      93.600000      92.431121 
 46130432      93.600000      92.429134 
 46130432      93.600000      92.426869 
 46130432      93.600000      92.425639 
 46130432      93.600000      92.425104 
 46130432      93.600000      92.420939 
 46130432      93.600000      92.427638 
 46130432      93.600000      92.423795 
 46130432      93.600000      92.430971 
 46130432      93.600000      92.421376 
 46130432      93.600000      92.428126 
 46130432      93.600000      92.423884 
 46130432      93.600000      92.425942 
 46130432      93.600000      92.428358 
 46130432      93.600000      92.424075 
 46130432      93.600000      92.422924 
 46130432      93.600000      92.426406 
 46130432      93.600000      92.428452 
 46130432      93.600000      92.429696 
 46130432      93.600000      92.430896 
 46130432      93.600000      92.427716 
 46130432      93.600000      92.421362 
 46130432      93.600000      92.424152 
 46130432      93.600000      92.427555 
 46130432      93.600000      92.426219 
 46130432      93.600000      92.426686 
 46130432      93.600000      92.424065 
 46130432      93.600000      92.430716 
 46130432      93.600000      92.421411 
 46130432      93.600000      92.428078 
 46130432      93.600000      92.427774 
 46130432      93.600000      92.424214 
 46130432      93.600000      92.425533 
 46130432      93.600000      92.425574 
 46130432      93.600000      92.426958 
 46130432      93.600000      92.427117 
 46130432      93.600000      92.428081 
 46130432      93.600000      92.426265 
 46130432      93.600000      92.422379 
 46130432      93.600000      92.425610 
 46130432      93.600000      92.428871 
 46130432      93.600000      92.427426 
 46130432      93.600000      92.420286 
 46130432      93.600000      92.424150 
 46130432      93.600000      92.427924 
 46130432      93.600000      92.427585 
 46130432      93.600000      92.421744 
 46130432      93.600000      92.422635 
 46130432      93.600000      92.425493 
 46130432      93.600000      92.423500 
 46130432      93.600000      92.420391 
 46130432      93.600000      92.422410 
 46130432      93.600000      92.418898 
 46130432      93.600000      92.423305 
 46130432      93.600000      92.420829 
 46130432      93.600000      92.426729 
 46130432      93.600000      92.425731 
 46130432      93.600000      92.423776 
 46130432      93.600000      92.419640 
 46130432      93.600000      92.433734 
 46130432      93.600000      92.426506 
 46130432      93.600000      92.432965 
 46130432      93.600000      92.428523 
 46130432      93.600000      92.433761 
 46130432      93.600000      92.428648 
 46130432      93.600000      92.427630 
 46130432      93.600000      92.428197 
 46130432      93.600000      92.425772 
 46130432      93.600000      92.419400 
 46130432      93.600000      92.430826 
 46130432      93.600000      92.432896 
 46130432      93.600000      92.427679 
 46130432      93.600000      92.423608 
 46130432      93.600000      92.423706 
 46130432      93.600000      92.426164 
 46130432      93.600000      92.423109 
 46130432      93.600000      92.426284 
 46130432      93.600000      92.429431 
 46130432      93.600000      92.424392 
 46130432      93.600000      92.428926 
 46130432      93.600000      92.428768 
 46130432      93.600000      92.424962 
 46130432      93.600000      92.424128 
 46130432      93.600000      92.426179 
 46130432      93.600000      92.426403 
 46130432      93.600000      92.427018 
 46130432      93.600000      92.426421 
 46130432      93.600000      92.428096 
 46130432      93.600000      92.424746 
 46130432      93.600000      92.427651 
 46130432      93.600000      92.428389 
 46130432      93.600000      92.424660 
 46130432      93.600000      92.427442 
 46130432      93.600000      92.424716 
 46130432      93.600000      92.429283 
 46130432      93.600000      92.423129 
 46130432      93.600000      92.427501 
 46130432      93.600000      92.425089 
 46130432      93.600000      92.427593 
 46130432      93.600000      92.424259 
 46130432      93.600000      92.426786 
 46130432      93.600000      92.426358 
 46130432      93.600000      92.430148 
 46130432      93.600000      92.423280 
 46130432      93.600000      92.425550 
 46130432      93.600000      92.424394 
 46130432      93.600000      92.426166 
 46130432      93.600000      92.425565 
 46130432      93.600000      92.424276 
 46130432      93.600000      92.420933 
 46130432      93.600000      92.420730 
 46130432      93.600000      92.420478 
 46130432      93.600000      92.422137 
 46130432      93.600000      92.424988 
 46130432      93.600000      92.422309 
 46130432      93.600000      92.426746 
 46130432      93.600000      92.424881 
 46130432      93.600000      92.427272 
 46130432      93.600000      92.424910 
 46130432      93.600000      92.425765 
 46130432      93.600000      92.420408 
 46130432      93.600000      92.426570 
 46130432      93.600000      92.421995 
 46130432      93.600000      92.421948 
 46130432      93.600000      92.424410 
 46130432      93.600000      92.431289 
 46130432      93.600000      92.429429 
 46130432      93.600000      92.429617 
 46130432      93.600000      92.427809 
 46130432      93.600000      92.426231 
 46130432      93.600000      92.428132 
 46130432      93.600000      92.428210 
 46130432      93.600000      92.428206 
 46130432      93.600000      92.430650 
 46130432      93.600000      92.425345 
 46130432      93.600000      92.423515 
 46130432      93.600000      92.426312 
 46130432      93.600000      92.426966 
 46130432      93.600000      92.421196 
 46130432      93.600000      92.424225 
 46130432      93.600000      92.422527 
 46130432      93.600000      92.423047 
 46130432      93.600000      92.428900 
 46130432      93.600000      92.427558 
 46130432      93.600000      92.426341 
 46130432      93.600000      92.422827 
 46130432      93.600000      92.423194 
 46130432      93.600000      92.428465 
 46130432      93.600000      92.427303 
 46130432      93.600000      92.429341 
 46130432      93.600000      92.428599 
 46130432      93.600000      92.427643 
 46130432      93.600000      92.428776 
 46130432      93.600000      92.420185 
 46130432      93.600000      92.427233 
 46130432      93.600000      92.422018 
 46130432      93.600000      92.426782 
 46130432      93.600000      92.429850 
 46130432      93.600000      92.427843 
 46130432      93.600000      92.430979 
 46130432      93.600000      92.421277 
 46130432      93.600000      92.420948 
 46130432      93.600000      92.422879 
 46130432      93.600000      92.429881 
 46130432      93.600000      92.424975 
 46130432      93.600000      92.421501 
 46130432      93.600000      92.427921 
 46130432      93.600000      92.424375 
 46130432      93.600000      92.422667 
 46130432      93.600000      92.421194 
 46130432      93.600000      92.417745 
 46130432      93.600000      92.425329 
 46130432      93.600000      92.423005 
 46130432      93.600000      92.430512 
 46130432      93.600000      92.424348 
 46130432      93.600000      92.421200 
 46130432      93.600000      92.431860 
 46130432      93.600000      92.433916 
 46130432      93.600000      92.425938 
 46130432      93.600000      92.424364 
 46130432      93.600000      92.426377 
 46130432      93.600000      92.424728 
 46130432      93.600000      92.427678 
 46130432      93.600000      92.429299 
 46130432      93.600000      92.425422 
 46130432      93.600000      92.427535 
 46130432      93.600000      92.426933 
 46130432      93.600000      92.428070 
 46130432      93.600000      92.426812 
 46130432      93.600000      92.426705 
 46130432      93.600000      92.422843 
 46130432      93.600000      92.429366 
 46130432      93.600000      92.430047 
 46130432      93.600000      92.424883 
 46130432      93.600000      92.429035 
 46130432      93.600000      92.425983 
 46130432      93.600000      92.424817 
 46130432      93.600000      92.421935 
 46130432      93.600000      92.423455 
 46130432      93.600000      92.427297 
 46130432      93.600000      92.426326 
 46130432      93.600000      92.426026 
 46130432      93.600000      92.429565 
 46130432      93.600000      92.425241 
 46130432      93.600000      92.425088 
 46130432      93.600000      92.425010 
 46130432      93.600000      92.426476 
 46130432      93.600000      92.422729 
 46130432      93.600000      92.426497 
 46130432      93.600000      92.426928 
 46130432      93.600000      92.428291 
 46130432      93.600000      92.428293 
 46130432      93.600000      92.428208 
 46130432      93.600000      92.424747 
 46130432      93.600000      92.425002 
 46130432      93.600000      92.427553 
 46127872       0.400000      95.315995 
 46127872      93.600000      95.315089 
 46127872      93.600000      95.316573 
 46127872      93.600000      95.317390 
 46127872      93.600000      95.315732 
 46127872      93.600000      95.317011 
 46127872      93.600000      95.315832 
 46127872      93.600000      95.316315 
 46127872      93.600000      95.317558 
 46127872      93.600000      95.317332 
 46127872      93.600000      95.315261 
 46127872      93.600000      95.315093 
 46127872      93.600000      95.317244 
 46127872      93.600000      95.313936 
 46127872      93.600000      95.314236 
 46127872      93.600000      95.310994 
 46127872      93.600000      95.313041 
 46127872      93.600000      95.311296 
 46127872      93.600000      95.318093 
 46127872      93.600000      95.313576 
 46127872      93.600000      95.315092 
 46127872      93.600000      95.314586 
 46127872      93.600000      95.311895 
 46127872      93.600000      95.312346 
 46127872      93.600000      95.314628 
 46127872      93.600000      95.314628 
 46127872      93.600000      95.313345 
 46127872      93.600000      95.310587 
 46127872      93.600000      95.313408 
 46127872      93.600000      95.317315 
 46127872      93.600000      95.313215 
 46127872      93.600000      95.313694 
 46127872      93.600000      95.315747 
 46127872      93.600000      95.314369 
 46127872      93.600000      95.312931 
 46127872      93.600000      95.311141 
 46127872      93.600000      95.315669 
 46127872      93.600000      95.314253 
 46127872      93.600000      95.311667 
 46127872      93.600000      95.313432 
 46127872      93.600000      95.317409 
 46127872      93.600000      95.319490 
 46127872      93.600000      95.319355 
 46127872      93.600000      95.320128 
 46127872      93.600000      95.319357 
 46127872      93.600000      95.318407 
 46127872      93.600000      95.309594 
 46127872      93.600000      95.316160 
 46127872      93.600000      95.314037 
 46127872      93.600000      95.311050 
 46127872      93.600000      95.315634 
 46127872      93.600000      95.316156 
 46127872      93.600000      95.314329 
 46127872      93.600000      95.314439 
 46127872      93.600000      95.315861 
 46127872      93.600000      95.315053 
 46127872      93.600000      95.317837 
 46127872      93.600000      95.316827 
 46127872      93.600000      95.315811 
 46127872      93.600000      95.313916 
 46127872      93.600000      95.316417 
 46127872      93.600000      95.316881 
 46127872      93.600000      95.316611 
 46127872      93.600000      95.316445 
 46127872      93.600000      95.318157 
 46127872      93.600000      95.315610 
 46127872      93.600000      95.316214 
 46127872      93.600000      95.315317 
 46127872      93.600000      95.318118 
 46127872      93.600000      95.316018 
 46127872      93.600000      95.312268 
 46127872      93.600000      95.315110 
 46127872      93.600000      95.317051 
 46127872      93.600000      95.317174 
 46127872      93.600000      95.315976 
 46127872      93.600000      95.313902 
 46127872      93.600000      95.318054 
 46127872      93.600000      95.314020 
 46127872      93.600000      95.314294 
 46127872      93.600000      95.313315 
 46127872      93.600000      95.314944 
 46127872      93.600000      95.314472 
 46127872      93.600000      95.316659 
 46127872      93.600000      95.315020 
 46127872      93.600000      95.317735 
 46127872      93.600000      95.318207 
 46127872      93.600000      95.317015 
 46127872      93.600000      95.317321 
 46127872      93.600000      95.315029 
 46127872      93.600000      95.317651 
 46127872      93.600000      95.317817 
 46127872      93.600000      95.316870 
 46127872      93.600000      95.314906 
 46127872      93.600000      95.318250 
 46127872      93.600000      95.316410 
 46127872      93.600000      95.316199 
 46127872      93.600000      95.316646 
 46127872      93.600000      95.314278 
 46127872      93.600000      95.318530 
 46127872      93.600000      95.318640 
 46127872      93.600000      95.312075 
 46127872      93.600000      95.313370 
 46127872      93.600000      95.315260 
 46127872      93.600000      95.315240 
 46127872      93.600000      95.318071 
 46127872      93.600000      95.313450 
 46127872      93.600000      95.316934 
 46127872      93.600000      95.318576 
 46127872      93.600000      95.317486 
 46127872      93.600000      95.318873 
 46127872      93.600000      95.318369 
 46127872      93.600000      95.320469 
 46127872      93.600000      95.316462 
 46127872      93.600000      95.315680 
 46127872      93.600000      95.319299 
 46127872      93.600000      95.314895 
 46127872      93.600000      95.317446 
 46127872      93.600000      95.315060 
 46127872      93.600000      95.315490 
 46127872      10.400000      95.315646 
 46127872      93.600000      95.316253 
 46127872      93.600000      95.313845 
 46127872      93.600000      95.319231 
 46127872      93.600000      95.316929 
 46127872      93.600000      95.317215 
 46127872      93.600000      95.311073 
 46127872      93.600000      95.317493 
 46127872      93.600000      95.318691 
 46127872      93.600000      95.317074 
 46127872      93.600000      95.315024 
 46127872      93.600000      95.315734 
 46127872      93.600000      95.312937 
 46127872      93.600000      95.315289 
 46127872      93.600000      95.316456 
 46127872      93.600000      95.316352 
 46127872      93.600000      95.312484 
 46127872      93.600000      95.316054 
 46127872      93.600000      95.316717 
 46127872      93.600000      95.315883 
 46127872      93.600000      95.314503 
 46127872      93.600000      95.316463 
 46127872      93.600000      95.313532 
 46127872      93.600000      95.313867 
 46127872      93.600000      95.312756 
 46127872      93.600000      95.314601 
 46127872      93.600000      95.311745 
 46127872      93.600000      95.315875 
 46127872      93.600000      95.311932 
 46127872      93.600000      95.314382 
 46127872      93.600000      95.313857 
 46127872      93.600000      95.315917 
 46127872      93.600000      95.314463 
 46127872      93.600000      95.315017 
 46127872      93.600000      95.314342 
 46127872      93.600000      95.316908 
 46127872      93.600000      95.314850 
 46127872      93.600000      95.313809 
 46127872      93.600000      95.321676 
 46127872      93.600000      95.316065 
 46127872      93.600000      95.322509 
 46127872      93.600000      95.317948 
 46127872      93.600000      95.319871 
 46127872      93.600000      95.319337 
 46127872      93.600000      95.321181 
 46127872      93.600000      95.320330 
 46127872      93.600000      95.317489 
 46127872      93.600000      95.314603 
 46127872      93.600000      95.313680 
 46127872      93.600000      95.313979 
 46127872      93.600000      95.314389 
 46127872      93.600000      95.316033 
 46127872      93.600000      95.314413 
 46127872      93.600000      95.314642 
 46127872      93.600000      95.313436 
 46127872      93.600000      95.314403 
 46127872      93.600000      95.314204 
 46127872      93.600000      95.318556 
 46127872      93.600000      95.315399 
 46127872      93.600000      95.319003 
 46127872      93.600000      95.316955 
 46127872      93.600000      95.315867 
 46127872      93.600000      95.315500 
 46127872      93.600000      95.316577 
 46127872      93.600000      95.315438 
 46127872      93.600000      95.313666 
 46127872      93.600000      95.316987 
 46127872      93.600000      95.316108 
 46127872      93.600000      95.317681 
 46127872      93.600000      95.312682 
 46127872      93.600000      95.316825 
 46127872      93.600000      95.315795 
 46127872      93.600000      95.312581 
 46127872      93.600000      95.316455 
 46127872      93.600000      95.316779 
 46127872      93.600000      95.313094 
 46127872      93.600000      95.315742 
 46127872      93.600000      95.311174 
 46127872      93.600000      95.314177 
 46127872      93.600000      95.317168 
 46127872      93.600000      95.317089 
 46127872      93.600000      95.316157 
 46127872      93.600000      95.317561 
 46127872      93.600000      95.317886 
 46127872      93.600000      95.315017 
 46127872      93.600000      95.315329 
 46127872      93.600000      95.314892 
 46127872      93.600000      95.312020 
 46127872      93.600000      95.315518 
 46127872      93.600000      95.314407 
 46127872      93.600000      95.313363 
 46127872      93.600000      95.314646 
 46127872      93.600000      95.317555 
 46127872      93.600000      95.315819 
 46127872      93.600000      95.316088 
 46127872      93.600000      95.315540 
 46127872      93.600000      95.314047 
 46127872      93.600000      95.318363 
 46127872      93.600000      95.318459 
 46127872      93.600000      95.315508 
 46127872      93.600000      95.316825 
 46127872      93.600000      95.316341 
 46127872      93.600000      95.313578 
 46127872      93.600000      95.316630 
 46127872      93.600000      95.315669 
 46127872      93.600000      95.316193 
 46127872      93.600000      95.318197 
 46127872      93.600000      95.311619 
 46127872      93.600000      95.313024 
 46127872      93.600000      95.313072 
 46127872      93.600000      95.316477 
 46127872      93.600000      95.319380 
 46127872      93.600000      95.317271 
 46127872      93.600000      95.319036 
 46127872      93.600000      95.316578 
 46127872      93.600000      95.319576 
 46127872      93.600000      95.316602 
 46127872      93.600000      95.320197 
 46127872      93.600000      95.315997 
 46127872      93.600000      95.318341 
 46127872      93.600000      95.316633 
 46127872      93.600000      95.321278 
 46127872      93.600000      95.316966 
 46127872      93.600000      95.317225 
 46127872      93.600000      95.316134 
 46127872      93.600000      95.316457 
 46127872      93.600000      95.316593 
 46127872      93.600000      95.317286 
 46127872      93.600000      95.313755 
 46127872      93.600000      95.313192 
 46127872      93.600000      95.316411 
 46127872      93.600000      95.312961 
 46127872      93.600000      95.312543 
 46127872      93.600000      95.316341 
 46127872      93.600000      95.315460 
 46127872      93.600000      95.317364 
 46127872      93.600000      95.313068 
 46127872      93.600000      95.315199 
 46127872      93.600000      95.317453 
 46127872      93.600000      95.316219 
 46127872      93.600000      95.315687 
 46127872      93.600000      95.311340 
 46127872      93.600000      95.313984 
 46127872      93.600000      95.316616 
 46127872      93.600000      95.316762 
 46127872      93.600000      95.316761 
 46127872      93.600000      95.313641 
 46127872      93.600000      95.316358 
 46127872      93.600000      95.315521 
 46127872      93.600000      95.314042 
 46127872      93.600000      95.312735 
 46127872      93.600000      95.311548 
 46127872      93.600000      95.314506 
 46127872      93.600000      95.314721 
 46127872      93.600000      95.313085 
 46127872      93.600000      95.314037 
 46127872      93.600000      95.312845 
 46127872      93.600000      95.314351 
 46127872      93.600000      95.312010 
 46127872      93.600000      95.316219 
 46127872      93.600000      95.314273 
 46127872      93.600000      95.315254 
 46127872      93.600000      95.315444 
 46127872      93.600000      95.315052 
 46127872      93.600000      95.313486 
 46127872      93.600000      95.315046 
 46127872      93.600000      95.314348 
 46127872      93.600000      95.316952 
 46127872      93.600000      95.316878 
 46127872      93.600000      95.317573 
 46127872      93.600000      95.317489 
 46127872      93.600000      95.317237 
 46127872      93.600000      95.318032 
 46127872      93.600000      95.319679 
 46127872      93.600000      95.312512 
 46127872      93.600000      95.311195 
 46127872      93.600000      95.311586 
 46127872      93.600000      95.311522 
 46127872      93.600000      95.318141 
 46127872      93.600000      95.313786 
 46127872      93.600000      95.316003 
 46127872      93.600000      95.313470 
 46127872      93.600000      95.315319 
 46127872      93.600000      95.316209 
 46127872      93.600000      95.318520 
 46127872      93.600000      95.316109 
 46127872      93.600000      95.318139 
 46127872      93.600000      95.315872 
 46127872      93.600000      95.317241 
 46127872      93.600000      95.317287 
 46127872      93.600000      95.315351 
 46127872      93.600000      95.314705 
 46127872      93.600000      95.317001 
 46127872      93.600000      95.311343 
 46127872      93.600000      95.316436 
 46127872      93.600000      95.316972 
 46127872      93.600000      95.315763 
 46127872      93.600000      95.317697 
 46127872      93.600000      95.315501 
 46127872      93.600000      95.314179 
 46127872      93.600000      95.317559 
 46127872      93.600000      95.314595 
 46127872      93.600000      95.314138 
 46127872      93.600000      95.314429 
 46127872      93.600000      95.317623 
 46127872      93.600000      95.314911 
 46127872      93.600000      95.314732 
 46127872      93.600000      95.315738 
 46127872      93.600000      95.314832 
 46127872      93.600000      95.315412 
 46127872      93.600000      95.319599 
 46127872      93.600000      95.318362 
 46127872      93.600000      95.318155 
 46127872      93.600000      95.315922 
 46127872      93.600000      95.317456 
 46127872      93.600000      95.316572 
 46127872      93.600000      95.319726 
 46127872      93.600000      95.316155 
 46127872      93.600000      95.317216 
 46127872      93.600000      95.315568 
 46127872      93.600000      95.315249 
 46127872      93.600000      95.315004 
 46127872      93.600000      95.312443 
 46127872      93.600000      95.312303 
 46127872      93.600000      95.316612 
 46127872      93.600000      95.314064 
 46127872      93.600000      95.316512 
 46127872      93.600000      95.316810 
 46127872      93.600000      95.318273 
 46127872      93.600000      95.317137 
 46127872      93.600000      95.315104 
 46127872      93.600000      95.316453 
 46127872      93.600000      95.317371 
 46127872      93.600000      95.315360 
 46127872      93.600000      95.318247 
 46127872      93.600000      95.314971 
 46127872      93.600000      95.316022 
 46127872      93.600000      95.318385 
 46127872      93.600000      95.316950 
 46127872      93.600000      95.316663 
 46127872      93.600000      95.318279 
 46127872      93.600000      95.318596 
 46127872      93.600000      95.314624 
 46127872      93.600000      95.316924 
 46127872      93.600000      95.313056 
 46127872      93.600000      95.315602 
 46127872      93.600000      95.314468 
 46127872      93.600000      95.318164 
 46127872      93.600000      95.312609 
 46127872      93.600000      95.315600 
 46127872      93.600000      95.314428 
 46127872      93.600000      95.314879 
 46127872      93.600000      95.315875 
 46127872      93.600000      95.312514 
 46127872      93.600000      95.313210 
 46127872      93.600000      95.317628 
 46127872      93.600000      95.314322 
 46127872      93.600000      95.313899 
 46127872      93.600000      95.316245 
 46127872      93.600000      95.315872 
 46127872      93.600000      95.316280 
 46127872      93.600000      95.314312 
 46127872      93.600000      95.314916 
 46127872      93.600000      95.315980 
 46127872      93.600000      95.315193 
 46127872      93.600000      95.312262 
 46127872      93.600000      95.315662 
 46127872      93.600000      95.313938 
 46127872      93.600000      95.311003 
 46127872      93.600000      95.310495 
 46127872      93.600000      95.314567 
 46127872      93.600000      95.314260 
 46127872      93.600000      95.314861 
 46127872      93.600000      95.313604 
 46127872      93.600000      95.316353 
 46127872      93.600000      95.311910 
 46127872      93.600000      95.314580 
 46127872      93.600000      95.313996 
 46127872      93.600000      95.315862 
 46127872      93.600000      95.316200 
 46127872      93.600000      95.313379 
 46127872      93.600000      95.314562 
 46127872      93.600000      95.317131 
 46127872      93.600000      95.315818 
 46127872      93.600000      95.318165 
 46127872      93.600000      95.318467 
 46127872      93.600000      95.320220 
 46127872      93.600000      95.316255 
 46127872      93.600000      95.321206 
 46127872      93.600000      95.319233 
 46127872      93.600000      95.312441 
 46127872      93.600000      95.318426 
 46127872      93.600000      95.313794 
 46127872      93.600000      95.315116 
 46127872      93.600000      95.311134 
 46127872      93.600000      95.313175 
 46127872      93.600000      95.315761 
 46127872      93.600000      95.312514 
 46127872      93.600000      95.314206 
 46127872      93.600000      95.319103 
 46127872      93.600000      95.313325 
 46127872      93.600000      95.313713 
 46127872      93.600000      95.317876 
 46127872      93.600000      95.316986 
 46127872      93.600000      95.315578 
 46127872      93.600000      95.315650 
 46127872      93.600000      95.312716 
 46127872      93.600000      95.316732 
 46127872      93.600000      95.315806 
 46127872      93.600000      95.311650 
 46127872      93.600000      95.313003 
 46127872      93.600000      95.314090 
 46127872      93.600000      95.315411 
 46127872      93.600000      95.317175 
 46127872      93.600000      95.313112 
 46127872      93.600000      95.316097 
 46127872      93.600000      95.315419 
 46127872      93.600000      95.316272 
 46127872      93.600000      95.314932 
 46127872      93.600000      95.314153 
 46127872      93.600000      95.313628 
 46127872      93.600000      95.316881 
 46127872      93.600000      95.316058 
 46127872      93.600000      95.314794 
 46127872      93.600000      95.317844 
 46127872      93.600000      95.316237 
 46127872      93.600000      95.318238 
 46127872      93.600000      95.315092 
 46127872      93.600000      95.314877 
 46127872      93.600000      95.318686 
 46127872      93.600000      95.320000 
 46127872      93.600000      95.318784 
 46127872      93.600000      95.315811 
 46127872      93.600000      95.318518 
 46127872      93.600000      95.315551 
 46127872      93.600000      95.315167 
 46127872      93.600000      95.317060 
 46127872      93.600000      95.317099 
 46127872      93.600000      95.317493 
 46127872      93.600000      95.316845 
 46127872      93.600000      95.314902 
 46127872      93.600000      95.314933 
 46127872      93.600000      95.316003 
 46127872      93.600000      95.316583 
 46127872      93.600000      95.314801 
 46127872      93.600000      95.314850 
 46127872      93.600000      95.314667 
 46127872      93.600000      95.314462 
 46127872      93.600000      95.318285 
 46127872      93.600000      95.313784 
 46127872      93.600000      95.317453 
 46127872      93.600000      95.319014 
 46127872      93.600000      95.320591 
 46127872      93.600000      95.317361 
 46127872      93.600000      95.319008 
 46127872      93.600000      95.318123 
 46127872      93.600000      95.316070 
 46127872      93.600000      95.318972 
 46127872      93.600000      95.315798 
 46127872      93.600000      95.313902 
 46127872      93.600000      95.315995 
 46127872      93.600000      95.319195 
 46127872      93.600000      95.315315 
 31470080      93.600000      99.417998 
 31470080      93.600000      99.422140 
 31470080      93.600000      99.424488 
 31470080      93.600000      99.420651 
 31470080      93.600000      99.420000 
 31470080      93.600000      99.419892 
 31470080      93.600000      99.418739 
 31470080      93.600000      99.415505 
 31470080      93.600000      99.419648 
 31470080      93.600000      99.415459 
 31470080      93.600000      99.421957 
 31470080      93.600000      99.421378 
 31470080      93.600000      99.418636 
 31470080      93.600000      99.422977 
 31470080      93.600000      99.421149 
 31470080      93.600000      99.420271 
 31470080      93.600000      99.420383 
 31470080      93.600000      99.422768 
 31470080      93.600000      99.420651 
 31470080      93.600000      99.423181 
 31470080      93.600000      99.422969 
 31470080      93.600000      99.417461 
 31470080      93.600000      99.419666 
 31470080      93.600000      99.416985 
 31470080      93.600000      99.417146 
 31470080      93.600000      99.419876 
 31470080      93.600000      99.421319 
 31470080      93.600000      99.415665 
 31470080      93.600000      99.423333 
 31470080      93.600000      99.421739 
 31470080      93.600000      99.420977 
 31470080      93.600000      99.418609 
 31470080      93.600000      99.418912 
 31470080      93.600000      99.416506 
 31470080      93.600000      99.417667 
 31470080      93.600000      99.417179 
 31470080      93.600000      99.423016 
 31470080      93.600000      99.426093 
 31470080      93.600000      99.418562 
 31470080      93.600000      99.423366 
 31470080      93.600000      99.417683 
 31470080      93.600000      99.415753 
 31470080      93.600000      99.416759 
 31470080      93.600000      99.419125 
 31470080      10.400000      99.418026 
 31470080      93.600000      99.421172 
 31470080      93.600000      99.419722 
 31470080      93.600000      99.418038 
 31470080      93.600000      99.418796 
 31470080      93.600000      99.423272 
 31470080      93.600000      99.419418 
 31470080      93.600000      99.419792 
 31470080      93.600000      99.419000 
 31470080      93.600000      99.423070 
 31470080      93.600000      99.424498 
 31470080      93.600000      99.420510 
 31470080      93.600000      99.423409 
 31470080      93.600000      99.422385 
 31470080      93.600000      99.420536 
 31470080      93.600000      99.419437 
 31470080      93.600000      99.418871 
 31470080      93.600000      99.422020 
 31470080      93.600000      99.423906 
 31470080      93.600000      99.423665 
 31470080      93.600000      99.423440 
 31470080      93.600000      99.419897 
 31470080      93.600000      99.413523 
 31470080      93.600000      99.417591 
 31470080      93.600000      99.416914 
 31470080      93.600000      99.416588 
 31470080      93.600000      99.420987 
 31470080      93.600000      99.419507 
 31470080      93.600000      99.420974 
 31470080      93.600000      99.415942 
 31470080      93.600000      99.415199 
 31470080      93.600000      99.422003 
 31470080      93.600000      99.417193 
 31470080      93.600000      99.423086 
 31470080      93.600000      99.420521 
 31470080      93.600000      99.414945 
 31470080      93.600000      99.415440 
 31470080      93.600000      99.415751 
 31470080      93.600000      99.422994 
 31470080      93.600000      99.424660 
 31470080      93.600000      99.423985 
 31470080      93.600000      99.426856 
 31470080      93.600000      99.425515 
 31470080      93.600000      99.416525 
 31470080      93.600000      99.418872 
 31470080      93.600000      99.421924 
 31470080      93.600000      99.418013 
 31470080      93.600000      99.420558 
 31470080      93.600000      99.421706 
 31470080      93.600000      99.419601 
 31470080      93.600000      99.418110 
 31470080      93.600000      99.418450 
 31470080      93.600000      99.422891 
 31470080      93.600000      99.422731 
 31470080      93.600000      99.419176 
 31470080      93.600000      99.421593 
 31470080      93.600000      99.420841 
 31470080      93.600000      99.419508 
 31470080      93.600000      99.420479 
 31470080      93.600000      99.423160 
 31470080      93.600000      99.422120 
 31470080      93.600000      99.419707 
 31470080      93.600000      99.423738 
 31470080      93.600000      99.422589 
 31470080      93.600000      99.422915 
 31470080      93.600000      99.421942 
 31470080      93.600000      99.419442 
 31470080      93.600000      99.415696 
 31470080      93.600000      99.415587 
 31470080      93.600000      99.417889 
 31470080      93.600000      99.420093 
 31470080      93.600000      99.416146 
 31470080      93.600000      99.413755 
 31470080      93.600000      99.420068 
 31470080      93.600000      99.418248 
 31470080      93.600000      99.420714 
 31470080      93.600000      99.420725 
 31470080      93.600000      99.423945 
 31470080      93.600000      99.421242 
 31470080      93.600000      99.415343 
 31470080      93.600000      99.415379 
 31470080      93.600000      99.416789 
 31470080      93.600000      99.417141 
 31470080      93.600000      99.419923 
 31470080      93.600000      99.423373 
 31470080      93.600000      99.422447 
 31470080      93.600000      99.428254 
 31470080      93.600000      99.416423 
 31470080      93.600000      99.421652 
 31470080      93.600000      99.415113 
 31470080       0.400000      99.417978 
 31470080      93.600000      99.423704 
 31470080      93.600000      99.419378 
 31470080      93.600000      99.423524 
 31470080      93.600000      99.416954 
 31470080      93.600000      99.418217 
 31470080      93.600000      99.417047 
 31470080      93.600000      99.422090 
 31470080      93.600000      99.419017 
 31470080      93.600000      99.418821 
 31470080      93.600000      99.419602 
 31470080      93.600000      99.421865 
 31470080      93.600000      99.420762 
 31470080      93.600000      99.420490 
 31470080      93.600000      99.423156 
 31470080      93.600000      99.422836 
 31470080      93.600000      99.422869 
 31470080      93.600000      99.423300 
 31470080      93.600000      99.423263 
 31470080      93.600000      99.419223 
 31470080      93.600000      99.425937 
 31470080      93.600000      99.421248 
 31470080      93.600000      99.415775 
 31470080      93.600000      99.418380 
 31470080      93.600000      99.418903 
 31470080      93.600000      99.417891 
 31470080      93.600000      99.419786 
 31470080      93.600000      99.419475 
 31470080      93.600000      99.420493 
 31470080      93.600000      99.416765 
 31470080      93.600000      99.419422 
 31470080      93.600000      99.419597 
 31470080      93.600000      99.419879 
 31470080      93.600000      99.421744 
 31470080      93.600000      99.420492 
 31470080      93.600000      99.421541 
 31470080      93.600000      99.417478 
 31470080      93.600000      99.418203 
 31470080      93.600000      99.417536 
 31470080      93.600000      99.414871 
 31470080      93.600000      99.413571 
 31470080      93.600000      99.421860 
 31470080      93.600000      99.422701 
 31470080      93.600000      99.424284 
 31470080      93.600000      99.424002 
 31470080      93.600000      99.417876 
 31470080      93.600000      99.417744 
 31470080      93.600000      99.420945 
 31469824      93.600000     -80.363960 
 31469824      93.600000     -80.362354 
 31469824      93.600000     -80.363453 
 31469824      93.600000     -80.364013 
 31469824      93.600000     -80.367987 
 31469824      93.600000     -80.361420 
 31469824      93.600000     -80.367215 
 31469824      93.600000     -80.367802 
 31469824      93.600000     -80.367760 
 31469824      93.600000     -80.367183 
 31469824      93.600000     -80.364626 
 31469824      93.600000     -80.365882 
 31469824      93.600000     -80.365596 
 31469824      93.600000     -80.362783 
 31469824      93.600000     -80.362762 
 31469824      93.600000     -80.367016 
 31469824      93.600000     -80.363667 
 31469824      93.600000     -80.363483 
 31469824      93.600000     -80.364798 
 31469824      93.600000     -80.364978 
 31469824      93.600000     -80.365631 
 31469824      93.600000     -80.364071 
 31469824      93.600000     -80.367890 
 31469824      93.600000     -80.366121 
 31469824      93.600000     -80.363957 
 31469824      93.600000     -80.363590 
 31469824      93.600000     -80.359551 
 31469824      93.600000     -80.364425 
 31469824      93.600000     -80.363252 
 31469824      93.600000     -80.361769 
 31469824      93.600000     -80.365718 
 31469824      93.600000     -80.365964 
 31469824      93.600000     -80.363571 
 31469824      93.600000     -80.365998 
 31469824      93.600000     -80.368822 
 31469824      93.600000     -80.367604 
 31469824      93.600000     -80.368025 
 31469824      93.600000     -80.364924 
 31469824      93.600000     -80.368108 
 31469824      93.600000     -80.369438 
 31469824      93.600000     -80.369448 
 31469824      93.600000     -80.365246 
 31469824      93.600000     -80.363714 
 31469824       0.400000     -80.364118 
 31469824      93.600000     -80.360936 
 31469824      93.600000     -80.363295 
 31469824      93.600000     -80.362177 
 31469824      93.600000     -80.362181 
 31469824      93.600000     -80.363562 
 31469824      93.600000     -80.367570 
 31469824      93.600000     -80.366596 
 31469824      93.600000     -80.368853 
 31469824      93.600000     -80.367932 
 31469824      93.600000     -80.368292 
 31469824      93.600000     -80.366723 
 31469824      93.600000     -80.369262 
 31469824      93.600000     -80.367844 
 31469824      93.600000     -80.364881 
 31469824      93.600000     -80.362681 
 31469824      93.600000     -80.364633 
 31469824      93.600000     -80.363958 
 31469824      93.600000     -80.363023 
 31469824      93.600000     -80.364603 
 31469824      93.600000     -80.363559 
 31469824      93.600000     -80.362204 
 31469824      93.600000     -80.366171 
 31469824      93.600000     -80.365831 
 31469824      93.600000     -80.364109 
 31469824      93.600000     -80.366025 
 31469824      93.600000     -80.367817 
 31469824      93.600000     -80.362650 
 31469824      93.600000     -80.362375 
 31469824      93.600000     -80.365016 
 31469824      93.600000     -80.364779 
 31469824      93.600000     -80.364495 
 31469824      93.600000     -80.366581 
 31469824      93.600000     -80.366600 
 31469824      93.600000     -80.366646 
 31469824      93.600000     -80.366932 
 31469824      93.600000     -80.364988 
 31469824      93.600000     -80.367773 
 31469824      93.600000     -80.366978 
 31469824      93.600000     -80.367298 
 31469824      93.600000     -80.366180 
 31469824      93.600000     -80.368247 
 31469824      93.600000     -80.367492 
 31469824      93.600000     -80.365012 
 31469824      93.600000     -80.367789 
 31469824      93.600000     -80.367174 
 31469824      93.600000     -80.359397 
 31469824      93.600000     -80.363701 
 31469824      93.600000     -80.362096 
 31469824      93.600000     -80.363630 
 31469824      93.600000     -80.365307 
 31469824      93.600000     -80.362949 
 31469824      93.600000     -80.364453 
 31469824      93.600000     -80.367111 
 31469824      93.600000     -80.368959 
 31469824      93.600000     -80.366428 
 31469824      93.600000     -80.366809 
 31469824      93.600000     -80.367106 
 31469824      93.600000     -80.365561 
 31469824      93.600000     -80.367800 
 31469824      93.600000     -80.365182 
 31469824      93.600000     -80.363574 
 31469824      93.600000     -80.363995 
 31469824      93.600000     -80.362939 
 31469824      93.600000     -80.364209 
 31469824      93.600000     -80.364661 
 31469824      93.600000     -80.363190 
 31469824      93.600000     -80.362996 
 31469824      93.600000     -80.365702 
 31469824      93.600000     -80.363709 
 31469824      93.600000     -80.363643 
 31469824      93.600000     -80.365269 
 31469824      93.600000     -80.362248 
 31469824      93.600000     -80.360232 
 31469824      93.600000     -80.363952 
 31469824      93.600000     -80.363732 
 31469824      93.600000     -80.363935 
 31469824      93.600000     -80.363446 
 31469824      93.600000     -80.359587 
 31469824      93.600000     -80.365470 
 31469824      93.600000     -80.365058 
 31469824      93.600000     -80.366532 
 31469824      93.600000     -80.368864 
 31469824      93.600000     -80.365644 
 31469824      93.600000     -80.367712 
 31469824      93.600000     -80.365241 
 31469824      93.600000     -80.367333 
 31469824      93.600000     -80.368422 
 31469824      93.600000     -80.367204 
 31469824      93.600000     -80.366887 
 31469824      93.600000     -80.368242 
 31469824      93.600000     -80.360873 
 31469824      93.600000     -80.363710 
 31469824      93.600000     -80.364005 
 31469824      93.600000     -80.361969 
 31469824      10.400000     -80.363967 
 31469824      93.600000     -80.364593 
 31469824      93.600000     -80.359936 
 31469824      93.600000     -80.362179 
 31469824      93.600000     -80.369207 
 31469824      93.600000     -80.366631 
 31469824      93.600000     -80.365595 
 31469824      93.600000     -80.363803 
 31469824      93.600000     -80.367776 
 31469824      93.600000     -80.365582 
 31469824      93.600000     -80.365453 
 31469824      93.600000     -80.368041 
 31469824      93.600000     -80.366176 
 31469824      93.600000     -80.366823 
 31469824      93.600000     -80.364496 
 31469824      93.600000     -80.360132 
 31469824      93.600000     -80.363557 
 31469824      93.600000     -80.364035 
 31469824      93.600000     -80.364390 
 31469824      93.600000     -80.362261 
 31469824      93.600000     -80.362690 
 31469824      93.600000     -80.365669 
 31469824      93.600000     -80.368684 
 31469824      93.600000     -80.366506 
 31469824      93.600000     -80.367075 
 31469824      93.600000     -80.364262 
 31469824      93.600000     -80.360799 
 31469824      93.600000     -80.364769 
 31469824      93.600000     -80.364323 
 31469824      93.600000     -80.368678 
 31469824      93.600000     -80.364307 
 31469824      93.600000     -80.370349 
 31469824      93.600000     -80.370295 
 31469824      93.600000     -80.366690 
 31469824      93.600000     -80.369226 
 31469824      93.600000     -80.364916 
 31469824      93.600000     -80.367274 
 31469824      93.600000     -80.366297 
 31469824      93.600000     -80.367457 
 31469824      93.600000     -80.362277 
 31469824      93.600000     -80.364905 
 31469824      93.600000     -80.361544 
 31469824      93.600000     -80.364299 
 31469824      93.600000     -80.364512 
 46132992      93.600000     -82.270574 
 46132992      93.600000     -82.269975 
 46132992      93.600000     -82.265881 
 46132992      93.600000     -82.269199 
 46132992      93.600000     -82.273688 
 46132992      93.600000     -82.271959 
 46132992      93.600000     -82.273941 
 46132992      93.600000     -82.271809 
 46132992      93.600000     -82.271363 
 46132992      93.600000     -82.272844 
 46132992      93.600000     -82.268299 
 46132992      93.600000     -82.270927 
 46132992      93.600000     -82.271625 
 46132992      93.600000     -82.270696 
 46132992      93.600000     -82.269451 
 46132992      93.600000     -82.273376 
 46132992      93.600000     -82.271111 
 46132992      93.600000     -82.267727 
 46132992      93.600000     -82.269566 
 46132992      93.600000     -82.272345 
 46132992      93.600000     -82.272018 
 46132992      93.600000     -82.275336 
 46132992      93.600000     -82.274772 
 46132992      93.600000     -82.267631 
 46132992      93.600000     -82.268129 
 46132992      93.600000     -82.271898 
 46132992      93.600000     -82.268218 
 46132992      93.600000     -82.269900 
 46132992      93.600000     -82.274400 
 46132992      93.600000     -82.271160 
 46132992      93.600000     -82.271009 
 46132992      93.600000     -82.269127 
 46132992      93.600000     -82.271856 
 46132992      93.600000     -82.272271 
 46132992      93.600000     -82.274937 
 46132992      93.600000     -82.277660 
 46132992      93.600000     -82.270552 
 46132992      93.600000     -82.274010 
 46132992      93.600000     -82.271555 
 46132992      93.600000     -82.269362 
 46132992      93.600000     -82.269702 
 46132992      93.600000     -82.273714 
 46132992      93.600000     -82.273340 
 46132992      93.600000     -82.269936 
 46132992      93.600000     -82.271413 
 46132992      93.600000     -82.276261 
 46132992      93.600000     -82.274241 
 46132992      93.600000     -82.276207 
 46132992      93.600000     -82.267828 
 46132992      93.600000     -82.268190 
 46132992      93.600000     -82.268311 
 46132992      93.600000     -82.270799 
 46132992      93.600000     -82.270063 
 46132992      93.600000     -82.272473 
 46132992      93.600000     -82.268432 
 46132992      93.600000     -82.268284 
 46132992      93.600000     -82.270641 
 46132992      93.600000     -82.272653 
 46132992      93.600000     -82.270871 
 46132992      93.600000     -82.275426 
 46132992      93.600000     -82.272170 
 46132992      93.600000     -82.273617 
 46132992      93.600000     -82.274172 
 46132992      93.600000     -82.277472 
 46132992      93.600000     -82.271131 
 46132992      93.600000     -82.272421 
 46132992      93.600000     -82.273349 
 46132992      93.600000     -82.271183 
 46132992      93.600000     -82.272426 
 46132992      93.600000     -82.274083 
 46132992      93.600000     -82.273554 
 46132992      93.600000     -82.273771 
 46132992      93.600000     -82.273214 
 46132992      93.600000     -82.272680 
 46132992      93.600000     -82.274864 
 46132992      93.600000     -82.273146 
 46132992      93.600000     -82.273542 
 46132992      93.600000     -82.277817 
 46132992      93.600000     -82.274451 
 46132992      93.600000     -82.274777 
 46132992      93.600000     -82.270564 
 46132992      93.600000     -82.274833 
 46132992      93.600000     -82.273704 
 46132992      93.600000     -82.277830 
 46132992      93.600000     -82.274855 
 46132992      93.600000     -82.275341 
 46132992      93.600000     -82.273856 
 46132992      93.600000     -82.273234 
 46132992      93.600000     -82.274686 
 46132992      93.600000     -82.272558 
 46132992      93.600000     -82.272795 
 46132992      93.600000     -82.272560 
 46132992      93.600000     -82.275280 
 46132992      93.600000     -82.272849 
 46132992      93.600000     -82.274281 
 46132992      93.600000     -82.269680 
 46132992      93.600000     -82.270560 
 46132992      93.600000     -82.275362 
 46132992      93.600000     -82.274099 
 46132992      93.600000     -82.276163 
 46132992      93.600000     -82.272067 
 46132992      93.600000     -82.271854 
 46132992      93.600000     -82.273465 
 46132992      93.600000     -82.271741 
 46132992      93.600000     -82.275128 
 46132992      93.600000     -82.269255 
 46132992      93.600000     -82.271098 
 46132992      93.600000     -82.270431 
 46132992      10.400000     -82.270565 
 46132992      93.600000     -82.269770 
 46132992      93.600000     -82.268429 
 46132992      93.600000     -82.267611 
 46132992      93.600000     -82.275733 
 46132992      93.600000     -82.270741 
 46132992      93.600000     -82.271841 
 46132992      93.600000     -82.271250 
 46132992      93.600000     -82.270289 
 46132992      93.600000     -82.269893 
 46132992      93.600000     -82.271413 
 46132992      93.600000     -82.273505 
 46132992      93.600000     -82.275913 
 46132992      93.600000     -82.271403 
 46132992      93.600000     -82.269078 
 46132992      93.600000     -82.270290 
 46132992      93.600000     -82.270535 
 46132992      93.600000     -82.272625 
 46132992      93.600000     -82.269786 
 46132992      93.600000     -82.268558 
 46132992      93.600000     -82.267846 
 46132992      93.600000     -82.269243 
 46132992      93.600000     -82.273401 
 46132992      93.600000     -82.273449 
 46132992      93.600000     -82.272337 
 46132992      93.600000     -82.272146 
 46132992      93.600000     -82.268628 
 46132992      93.600000     -82.269065 
 46132992      93.600000     -82.270739 
 46132992      93.600000     -82.269983 
 46132992      93.600000     -82.273001 
 46132992      93.600000     -82.270438 
 46132992      93.600000     -82.272258 
 46132992      93.600000     -82.271652 
 46132992      93.600000     -82.270096 
 46132992      93.600000     -82.270246 
 46132992      93.600000     -82.271733 
 46132992      93.600000     -82.271801 
 46132992      93.600000     -82.270618 
 46132992      93.600000     -82.273695 
 46132992      93.600000     -82.269785 
 46132992      93.600000     -82.272456 
 46132992      93.600000     -82.273116 
 46132992      93.600000     -82.268796 
 46132992      93.600000     -82.269823 
 46132992      93.600000     -82.269738 
 46132992      93.600000     -82.272970 
 46132992      93.600000     -82.274484 
 46132992      93.600000     -82.270749 
 46132992      93.600000     -82.272687 
 46132992      93.600000     -82.275276 
 46132992      93.600000     -82.270989 
 46132992      93.600000     -82.269931 
 46132992      93.600000     -82.272928 
 46132992      93.600000     -82.272977 
 46132992      93.600000     -82.268238 
 46132992      93.600000     -82.270042 
 46132992      93.600000     -82.272337 
 46132992      93.600000     -82.271968 
 46132992      93.600000     -82.270271 
 46132992      93.600000     -82.271375 
 46132992      93.600000     -82.270199 
 46132992      93.600000     -82.268037 
 46132992      93.600000     -82.269836 
 46132992      93.600000     -82.267869 
 46132992      93.600000     -82.269273 
 46132992      93.600000     -82.272070 
 46132992      93.600000     -82.273071 
 46132992      93.600000     -82.274239 
 46132992      93.600000     -82.272381 
 46132992      93.600000     -82.273102 
 46132992      93.600000     -82.272965 
 46132992      93.600000     -82.272629 
 46132992      93.600000     -82.274135 
 46132992      93.600000     -82.273094 
 46132992      93.600000     -82.274184 
 46132992      93.600000     -82.273626 
 46132992      93.600000     -82.270386 
 46132992      93.600000     -82.274113 
 46132992      93.600000     -82.271291 
 46132992      93.600000     -82.275412 
 46132992      93.600000     -82.272701 
 46132992      93.600000     -82.276269 
 46132992      93.600000     -82.274624 
 46132992      93.600000     -82.272536 
 46132992      93.600000     -82.273558 
 46132992      93.600000     -82.275000 
 46132992      93.600000     -82.274141 
 46132992      93.600000     -82.270692 
 46132992      93.600000     -82.273300 
 46132992      93.600000     -82.274678 
 46132992      93.600000     -82.275455 
 46132992      93.600000     -82.276387 
 46132992      93.600000     -82.274599 
 46132992      93.600000     -82.270120 
 46132992      93.600000     -82.273599 
 46132992      93.600000     -82.272041 
 46132992      93.600000     -82.273472 
 46132992      93.600000     -82.273812 
 46132992      93.600000     -82.269802 
 46132992      93.600000     -82.269986 
 46132992      93.600000     -82.269700 
 46132992      93.600000     -82.275184 
 46132992      93.600000     -82.273902 
 46132992      93.600000     -82.270431 
 46132992      93.600000     -82.272988 
 46132992      93.600000     -82.272967 
 46132992      93.600000     -82.273312 
 46132992      93.600000     -82.271295 
 46132992      93.600000     -82.273050 
 46132992      93.600000     -82.270074 
 46132992      93.600000     -82.273280 
 46132992      93.600000     -82.271181 
 46132992      93.600000     -82.272287 
 46132992       0.400000     -82.270740 
 46132992      93.600000     -82.269844 
 46132992      93.600000     -82.268140 
 46132992      93.600000     -82.267051 
 46132992      93.600000     -82.266764 
 46132992      93.600000     -82.269196 
 46132992      93.600000     -82.272213 
 46132992      93.600000     -82.270216 
 46132992      93.600000     -82.271757 
 46132992      93.600000     -82.270991 
 46132992      93.600000     -82.271363 
 46132992      93.600000     -82.270114 
 46132992      93.600000     -82.270912 
 46132992      93.600000     -82.271544 
 46132992      93.600000     -82.269793 
 46132992      93.600000     -82.270529 
 46132992      93.600000     -82.274818 
 46132992      93.600000     -82.268422 
 46132992      93.600000     -82.271446 
 46132992      93.600000     -82.271621 
 46132992      93.600000     -82.271323 
 46132992      93.600000     -82.270490 
 46132992      93.600000     -82.267853 
 46132992      93.600000     -82.276649 
 46132992      93.600000     -82.274116 
 46132992      93.600000     -82.276259 
 46132992      93.600000     -82.274117 
 46132992      93.600000     -82.275760 
 46132992      93.600000     -82.273580 
 46132992      93.600000     -82.273560 
 46132992      93.600000     -82.273390 
 46132992      93.600000     -82.271324 
 46132992      93.600000     -82.269123 
 46132992      93.600000     -82.273077 
 46132992      93.600000     -82.268311 
 46132992      93.600000     -82.272816 
 46132992      93.600000     -82.273378 
 46132992      93.600000     -82.270135 
 46132992      93.600000     -82.271411 
 46132992      93.600000     -82.273770 
 46132992      93.600000     -82.271602 
 46132992      93.600000     -82.271987 
 46132992      93.600000     -82.270876 
 46132992      93.600000     -82.273721 
 46132992      93.600000     -82.271232 
 46132992      93.600000     -82.272672 
 46132992      93.600000     -82.270270 
 46132992      93.600000     -82.268958 
 46132992      93.600000     -82.273033 
 46132992      93.600000     -82.270435 
 46132992      93.600000     -82.270191 
 46132992      93.600000     -82.271538 
 46132992      93.600000     -82.269512 
 46132992      93.600000     -82.272232 
 46132992      93.600000     -82.271668 
 46132992      93.600000     -82.271718 
 46132992      93.600000     -82.274546 
 46132992      93.600000     -82.271435 
 46132992      93.600000     -82.272368 
 46132992      93.600000     -82.267418 
 46132992      93.600000     -82.269795 
 46132992      93.600000     -82.268849 
 46132992      93.600000     -82.271202 
 46132992      93.600000     -82.271831 
 46132992      93.600000     -82.271748 
 46132992      93.600000     -82.270515 
 46132992      93.600000     -82.272339 
 46132992      93.600000     -82.269569 
 46132992      93.600000     -82.265358 
 46132992      93.600000     -82.269323 
 46132992      93.600000     -82.271341 
 46132992      93.600000     -82.271720 
 46132992      93.600000     -82.275198 
 46132992      93.600000     -82.272494 
 46132992      93.600000     -82.272160 
 46132992      93.600000     -82.273506 
 46132992      93.600000     -82.271485 
 46132992      93.600000     -82.271437 
 46132992      93.600000     -82.271946 
 46132992      93.600000     -82.275216 
 46132992      93.600000     -82.272461 
 46132992      93.600000     -82.271396 
 46132992      93.600000     -82.278977 
 46132992      93.600000     -82.273345 
 46132992      93.600000     -82.271616 
 46132992      93.600000     -82.275203 
 46132992      93.600000     -82.273456 
 46132992      93.600000     -82.272904 
 46132992      93.600000     -82.272991 
 46132992      93.600000     -82.273936 
 46132992      93.600000     -82.276147 
 46132992      93.600000     -82.274384 
 46132992      93.600000     -82.276028 
 46132992      93.600000     -82.272568 
 46132992      93.600000     -82.274057 
 46132992      93.600000     -82.274681 
 46132992      93.600000     -82.272603 
 46132992      93.600000     -82.273460 
 46132992      93.600000     -82.273060 
 46132992      93.600000     -82.276405 
 46132992      93.600000     -82.273114 
 46132992      93.600000     -82.274201 
 46132992      93.600000     -82.272978 
 46132992      93.600000     -82.274285 
 46132992      93.600000     -82.274489 
 46132992      93.600000     -82.274588 
 46132992      93.600000     -82.271121 
 46132992      93.600000     -82.274193 
 46132992      93.600000     -82.270907 
 46132992      93.600000     -82.272861 
 46132992      93.600000     -82.274301 
 46132992      93.600000     -82.271725 
 46132992      93.600000     -82.271584 
 46132992      93.600000     -82.271916 
 46132992      93.600000     -82.273257 
 46132992      93.600000     -82.274564 
 46132992      93.600000     -82.272809 
 46132992      93.600000     -82.273170 
 46132992      93.600000     -82.269807 
 46132992      93.600000     -82.270277 
 46132992      93.600000     -82.271699 
 46132992      93.600000     -82.270243 
 46132992      93.600000     -82.269588 
 46132992      93.600000     -82.264598 
 46132992      93.600000     -82.267111 
 46132992      93.600000     -82.270854 
 46132992      93.600000     -82.274285 
 46132992      93.600000     -82.273801 
 46132992      93.600000     -82.275210 
 46132992      93.600000     -82.270268 
 46132992      93.600000     -82.275504 
 46132992      93.600000     -82.272110 
 46132992      93.600000     -82.273304 
 46132992      93.600000     -82.271465 
 46132992      93.600000     -82.277140 
 46132992      93.600000     -82.275065 
 46132992      93.600000     -82.272200 
 46132992      93.600000     -82.272431 
 46132992      93.600000     -82.271807 
 46132992      93.600000     -82.270101 
 46132992      93.600000     -82.272698 
 46132992      93.600000     -82.272717 
 46132992      93.600000     -82.266997 
 46132992      93.600000     -82.269437 
 46132992      93.600000     -82.276901 
 46132992      93.600000     -82.276853 
 46132992      93.600000     -82.270887 
 46132992      93.600000     -82.271008 
 46132992      93.600000     -82.268379 
 46132992      93.600000     -82.269260 
 46132992      93.600000     -82.268814 
 46132992      93.600000     -82.275353 
 46132992      93.600000     -82.270734 
 46132992      93.600000     -82.274407 
 46132992      93.600000     -82.270037 
 46132992      93.600000     -82.270337 
 46132992      93.600000     -82.271490 
 46132992      93.600000     -82.269873 
 46132992      93.600000     -82.274050 
 46132992      93.600000     -82.273903 
 46132992      93.600000     -82.272687 
 46132992      93.600000     -82.269979 
 46132992      93.600000     -82.271732 
 46132992      93.600000     -82.270167 
 46132992      93.600000     -82.271210 
 46132992      93.600000     -82.274526 
 46132992      93.600000     -82.270637 
 46132992      93.600000     -82.273488 
 46132992      93.600000     -82.273364 
 46132992      93.600000     -82.272138 
 46132992      93.600000     -82.274113 
 46132992      93.600000     -82.270330 
 46132992      93.600000     -82.268889 
 46132992      93.600000     -82.274660 
 46132992      93.600000     -82.270903 
 46132992      93.600000     -82.269210 
 46132992      93.600000     -82.270695 
 46132992      93.600000     -82.273517 
 46132992      93.600000     -82.271482 
 46132992      93.600000     -82.270396 
 46132992      93.600000     -82.271925 
 46132992      93.600000     -82.273355 
 46132992      93.600000     -82.274364 
 46132992      93.600000     -82.271007 
 46132992      93.600000     -82.268638 
 46132992      93.600000     -82.269694 
 46132992      93.600000     -82.273358 
 46132992      93.600000     -82.272769 
 46132992      93.600000     -82.275661 
 46132992      93.600000     -82.273706 
 46132992      93.600000     -82.274208 
 46132992      93.600000     -82.272126 
 46132992      93.600000     -82.270146 
 46132992      93.600000     -82.272065 
 46132992      93.600000     -82.272088 
 46132992      93.600000     -82.273065 
 46132992      93.600000     -82.272172 
 46132992      93.600000     -82.272608 
 46132992      93.600000     -82.274383 
 46132992      93.600000     -82.273355 
 46132992      93.600000     -82.273971 
 46132992      93.600000     -82.271353 
 46132992      93.600000     -82.274956 
 46132992      93.600000     -82.273477 
 46132992      93.600000     -82.273493 
 46132992      93.600000     -82.273367 
 46132992      93.600000     -82.275546 
 46132992      93.600000     -82.273638 
 46132992      93.600000     -82.278829 
 46132992      93.600000     -82.276621 
 46132992      93.600000     -82.272931 
 46132992      93.600000     -82.275811 
 46132992      93.600000     -82.273389 
 46132992      93.600000     -82.274395 
 46132992      93.600000     -82.274021 
 46132992      93.600000     -82.271162 
 46132992      93.600000     -82.273608 
 46132992      93.600000     -82.271657 
 46132992      93.600000     -82.272108 
 46132992      93.600000     -82.269775 
 46132992      93.600000     -82.270548 
 46132992      93.600000     -82.269447 
 46132992      93.600000     -82.274897 
 46132992      93.600000     -82.274537 
 46132992      93.600000     -82.273502 
 46132992      93.600000     -82.275010 
 46132992      93.600000     -82.276808 
 46132992      93.600000     -82.275216 
 46132992      93.600000     -82.272968 
 46132992      93.600000     -82.274952 
 46135552      93.600000     -86.940546 
 46135552      93.600000     -86.940508 
 46135552      93.600000     -86.937380 
 46135552      93.600000     -86.936971 
 46135552      93.600000     -86.937833 
 46135552      93.600000     -86.940143 
 46135552      93.600000     -86.940733 
 46135552      93.600000     -86.940536 
 46135552      93.600000     -86.936958 
 46135552      93.600000     -86.936804 
 46135552      93.600000     -86.938686 
 46135552      93.600000     -86.935211 
 46135552      93.600000     -86.938096 
 46135552      93.600000     -86.938444 
 46135552      93.600000     -86.935935 
 46135552      93.600000     -86.939438 
 46135552      93.600000     -86.933835 
 46135552      93.600000     -86.937291 
 46135552      93.600000     -86.940264 
 46135552      93.600000     -86.939544 
 46135552      93.600000     -86.936141 
 46135552      93.600000     -86.936549 
 46135552      93.600000     -86.935289 
 46135552      93.600000     -86.935057 
 46135552      93.600000     -86.935617 
 46135552      93.600000     -86.940500 
 46135552      93.600000     -86.940696 
 46135552      93.600000     -86.943348 
 46135552      93.600000     -86.935543 
 46135552      93.600000     -86.936213 
 46135552      93.600000     -86.933606 
 46135552      93.600000     -86.937313 
 46135552      93.600000     -86.939075 
 46135552      93.600000     -86.933711 
 46135552      93.600000     -86.936449 
 46135552      93.600000     -86.936686 
 46135552      93.600000     -86.934595 
 46135552      93.600000     -86.939636 
 46135552      93.600000     -86.936282 
 46135552      93.600000     -86.937601 
 46135552      93.600000     -86.940674 
 46135552      93.600000     -86.939997 
 46135552      93.600000     -86.941837 
 46135552      93.600000     -86.943003 
 46135552      93.600000     -86.940020 
 46135552      93.600000     -86.936342 
 46135552      93.600000     -86.937394 
 46135552      93.600000     -86.937322 
 46135552      93.600000     -86.939291 
 46135552      93.600000     -86.940492 
 46135552      93.600000     -86.941089 
 46135552      93.600000     -86.944250 
 46135552      93.600000     -86.939816 
 46135552      93.600000     -86.940118 
 46135552      93.600000     -86.941044 
 46135552      93.600000     -86.937842 
 46135552      93.600000     -86.939052 
 46135552      93.600000     -86.940778 
 46135552      93.600000     -86.939407 
 46135552      93.600000     -86.941743 
 46135552      93.600000     -86.941691 
 46135552      93.600000     -86.945184 
 46135552      93.600000     -86.943748 
 46135552      93.600000     -86.939188 
 46135552      93.600000     -86.943116 
 46135552      93.600000     -86.936290 
 46135552      93.600000     -86.935108 
 46135552      93.600000     -86.944070 
 46135552      93.600000     -86.932789 
 46135552      93.600000     -86.942457 
 46135552      93.600000     -86.944755 
 46135552      93.600000     -86.937881 
 46135552      93.600000     -86.934076 
 46135552      93.600000     -86.934710 
 46135552      93.600000     -86.939162 
 46135552      93.600000     -86.939543 
 46135552      93.600000     -86.943278 
 46135552      93.600000     -86.943023 
 46135552      93.600000     -86.940551 
 46135552      93.600000     -86.942851 
 46135552      93.600000     -86.939896 
 46135552      93.600000     -86.940530 
 46135552      93.600000     -86.943559 
 46135552      93.600000     -86.935691 
 46135552      93.600000     -86.940976 
 46135552      93.600000     -86.938752 
 46135552      93.600000     -86.935094 
 46135552      93.600000     -86.935940 
 46135552      93.600000     -86.937907 
 46135552      93.600000     -86.938452 
 46135552      93.600000     -86.939628 
 46135552      93.600000     -86.942071 
 46135552      93.600000     -86.940898 
 46135552      93.600000     -86.940675 
 46135552      93.600000     -86.940506 
 46135552      93.600000     -86.936552 
 46135552      93.600000     -86.940658 
 46135552      93.600000     -86.939945 
 46135552      93.600000     -86.937174 
 46135552      93.600000     -86.938022 
 46135552      93.600000     -86.938645 
 46135552      93.600000     -86.939646 
 46135552      93.600000     -86.939036 
 46135552      93.600000     -86.941407 
 46135552      93.600000     -86.942632 
 46135552      93.600000     -86.938326 
 46135552      93.600000     -86.939129 
 46135552      93.600000     -86.938253 
 46135552      93.600000     -86.937899 
 46135552      93.600000     -86.936110 
 46135552      93.600000     -86.939863 
 46135552      93.600000     -86.939626 
 46135552      93.600000     -86.940376 
 46135552      93.600000     -86.938587 
 46135552      93.600000     -86.942593 
 46135552      93.600000     -86.938967 
 46135552      93.600000     -86.937502 
 46135552      93.600000     -86.937506 
 46135552      93.600000     -86.936224 
 46135552      93.600000     -86.938871 
 46135552      93.600000     -86.936080 
 46135552      93.600000     -86.938990 
 46135552      93.600000     -86.936779 
 46135552      93.600000     -86.934635 
 46135552      93.600000     -86.936783 
 46135552      93.600000     -86.938287 
 46135552      93.600000     -86.940303 
 46135552      93.600000     -86.939191 
 46135552      93.600000     -86.941867 
 46135552      93.600000     -86.936982 
 46135552      93.600000     -86.936765 
 46135552      93.600000     -86.936667 
 46135552      93.600000     -86.936411 
 46135552      93.600000     -86.935752 
 46135552      93.600000     -86.937833 
 46135552      93.600000     -86.944369 
 46135552      93.600000     -86.940132 
 46135552      93.600000     -86.943049 
 46135552      93.600000     -86.935151 
 46135552      93.600000     -86.933625 
 46135552      93.600000     -86.933846 
 46135552      93.600000     -86.935002 
 46135552      93.600000     -86.934589 
 46135552      93.600000     -86.935544 
 46135552      93.600000     -86.940213 
 46135552      93.600000     -86.937050 
 46135552      93.600000     -86.942449 
 46135552      93.600000     -86.938647 
 46135552      93.600000     -86.937670 
 46135552      93.600000     -86.941465 
 46135552      93.600000     -86.942224 
 46135552      93.600000     -86.938731 
 46135552      93.600000     -86.940258 
 46135552      93.600000     -86.940841 
 46135552      93.600000     -86.942521 
 46135552      93.600000     -86.937162 
 46135552      93.600000     -86.944137 
 46135552      93.600000     -86.938348 
 46135552      93.600000     -86.940793 
 46135552      93.600000     -86.939894 
 46135552      93.600000     -86.942221 
 46135552      93.600000     -86.943030 
 46135552      93.600000     -86.943885 
 46135552      93.600000     -86.939953 
 46135552      93.600000     -86.943300 
 46135552      93.600000     -86.942077 
 46135552      93.600000     -86.940483 
 46135552      93.600000     -86.939985 
 46135552      93.600000     -86.941829 
 46135552      93.600000     -86.937969 
 46135552      93.600000     -86.939138 
 46135552      93.600000     -86.941179 
 46135552      93.600000     -86.941628 
 46135552      93.600000     -86.944128 
 46135552      93.600000     -86.938235 
 46135552      93.600000     -86.939732 
 46135552      93.600000     -86.941915 
 46135552      93.600000     -86.942100 
 46135552      93.600000     -86.941235 
 46135552      93.600000     -86.941530 
 46135552      93.600000     -86.940169 
 46135552      93.600000     -86.944421 
 46135552      93.600000     -86.946869 
 46135552      93.600000     -86.942644 
 46135552      93.600000     -86.942411 
 46135552      93.600000     -86.934873 
 46135552      93.600000     -86.933856 
 46135552      93.600000     -86.935097 
 46135552      93.600000     -86.933221 
 46135552      93.600000     -86.938963 
 46135552      93.600000     -86.937514 
 46135552      93.600000     -86.941638 
 46135552      93.600000     -86.944058 
 46135552      93.600000     -86.940363 
 46135552      93.600000     -86.941653 
 46135552      93.600000     -86.942983 
 46135552      93.600000     -86.939752 
 46135552      93.600000     -86.938355 
 46135552      93.600000     -86.938453 
 46135552      93.600000     -86.938542 
 46135552      93.600000     -86.939880 
 46135552      93.600000     -86.935742 
 46135552      93.600000     -86.935899 
 46135552      93.600000     -86.937323 
 46135552      93.600000     -86.936653 
 46135552      93.600000     -86.936463 
 46135552      93.600000     -86.939781 
 46135552      93.600000     -86.938213 
 46135552      93.600000     -86.941764 
 46135552      93.600000     -86.942415 
 46135552      93.600000     -86.939177 
 46135552      93.600000     -86.938248 
 46135552      93.600000     -86.936416 
 46135552      93.600000     -86.939606 
 46135552      93.600000     -86.939718 
 46135552      93.600000     -86.938346 
 46135552      93.600000     -86.937259 
 46135552      93.600000     -86.938358 
 46135552      93.600000     -86.942379 
 46135552      93.600000     -86.941451 
 46135552      93.600000     -86.938834 
 46135552      93.600000     -86.942119 
 46135552      93.600000     -86.939806 
 46135552      93.600000     -86.942622 
 46135552      93.600000     -86.937660 
 46135552      93.600000     -86.939500 
 46135552      93.600000     -86.938937 
 46135552      93.600000     -86.938434 
 46135552      93.600000     -86.937315 
 46135552      93.600000     -86.938249 
 46135552      93.600000     -86.942763 
 46135552      93.600000     -86.941896 
 46135552      93.600000     -86.940550 
 46135552      93.600000     -86.940554 
 46135552      93.600000     -86.937895 
 46135552      93.600000     -86.935774 
 46135552      93.600000     -86.935703 
 46135552      93.600000     -86.938475 
 46135552      93.600000     -86.938633 
 46135552      93.600000     -86.937656 
 46135552      93.600000     -86.935960 
 46135552      93.600000     -86.935802 
 46135552      93.600000     -86.936270 
 46135552      93.600000     -86.937374 
 46135552      93.600000     -86.937169 
 46135552      93.600000     -86.942223 
 46135552      93.600000     -86.937451 
 46135552      93.600000     -86.938909 
 46135552      93.600000     -86.941039 
 46135552      93.600000     -86.940821 
 46135552      93.600000     -86.937131 
 46135552      93.600000     -86.936812 
 46135552      93.600000     -86.936628 
 46135552      93.600000     -86.935958 
 46135552      93.600000     -86.935509 
 46135552      93.600000     -86.941767 
 46135552      93.600000     -86.937842 
 46135552      93.600000     -86.941763 
 46135552      93.600000     -86.939257 
 46135552      93.600000     -86.938360 
 46135552      93.600000     -86.935874 
 46135552      93.600000     -86.936734 
 46135552      93.600000     -86.935343 
 46135552      93.600000     -86.939009 
 46135552      93.600000     -86.933552 
 46135552      93.600000     -86.940158 
 46135552      93.600000     -86.935369 
 46135552      93.600000     -86.934647 
 46135552      93.600000     -86.939061 
 46135552      93.600000     -86.938296 
 46135552      93.600000     -86.945141 
 46135552      93.600000     -86.943516 
 46135552      93.600000     -86.939578 
 46135552      93.600000     -86.944413 
 46135552      93.600000     -86.943663 
 46135552      93.600000     -86.943118 
 46135552      93.600000     -86.940201 
 46135552      93.600000     -86.936735 
 46135552      93.600000     -86.940485 
 46135552      93.600000     -86.940041 
 46135552      93.600000     -86.943613 
 46135552      93.600000     -86.941868 
 46135552      93.600000     -86.941349 
 46135552      93.600000     -86.939954 
 46135552      93.600000     -86.945349 
 46135552      93.600000     -86.939216 
 46135552      93.600000     -86.945810 
 46135552      93.600000     -86.938547 
 46135552      93.600000     -86.941990 
 46135552      93.600000     -86.938777 
 46135552      93.600000     -86.941666 
 46135552      93.600000     -86.945281 
 46135552      93.600000     -86.943850 
 46135552      93.600000     -86.944347 
 46135552      93.600000     -86.947042 
 46135552      93.600000     -86.940950 
 46135552      93.600000     -86.947677 
 46135552      93.600000     -86.934571 
 46135552      93.600000     -86.936223 
 46135552      93.600000     -86.939292 
 46135552      93.600000     -86.937489 
 46135552      93.600000     -86.939057 
 46135552      93.600000     -86.941131 
 46135552      93.600000     -86.940512 
 46135552      93.600000     -86.943286 
 46135552      93.600000     -86.940762 
 46135552      93.600000     -86.940701 
 46135552      93.600000     -86.940139 
 46135552      93.600000     -86.936799 
 46135552      93.600000     -86.937420 
 46135552      93.600000     -86.938837 
 46135552      93.600000     -86.939337 
 46135552      93.600000     -86.938369 
 46135552      93.600000     -86.940300 
 46135552      93.600000     -86.934787 
 46135552      93.600000     -86.935547 
 46135552      93.600000     -86.938497 
 46135552      93.600000     -86.937453 
 46135552      93.600000     -86.940347 
 46135552      93.600000     -86.937990 
 46135552      93.600000     -86.938516 
 46135552      93.600000     -86.940279 
 46135552      93.600000     -86.940120 
 46135552      93.600000     -86.939306 
 46135552      93.600000     -86.938617 
 46135552      93.600000     -86.940082 
 46135552      93.600000     -86.941808 
 46135552      93.600000     -86.939153 
 46135552      93.600000     -86.943438 
 46135552      93.600000     -86.938953 
 46135552      93.600000     -86.936797 
 46135552      93.600000     -86.942303 
 46135552      93.600000     -86.942248 
 46135552      93.600000     -86.938311 
 46135552      93.600000     -86.937594 
 46135552      93.600000     -86.940359 
 46135552      93.600000     -86.941553 
 46135552      93.600000     -86.938363 
 46135552      93.600000     -86.936733 
 46135552      93.600000     -86.940766 
 46135552      93.600000     -86.940309 
 46135552       0.400000     -86.938866 
 46135552      93.600000     -86.935953 
 46135552      10.400000     -86.938959 
 46135552      93.600000     -86.936518 
 46135552      93.600000     -86.940937 
 46135552      93.600000     -86.943497 
 46135552      93.600000     -86.941820 
 46135552      93.600000     -86.943362 
 46135552      93.600000     -86.940315 
 46135552      93.600000     -86.933832 
 46135552      93.600000     -86.935005 
 46135552      93.600000     -86.935931 
 46135552      93.600000     -86.933852 
 46135552      93.600000     -86.936123 
 46135552      93.600000     -86.938614 
 46135552      93.600000     -86.937002 
 46135552      93.600000     -86.937031 
 46135552      93.600000     -86.938056 
 46135552      93.600000     -86.935477 
 46135552      93.600000     -86.937738 
 46135552      93.600000     -86.932177 
 46135552      93.600000     -86.938340 
 46135552      93.600000     -86.941472 
 46135552      93.600000     -86.938481 
 46135552      93.600000     -86.942354 
 46135552      93.600000     -86.941079 
 46135552      93.600000     -86.940246 
 46135552      93.600000     -86.937009 
 46135552      93.600000     -86.932748 
 46135552      93.600000     -86.934117 
 46135552      93.600000     -86.937043 
 46135552      93.600000     -86.934061 
 46135552      93.600000     -86.938223 
 46135552      93.600000     -86.935359 
 46135552      93.600000     -86.937792 
 46135552      93.600000     -86.936244 
 46135552      93.600000     -86.940416 
 46135552      93.600000     -86.937954 
 46135552      93.600000     -86.942294 
 46135552      93.600000     -86.941279 
 46135552      93.600000     -86.937481 
 46135552      93.600000     -86.937062 
 46135552      93.600000     -86.944714 
 46135552      93.600000     -86.942190 
 46135552      93.600000     -86.941280 
 46135552      93.600000     -86.942734 
 46135552      93.600000     -86.943230 
 46135552      93.600000     -86.937853 
 46135552      93.600000     -86.939484 
 46135552      93.600000     -86.941087 
 46135552      93.600000     -86.937012 
 46135552      93.600000     -86.940002 
 46135552      93.600000     -86.939858 
 46135552      93.600000     -86.938434 
 46135552      93.600000     -86.943051 
 46135552      93.600000     -86.940348 
 46135552      93.600000     -86.940465 
 46135552      93.600000     -86.937126 
 46135552      93.600000     -86.946877 
 46135552      93.600000     -86.940342 
 46135552      93.600000     -86.944655 
 46135552      93.600000     -86.942169 
 46135552      93.600000     -86.938283 
 46135552      93.600000     -86.937396 
 46135552      93.600000     -86.939094 
 46135552      93.600000     -86.937935 
 46135552      93.600000     -86.941468 
 46135552      93.600000     -86.943327 
 46135552      93.600000     -86.940745 
 46135552      93.600000     -86.944303 
 46135552      93.600000     -86.942849 
 46135552      93.600000     -86.933957 
 46135552      93.600000     -86.931977 
 46135552      93.600000     -86.942734 
 46135552      93.600000     -86.933639 
 46135552      93.600000     -86.938669 
 46135552      93.600000     -86.932058 
 46135552      93.600000     -86.935198 
 46135552      93.600000     -86.940309 
 46135552      93.600000     -86.943045 
 46135552      93.600000     -86.941063 
 46135552      93.600000     -86.941956 
 46135552      93.600000     -86.942081 
 46135552      93.600000     -86.941512 
 46135552      93.600000     -86.938812 
 46135552      93.600000     -86.939846 
 46135552      93.600000     -86.938316 
 46135552      93.600000     -86.936074 
 46135552      93.600000     -86.938573 
 46135552      93.600000     -86.938032 
 46135552      93.600000     -86.938204 
 46135552      93.600000     -86.936111 
 46135552      93.600000     -86.940489 
 46135552      93.600000     -86.934615 
 46135552      93.600000     -86.935860 
 46135552      93.600000     -86.934508 
 46135552      93.600000     -86.938582 
 46135552      93.600000     -86.937901 
 46135552      93.600000     -86.938347 
 46135552      93.600000     -86.937576 
 46135552      93.600000     -86.938921 
 46135552      93.600000     -86.942663 
 46135552      93.600000     -86.943172 
 46135552      93.600000     -86.940622 
 46135552      93.600000     -86.936515 
 46135552      93.600000     -86.938923 
 46135552      93.600000     -86.938903 
 46135552      93.600000     -86.939762 
 46135552      93.600000     -86.939620 
 46135552      93.600000     -86.940473 
 46135552      93.600000     -86.942745 
