## MACS2214 IRAC ch1 observation
# 1 AOR
# 2 EXPTIME
# 3 CROTA
 46131456      10.400000     -67.620338 
 46131456      93.600000     -67.618469 
 46131456      93.600000     -67.620474 
 46131456      93.600000     -67.623352 
 46131456      93.600000     -67.620734 
 46131456      93.600000     -67.616219 
 46131456      93.600000     -67.616224 
 46131456      93.600000     -67.620402 
 46131456      93.600000     -67.618242 
 46131456      93.600000     -67.620204 
 46131456      93.600000     -67.619828 
 46131456      93.600000     -67.620471 
 46131456      93.600000     -67.616646 
 46131456      93.600000     -67.619732 
 46131456      93.600000     -67.621876 
 46131456      93.600000     -67.617053 
 46131456      93.600000     -67.616823 
 46131456      93.600000     -67.614172 
 46131456      93.600000     -67.617806 
 46131456      93.600000     -67.617073 
 46131456      93.600000     -67.617228 
 46131456      93.600000     -67.621370 
 46131456      93.600000     -67.621955 
 46131456      93.600000     -67.619987 
 46131456      93.600000     -67.618595 
 46131456      93.600000     -67.618629 
 46131456      93.600000     -67.621468 
 46131456      93.600000     -67.616519 
 46131456      93.600000     -67.620295 
 46131456      93.600000     -67.619057 
 46131456      93.600000     -67.612127 
 46131456      93.600000     -67.619995 
 46131456      93.600000     -67.614756 
 46131456      93.600000     -67.611474 
 46131456      93.600000     -67.629701 
 46131456      93.600000     -67.614308 
 46131456      93.600000     -67.622494 
 46131456      93.600000     -67.623384 
 46131456      93.600000     -67.618435 
 46131456      93.600000     -67.619913 
 46131456      93.600000     -67.616964 
 46131456      93.600000     -67.619575 
 46131456      93.600000     -67.617630 
 46131456      93.600000     -67.618111 
 46131456      93.600000     -67.623307 
 46131456      93.600000     -67.624221 
 46131456      93.600000     -67.624641 
 46131456      93.600000     -67.626231 
 46131456      93.600000     -67.617061 
 46131456      93.600000     -67.625074 
 46131456      93.600000     -67.619193 
 46131456      93.600000     -67.620096 
 46131456      93.600000     -67.622648 
 46131456      93.600000     -67.620225 
 46131456      93.600000     -67.615362 
 46131456      93.600000     -67.616124 
 46131456      93.600000     -67.620667 
 46131456      93.600000     -67.620179 
 46131456      93.600000     -67.624009 
 46131456      93.600000     -67.634068 
 46131456      93.600000     -67.634217 
 46131456      93.600000     -67.634045 
 46131456      93.600000     -67.634951 
 46131456      93.600000     -67.632462 
 46131456      93.600000     -67.628650 
 46131456      93.600000     -67.627696 
 46131456      93.600000     -67.630655 
 46131456      93.600000     -67.630997 
 46131456      93.600000     -67.634736 
 46131456      93.600000     -67.633240 
 46131456      93.600000     -67.630856 
 46131456      93.600000     -67.629774 
 46131456      93.600000     -67.626980 
 46131456      93.600000     -67.625701 
 46131456      93.600000     -67.632405 
 46131456      93.600000     -67.630454 
 46131456      93.600000     -67.631002 
 46131456      93.600000     -67.625598 
 46131456      93.600000     -67.633563 
 46131456      93.600000     -67.626380 
 46131456      93.600000     -67.626899 
 46131456      93.600000     -67.628665 
 46131456      93.600000     -67.634993 
 46131456      93.600000     -67.626648 
 46131456      93.600000     -67.629854 
 46131456      93.600000     -67.628469 
 46131456      93.600000     -67.629346 
 46131456      93.600000     -67.624411 
 46131456      93.600000     -67.632389 
 46131456      93.600000     -67.629217 
 46131456      93.600000     -67.636762 
 46131456      93.600000     -67.632933 
 46131456      93.600000     -67.626897 
 46131456      93.600000     -67.632422 
 46131456      93.600000     -67.631650 
 46131456      93.600000     -67.632846 
 46131456      93.600000     -67.629529 
 46131456      93.600000     -67.626253 
 46131456      93.600000     -67.630829 
 46131456      93.600000     -67.638833 
 46131456      93.600000     -67.632102 
 46131456      93.600000     -67.637558 
 46131456      93.600000     -67.629998 
 46131456      93.600000     -67.636233 
 46131456      93.600000     -67.630742 
 46131456      93.600000     -67.622975 
 46131456      93.600000     -67.635643 
 46131456      93.600000     -67.623638 
 46131456      93.600000     -67.628870 
 46131456      93.600000     -67.633555 
 46131456      93.600000     -67.632550 
 46131456      93.600000     -67.634371 
 46131456      93.600000     -67.626460 
 46131456      93.600000     -67.633132 
 46131456      93.600000     -67.630172 
 46131456      93.600000     -67.632578 
 46131456      93.600000     -67.632685 
 46131456      93.600000     -67.636386 
 46131456      93.600000     -67.619525 
 46131456      93.600000     -67.618286 
 46131456      93.600000     -67.623788 
 46131456      93.600000     -67.624514 
 46131456      93.600000     -67.612180 
 46131456      93.600000     -67.615408 
 46131456      93.600000     -67.614271 
 46131456      93.600000     -67.611171 
 46131456      93.600000     -67.616301 
 46131456      93.600000     -67.617497 
 46131456      93.600000     -67.616536 
 46131456      93.600000     -67.620002 
 46131456      93.600000     -67.624643 
 46131456      93.600000     -67.616033 
 46131456      93.600000     -67.619682 
 46131456      93.600000     -67.622751 
 46131456      93.600000     -67.619825 
 46131456      93.600000     -67.617660 
 46131456      93.600000     -67.621257 
 46131456      93.600000     -67.614381 
 46131456      93.600000     -67.618233 
 46131456      93.600000     -67.618350 
 46131456      93.600000     -67.617974 
 46131456      93.600000     -67.613318 
 46131456      93.600000     -67.617384 
 46131456      93.600000     -67.622494 
 46131456      93.600000     -67.623485 
 46131456      93.600000     -67.621492 
 46131456      93.600000     -67.620633 
 46131456      93.600000     -67.622056 
 46131456      93.600000     -67.622071 
 46131456      93.600000     -67.619743 
 46131456      93.600000     -67.626180 
 46131456      93.600000     -67.615842 
 46131456      93.600000     -67.612260 
 46131456      93.600000     -67.622004 
 46131456      93.600000     -67.618464 
 46131456      93.600000     -67.620087 
 46131456      93.600000     -67.624655 
 46131456      93.600000     -67.619163 
 46131456      93.600000     -67.617727 
 46131456      93.600000     -67.618860 
 46131456      93.600000     -67.618540 
 46131456      93.600000     -67.614777 
 46131456      93.600000     -67.618826 
 46131456      93.600000     -67.627301 
 46131456      93.600000     -67.624377 
 46131456      93.600000     -67.624195 
 46131456      93.600000     -67.621036 
 46131456      93.600000     -67.618219 
 46131456      93.600000     -67.624880 
 46131456      93.600000     -67.621513 
 46131456      93.600000     -67.626061 
 46131456      93.600000     -67.609700 
 46131456      93.600000     -67.621988 
 46131456      93.600000     -67.621806 
 46131456      93.600000     -67.612644 
 46131456      93.600000     -67.616787 
 46131456      93.600000     -67.617783 
 46131456      93.600000     -67.618323 
 46131456      93.600000     -67.621392 
 46131456      93.600000     -67.616254 
 46131456      93.600000     -67.630610 
 46131456      93.600000     -67.635971 
 46131456      93.600000     -67.630362 
 46131456      93.600000     -67.630343 
 46131456      93.600000     -67.630709 
 46131456      93.600000     -67.632273 
 46131456      93.600000     -67.635296 
 46131456      93.600000     -67.624595 
 46131456      93.600000     -67.628800 
 46131456      93.600000     -67.632373 
 46131456      93.600000     -67.624498 
 46131456      93.600000     -67.633924 
 46131456      93.600000     -67.636159 
 46131456      93.600000     -67.639860 
 46131456      93.600000     -67.634596 
 46131456      93.600000     -67.624563 
 46131456      93.600000     -67.623489 
 46131456      93.600000     -67.631214 
 46131456      93.600000     -67.623807 
 46131456      93.600000     -67.634140 
 46131456      93.600000     -67.630231 
 46131456      93.600000     -67.629744 
 46131456      93.600000     -67.630289 
 46131456      93.600000     -67.630454 
 46131456      93.600000     -67.627571 
 46131456      93.600000     -67.629250 
 46131456      93.600000     -67.631709 
 46131456      93.600000     -67.632130 
 46131456      93.600000     -67.631268 
 46131456      93.600000     -67.629420 
 46131456      93.600000     -67.630638 
 46131456      93.600000     -67.636755 
 46131456      93.600000     -67.633657 
 46131456      93.600000     -67.634267 
 46131456      93.600000     -67.631061 
 46131456      93.600000     -67.629261 
 46131456      93.600000     -67.631137 
 46131456      93.600000     -67.629611 
 46131456      93.600000     -67.630917 
 46131456      93.600000     -67.630050 
 46131456      93.600000     -67.631082 
 46131456      93.600000     -67.628795 
 46131456      93.600000     -67.637621 
 46131456      93.600000     -67.629684 
 46131456      93.600000     -67.628114 
 46131456      93.600000     -67.636465 
 46131456      93.600000     -67.635084 
 46131456      93.600000     -67.636756 
 46131456      93.600000     -67.633637 
 46131456      93.600000     -67.629155 
 46131456      93.600000     -67.626704 
 46131456      93.600000     -67.628227 
 46131456      93.600000     -67.627420 
 46131456      93.600000     -67.628458 
 46131456      93.600000     -67.625463 
 46131456      93.600000     -67.629397 
 46131456      93.600000     -67.623722 
 46131456      93.600000     -67.632260 
 46131456      93.600000     -67.637183 
 46131456      93.600000     -67.629485 
 46131456      93.600000     -67.626883 
 46131456      93.600000     -67.627635 
 46131456      93.600000     -67.634513 
 46131456      93.600000     -67.635469 
 46131456      93.600000     -67.636582 
 46131456      93.600000     -67.620485 
 46131456      93.600000     -67.617750 
 46131456      93.600000     -67.619251 
 46131456      93.600000     -67.620136 
 46131456      93.600000     -67.615724 
 46131456      93.600000     -67.617856 
 46131456      93.600000     -67.615727 
 46131456      93.600000     -67.618662 
 46131456      93.600000     -67.617953 
 46131456      93.600000     -67.617220 
 46131456      93.600000     -67.619419 
 46131456      93.600000     -67.621195 
 46131456      93.600000     -67.616030 
 46131456      93.600000     -67.622005 
 46131456      93.600000     -67.618249 
 46131456      93.600000     -67.621404 
 46131456      93.600000     -67.616293 
 46131456      93.600000     -67.617877 
 46131456      93.600000     -67.612713 
 46131456      93.600000     -67.620448 
 46131456      93.600000     -67.625516 
 46131456      93.600000     -67.619403 
 46131456      93.600000     -67.620762 
 46131456      93.600000     -67.624627 
 46131456      93.600000     -67.617698 
 46131456      93.600000     -67.623647 
 46131456      93.600000     -67.621783 
 46131456      93.600000     -67.624051 
 46131456      93.600000     -67.611853 
 46131456      93.600000     -67.616515 
 46131456      93.600000     -67.618025 
 46131456      93.600000     -67.614936 
 46131456      93.600000     -67.615666 
 46131456      93.600000     -67.618498 
 46131456      93.600000     -67.617083 
 46131456      93.600000     -67.623983 
 46131456      93.600000     -67.619665 
 46131456      93.600000     -67.622715 
 46131456      93.600000     -67.621795 
 46131456      93.600000     -67.620999 
 46131456      93.600000     -67.618088 
 46131456      93.600000     -67.619823 
 46131456      93.600000     -67.622854 
 46131456      93.600000     -67.614528 
 46131456      93.600000     -67.618944 
 46131456      93.600000     -67.620881 
 46131456      93.600000     -67.620641 
 46131456      93.600000     -67.624878 
 46131456      93.600000     -67.618331 
 46131456      93.600000     -67.613972 
 46131456      93.600000     -67.617841 
 46131456      93.600000     -67.616146 
 46131456      93.600000     -67.621723 
 46131456      93.600000     -67.639762 
 46131456      93.600000     -67.626829 
 46131456      93.600000     -67.637155 
 46131456      93.600000     -67.631531 
 46131456      93.600000     -67.635483 
 46131456      93.600000     -67.625486 
 46131456      93.600000     -67.628332 
 46131456      93.600000     -67.630782 
 46131456      93.600000     -67.629898 
 46131456      93.600000     -67.630100 
 46131456      93.600000     -67.629700 
 46131456      93.600000     -67.632498 
 46131456      93.600000     -67.628567 
 46131456      93.600000     -67.630415 
 46131456      93.600000     -67.627808 
 46131456      93.600000     -67.627675 
 46131456      93.600000     -67.625031 
 46131456      93.600000     -67.628009 
 46131456      93.600000     -67.632349 
 46131456      93.600000     -67.632146 
 46131456      93.600000     -67.629902 
 46131456      93.600000     -67.631101 
 46131456      93.600000     -67.626944 
 46131456      93.600000     -67.632961 
 46131456      93.600000     -67.629589 
 46131456      93.600000     -67.632147 
 46131456      93.600000     -67.629692 
 46131456      93.600000     -67.627435 
 46131456      93.600000     -67.632037 
 46131456      93.600000     -67.630669 
 46131456      93.600000     -67.632233 
 46131456      93.600000     -67.631169 
 46131456      93.600000     -67.625453 
 46131456      93.600000     -67.626033 
 46131456      93.600000     -67.624737 
 46131456      93.600000     -67.629553 
 46131456      93.600000     -67.630507 
 46131456      93.600000     -67.631509 
 46131456      93.600000     -67.626644 
 46131456      93.600000     -67.630232 
 46131456      93.600000     -67.631364 
 46131456      93.600000     -67.633004 
 46131456      93.600000     -67.632773 
 46131456      93.600000     -67.627604 
 46131456      93.600000     -67.631660 
 46131456      93.600000     -67.632744 
 46131456       0.400000     -67.620172 
 46131456      93.600000     -67.621916 
 46131456      93.600000     -67.626350 
 46131456      93.600000     -67.619331 
 46131456      93.600000     -67.623165 
 46131456      93.600000     -67.621000 
 46131456      93.600000     -67.623645 
 46131456      93.600000     -67.620835 
 46131456      93.600000     -67.615291 
 46131456      93.600000     -67.617148 
 46131456      93.600000     -67.622619 
 46131456      93.600000     -67.620361 
 46131456      93.600000     -67.620378 
 46131456      93.600000     -67.620101 
 46131456      93.600000     -67.621616 
 46131456      93.600000     -67.614589 
 46131456      93.600000     -67.614764 
 46131456      93.600000     -67.618836 
 46131456      93.600000     -67.613006 
 46131456      93.600000     -67.612095 
 46131456      93.600000     -67.619855 
 46131456      93.600000     -67.615920 
 46131456      93.600000     -67.623473 
 46131456      93.600000     -67.628303 
 46131456      93.600000     -67.623233 
 46131456      93.600000     -67.613255 
 46131456      93.600000     -67.620854 
 46131456      93.600000     -67.617883 
 46131456      93.600000     -67.616694 
 46131456      93.600000     -67.618936 
 46131456      93.600000     -67.618473 
 46131456      93.600000     -67.614472 
 46131456      93.600000     -67.614678 
 46131456      93.600000     -67.625410 
 46131456      93.600000     -67.615480 
 46131456      93.600000     -67.617517 
 46131456      93.600000     -67.620374 
 46131456      93.600000     -67.620634 
 46131456      93.600000     -67.618182 
 46131456      93.600000     -67.621203 
 46131456      93.600000     -67.614112 
 46131456      93.600000     -67.622966 
 46131456      93.600000     -67.614341 
 46131456      93.600000     -67.620192 
 46131456      93.600000     -67.621669 
 46131456      93.600000     -67.617821 
 46131456      93.600000     -67.623331 
 46131456      93.600000     -67.626659 
 46131456      93.600000     -67.620444 
 46131456      93.600000     -67.621716 
 46131456      93.600000     -67.620221 
 46131456      93.600000     -67.621622 
 46131456      93.600000     -67.617338 
 46131456      93.600000     -67.632722 
 46131456      93.600000     -67.630490 
 46131456      93.600000     -67.631017 
 46131456      93.600000     -67.626378 
 46131456      93.600000     -67.635545 
 46131456      93.600000     -67.636138 
 46131456      93.600000     -67.633846 
 46131456      93.600000     -67.633552 
 46131456      93.600000     -67.632930 
 46131456      93.600000     -67.627490 
 46131456      93.600000     -67.627353 
 46131456      93.600000     -67.628219 
 46131456      93.600000     -67.636699 
 46131456      93.600000     -67.627199 
 46131456      93.600000     -67.623994 
 46131456      93.600000     -67.630043 
 46131456      93.600000     -67.630987 
 46131456      93.600000     -67.623878 
 46131456      93.600000     -67.623364 
 46131456      93.600000     -67.627911 
 46131456      93.600000     -67.629468 
 46131456      93.600000     -67.632668 
 46131456      93.600000     -67.633431 
 46131456      93.600000     -67.624855 
 46131456      93.600000     -67.629467 
 46131456      93.600000     -67.624313 
 46131456      93.600000     -67.626304 
 46131456      93.600000     -67.627286 
 46131456      93.600000     -67.630127 
 46131456      93.600000     -67.631216 
 46131456      93.600000     -67.633695 
 46131456      93.600000     -67.635890 
 46131456      93.600000     -67.632068 
 46131456      93.600000     -67.629500 
 46131456      93.600000     -67.632982 
 46131456      93.600000     -67.635634 
 46131456      93.600000     -67.634137 
 46131456      93.600000     -67.637041 
 46131456      93.600000     -67.625511 
 46131456      93.600000     -67.624061 
 46131456      93.600000     -67.632935 
 46131456      93.600000     -67.626215 
 46131456      93.600000     -67.627688 
 46131456      93.600000     -67.625382 
 46131456      93.600000     -67.626053 
 46131456      93.600000     -67.630474 
 46131456      93.600000     -67.632429 
 46131456      93.600000     -67.628481 
 46131456      93.600000     -67.632406 
 46131456      93.600000     -67.626632 
 46131456      93.600000     -67.641012 
 46131456      93.600000     -67.635004 
 46131456      93.600000     -67.629622 
 46131456      93.600000     -67.636787 
 46131456      93.600000     -67.631892 
 46128896      93.600000     -66.898816 
 46128896      93.600000     -66.890913 
 46128896      93.600000     -66.889561 
 46128896      93.600000     -66.890403 
 46128896      93.600000     -66.894305 
 46128896      93.600000     -66.892212 
 46128896      93.600000     -66.893971 
 46128896      93.600000     -66.890906 
 46128896      93.600000     -66.891279 
 46128896      93.600000     -66.898796 
 46128896      93.600000     -66.898378 
 46128896      93.600000     -66.888640 
 46128896      93.600000     -66.889326 
 46128896      93.600000     -66.895126 
 46128896      93.600000     -66.891884 
 46128896      93.600000     -66.891409 
 46128896      93.600000     -66.888580 
 46128896      93.600000     -66.896052 
 46128896      93.600000     -66.893784 
 46128896      93.600000     -66.892372 
 46128896      93.600000     -66.891339 
 46128896      93.600000     -66.893532 
 46128896      93.600000     -66.895069 
 46128896      93.600000     -66.896453 
 46128896      93.600000     -66.892387 
 46128896      93.600000     -66.898861 
 46128896      93.600000     -66.888726 
 46128896      93.600000     -66.895571 
 46128896      93.600000     -66.892918 
 46128896      93.600000     -66.892588 
 46128896      93.600000     -66.896213 
 46128896      93.600000     -66.892987 
 46128896      93.600000     -66.891462 
 46128896      93.600000     -66.893278 
 46128896      93.600000     -66.891889 
 46128896      93.600000     -66.898238 
 46128896      93.600000     -66.893244 
 46128896      93.600000     -66.898065 
 46128896      93.600000     -66.890229 
 46128896      93.600000     -66.899475 
 46128896      93.600000     -66.892778 
 46128896      93.600000     -66.895714 
 46128896      93.600000     -66.893928 
 46128896      93.600000     -66.891044 
 46128896      93.600000     -66.892493 
 46128896      93.600000     -66.894097 
 46128896      93.600000     -66.897991 
 46128896      93.600000     -66.890853 
 46128896      93.600000     -66.892635 
 46128896      93.600000     -66.888718 
 46128896      93.600000     -66.894005 
 46128896      93.600000     -66.892840 
 46128896      93.600000     -66.896268 
 46128896      93.600000     -66.891638 
 46128896      93.600000     -66.890220 
 46128896      93.600000     -66.908272 
 46128896      93.600000     -66.909759 
 46128896      93.600000     -66.900582 
 46128896      93.600000     -66.903879 
 46128896      93.600000     -66.905521 
 46128896      93.600000     -66.901747 
 46128896      93.600000     -66.909735 
 46128896      93.600000     -66.909100 
 46128896      93.600000     -66.903002 
 46128896      93.600000     -66.910218 
 46128896      93.600000     -66.906022 
 46128896      93.600000     -66.909206 
 46128896      93.600000     -66.903882 
 46128896      93.600000     -66.906726 
 46128896      93.600000     -66.900071 
 46128896      93.600000     -66.896625 
 46128896      93.600000     -66.907416 
 46128896      93.600000     -66.902441 
 46128896      93.600000     -66.909945 
 46128896      93.600000     -66.908871 
 46128896      93.600000     -66.903793 
 46128896      93.600000     -66.905585 
 46128896      93.600000     -66.902270 
 46128896      93.600000     -66.908715 
 46128896      93.600000     -66.904879 
 46128896      93.600000     -66.904766 
 46128896      93.600000     -66.908317 
 46128896      93.600000     -66.900539 
 46128896      93.600000     -66.913215 
 46128896      93.600000     -66.902435 
 46128896      93.600000     -66.898607 
 46128896      93.600000     -66.907850 
 46128896      93.600000     -66.907559 
 46128896      93.600000     -66.909299 
 46128896      93.600000     -66.905549 
 46128896      93.600000     -66.901283 
 46128896      93.600000     -66.902554 
 46128896      93.600000     -66.905328 
 46128896      93.600000     -66.906250 
 46128896      93.600000     -66.901445 
 46128896      93.600000     -66.906522 
 46128896      93.600000     -66.911126 
 46128896      93.600000     -66.906100 
 46128896      93.600000     -66.908263 
 46128896      93.600000     -66.900811 
 46128896      93.600000     -66.905663 
 46128896      93.600000     -66.909702 
 46128896      93.600000     -66.900742 
 46128896      93.600000     -66.903808 
 46128896      93.600000     -66.899037 
 46128896      93.600000     -66.906503 
 46128896      93.600000     -66.904652 
 46128896      93.600000     -66.910531 
 46128896      93.600000     -66.908572 
 46128896      93.600000     -66.909807 
 46128896      93.600000     -66.909041 
 46128896      93.600000     -66.905885 
 46128896      93.600000     -66.902814 
 46128896      93.600000     -66.905209 
 46128896      93.600000     -66.901086 
 46128896      93.600000     -66.906644 
 46128896      93.600000     -66.902092 
 46128896      93.600000     -66.905783 
 46128896      93.600000     -66.911002 
 46128896       0.400000     -66.891294 
 46128896      93.600000     -66.891086 
 46128896      93.600000     -66.893378 
 46128896      93.600000     -66.892890 
 46128896      93.600000     -66.890358 
 46128896      93.600000     -66.891548 
 46128896      93.600000     -66.886958 
 46128896      93.600000     -66.891767 
 46128896      93.600000     -66.892124 
 46128896      93.600000     -66.888390 
 46128896      93.600000     -66.896076 
 46128896      93.600000     -66.896158 
 46128896      93.600000     -66.889531 
 46128896      93.600000     -66.890976 
 46128896      93.600000     -66.888024 
 46128896      93.600000     -66.897791 
 46128896      93.600000     -66.896838 
 46128896      93.600000     -66.899858 
 46128896      93.600000     -66.888791 
 46128896      93.600000     -66.895499 
 46128896      93.600000     -66.891465 
 46128896      93.600000     -66.889959 
 46128896      93.600000     -66.895818 
 46128896      93.600000     -66.888912 
 46128896      93.600000     -66.889083 
 46128896      93.600000     -66.883671 
 46128896      93.600000     -66.895106 
 46128896      93.600000     -66.891593 
 46128896      93.600000     -66.897076 
 46128896      93.600000     -66.894308 
 46128896      93.600000     -66.890364 
 46128896      93.600000     -66.890669 
 46128896      93.600000     -66.893629 
 46128896      93.600000     -66.903646 
 46128896      93.600000     -66.893285 
 46128896      93.600000     -66.894920 
 46128896      93.600000     -66.897232 
 46128896      93.600000     -66.899110 
 46128896      93.600000     -66.897434 
 46128896      93.600000     -66.895374 
 46128896      93.600000     -66.894199 
 46128896      93.600000     -66.889490 
 46128896      93.600000     -66.896402 
 46128896      93.600000     -66.890066 
 46128896      93.600000     -66.897276 
 46128896      93.600000     -66.893612 
 46128896      93.600000     -66.895197 
 46128896      93.600000     -66.891157 
 46128896      93.600000     -66.894779 
 46128896      93.600000     -66.896244 
 46128896      93.600000     -66.896203 
 46128896      93.600000     -66.891327 
 46128896      93.600000     -66.891538 
 46128896      93.600000     -66.891789 
 46128896      93.600000     -66.889140 
 46128896      93.600000     -66.893231 
 46128896      93.600000     -66.890822 
 46128896      93.600000     -66.891741 
 46128896      93.600000     -66.890189 
 46128896      93.600000     -66.891886 
 46128896      93.600000     -66.904346 
 46128896      93.600000     -66.904892 
 46128896      93.600000     -66.904214 
 46128896      93.600000     -66.905969 
 46128896      93.600000     -66.903235 
 46128896      93.600000     -66.906695 
 46128896      93.600000     -66.900001 
 46128896      93.600000     -66.908817 
 46128896      93.600000     -66.909290 
 46128896      93.600000     -66.902395 
 46128896      93.600000     -66.908081 
 46128896      93.600000     -66.902907 
 46128896      93.600000     -66.905062 
 46128896      93.600000     -66.906244 
 46128896      93.600000     -66.903373 
 46128896      93.600000     -66.906240 
 46128896      93.600000     -66.904578 
 46128896      93.600000     -66.904080 
 46128896      93.600000     -66.908921 
 46128896      93.600000     -66.907794 
 46128896      93.600000     -66.903960 
 46128896      93.600000     -66.905462 
 46128896      93.600000     -66.900153 
 46128896      93.600000     -66.901829 
 46128896      93.600000     -66.905609 
 46128896      93.600000     -66.903506 
 46128896      93.600000     -66.903272 
 46128896      93.600000     -66.901163 
 46128896      93.600000     -66.902629 
 46128896      93.600000     -66.904300 
 46128896      93.600000     -66.907128 
 46128896      93.600000     -66.906199 
 46128896      93.600000     -66.909701 
 46128896      93.600000     -66.902970 
 46128896      93.600000     -66.903801 
 46128896      93.600000     -66.906960 
 46128896      93.600000     -66.903283 
 46128896      93.600000     -66.902961 
 46128896      93.600000     -66.906954 
 46128896      93.600000     -66.905887 
 46128896      93.600000     -66.904970 
 46128896      93.600000     -66.909249 
 46128896      93.600000     -66.900069 
 46128896      93.600000     -66.908025 
 46128896      93.600000     -66.902068 
 46128896      93.600000     -66.901890 
 46128896      93.600000     -66.903269 
 46128896      93.600000     -66.904135 
 46128896      93.600000     -66.908659 
 46128896      93.600000     -66.905638 
 46128896      93.600000     -66.910781 
 46128896      93.600000     -66.911654 
 46128896      93.600000     -66.906870 
 46128896      93.600000     -66.903738 
 46128896      93.600000     -66.906880 
 46128896      93.600000     -66.902207 
 46128896      93.600000     -66.901520 
 46128896      93.600000     -66.902314 
 46128896      93.600000     -66.900209 
 46128896      93.600000     -66.910152 
 46128896      93.600000     -66.900344 
 46128896      10.400000     -66.891083 
 46128896      93.600000     -66.896337 
 46128896      93.600000     -66.891299 
 46128896      93.600000     -66.894422 
 46128896      93.600000     -66.891071 
 46128896      93.600000     -66.892836 
 46128896      93.600000     -66.891122 
 46128896      93.600000     -66.895270 
 46128896      93.600000     -66.888845 
 46128896      93.600000     -66.890879 
 46128896      93.600000     -66.893947 
 46128896      93.600000     -66.893925 
 46128896      93.600000     -66.890442 
 46128896      93.600000     -66.895592 
 46128896      93.600000     -66.888839 
 46128896      93.600000     -66.887779 
 46128896      93.600000     -66.886999 
 46128896      93.600000     -66.893482 
 46128896      93.600000     -66.898968 
 46128896      93.600000     -66.898055 
 46128896      93.600000     -66.895073 
 46128896      93.600000     -66.899000 
 46128896      93.600000     -66.896519 
 46128896      93.600000     -66.899050 
 46128896      93.600000     -66.894500 
 46128896      93.600000     -66.895311 
 46128896      93.600000     -66.893367 
 46128896      93.600000     -66.890013 
 46128896      93.600000     -66.887427 
 46128896      93.600000     -66.889245 
 46128896      93.600000     -66.897093 
 46128896      93.600000     -66.891593 
 46128896      93.600000     -66.894929 
 46128896      93.600000     -66.889618 
 46128896      93.600000     -66.892198 
 46128896      93.600000     -66.896326 
 46128896      93.600000     -66.897431 
 46128896      93.600000     -66.888835 
 46128896      93.600000     -66.891364 
 46128896      93.600000     -66.896794 
 46128896      93.600000     -66.892957 
 46128896      93.600000     -66.892106 
 46128896      93.600000     -66.892142 
 46128896      93.600000     -66.895938 
 46128896      93.600000     -66.895139 
 46128896      93.600000     -66.891608 
 46128896      93.600000     -66.900513 
 46128896      93.600000     -66.895400 
 46128896      93.600000     -66.894785 
 46128896      93.600000     -66.894847 
 46128896      93.600000     -66.888703 
 46128896      93.600000     -66.889154 
 46128896      93.600000     -66.894633 
 46128896      93.600000     -66.897534 
 46128896      93.600000     -66.900136 
 46128896      93.600000     -66.894670 
 46128896      93.600000     -66.892756 
 46128896      93.600000     -66.890747 
 46128896      93.600000     -66.896225 
 46128896      93.600000     -66.896349 
 46128896      93.600000     -66.893411 
 46128896      93.600000     -66.895201 
 46128896      93.600000     -66.892452 
 46128896      93.600000     -66.894488 
 46128896      93.600000     -66.899050 
 46128896      93.600000     -66.905155 
 46128896      93.600000     -66.904786 
 46128896      93.600000     -66.909939 
 46128896      93.600000     -66.901656 
 46128896      93.600000     -66.899493 
 46128896      93.600000     -66.904489 
 46128896      93.600000     -66.899868 
 46128896      93.600000     -66.904413 
 46128896      93.600000     -66.904926 
 46128896      93.600000     -66.908128 
 46128896      93.600000     -66.906274 
 46128896      93.600000     -66.903297 
 46128896      93.600000     -66.902384 
 46128896      93.600000     -66.905093 
 46128896      93.600000     -66.905019 
 46128896      93.600000     -66.905465 
 46128896      93.600000     -66.905088 
 46128896      93.600000     -66.905858 
 46128896      93.600000     -66.899600 
 46128896      93.600000     -66.895779 
 46128896      93.600000     -66.906793 
 46128896      93.600000     -66.902653 
 46128896      93.600000     -66.907984 
 46128896      93.600000     -66.910877 
 46128896      93.600000     -66.903096 
 46128896      93.600000     -66.903545 
 46128896      93.600000     -66.906646 
 46128896      93.600000     -66.903499 
 46128896      93.600000     -66.909245 
 46128896      93.600000     -66.900938 
 46128896      93.600000     -66.902345 
 46128896      93.600000     -66.903878 
 46128896      93.600000     -66.904700 
 46128896      93.600000     -66.903204 
 46128896      93.600000     -66.907620 
 46128896      93.600000     -66.903685 
 46128896      93.600000     -66.908670 
 46128896      93.600000     -66.908789 
 46128896      93.600000     -66.906964 
 46128896      93.600000     -66.912298 
 46128896      93.600000     -66.903611 
 46128896      93.600000     -66.908364 
 46128896      93.600000     -66.910922 
 46128896      93.600000     -66.905387 
 46128896      93.600000     -66.908716 
 46128896      93.600000     -66.904156 
 46128896      93.600000     -66.900853 
 46128896      93.600000     -66.905239 
 46128896      93.600000     -66.904578 
 46128896      93.600000     -66.906038 
 46128896      93.600000     -66.905828 
 46128896      93.600000     -66.905420 
 46128896      93.600000     -66.903611 
 46128896      93.600000     -66.894718 
 46128896      93.600000     -66.887955 
 46128896      93.600000     -66.894545 
 46128896      93.600000     -66.896931 
 46128896      93.600000     -66.890207 
 46128896      93.600000     -66.894903 
 46128896      93.600000     -66.892775 
 46128896      93.600000     -66.889395 
 46128896      93.600000     -66.895017 
 46128896      93.600000     -66.894013 
 46128896      93.600000     -66.892880 
 46128896      93.600000     -66.885600 
 46128896      93.600000     -66.890546 
 46128896      93.600000     -66.896546 
 46128896      93.600000     -66.892509 
 46128896      93.600000     -66.896705 
 46128896      93.600000     -66.895208 
 46128896      93.600000     -66.896805 
 46128896      93.600000     -66.894450 
 46128896      93.600000     -66.894060 
 46128896      93.600000     -66.895316 
 46128896      93.600000     -66.893056 
 46128896      93.600000     -66.895913 
 46128896      93.600000     -66.892224 
 46128896      93.600000     -66.891935 
 46128896      93.600000     -66.890496 
 46128896      93.600000     -66.894503 
 46128896      93.600000     -66.889739 
 46128896      93.600000     -66.892576 
 46128896      93.600000     -66.896566 
 46128896      93.600000     -66.895027 
 46128896      93.600000     -66.885022 
 46128896      93.600000     -66.892504 
 46128896      93.600000     -66.892944 
 46128896      93.600000     -66.894544 
 46128896      93.600000     -66.896456 
 46128896      93.600000     -66.888367 
 46128896      93.600000     -66.890715 
 46128896      93.600000     -66.897237 
 46128896      93.600000     -66.895089 
 46128896      93.600000     -66.894685 
 46128896      93.600000     -66.892422 
 46128896      93.600000     -66.894771 
 46128896      93.600000     -66.891766 
 46128896      93.600000     -66.894632 
 46128896      93.600000     -66.893301 
 46128896      93.600000     -66.890984 
 46128896      93.600000     -66.891565 
 46128896      93.600000     -66.893489 
 46128896      93.600000     -66.892162 
 46128896      93.600000     -66.897749 
 46128896      93.600000     -66.890368 
 46128896      93.600000     -66.898704 
 46128896      93.600000     -66.891879 
 46128896      93.600000     -66.896771 
 46128896      93.600000     -66.892330 
 46128896      93.600000     -66.891780 
 46128896      93.600000     -66.893953 
 46128896      93.600000     -66.893299 
 46128896      93.600000     -66.890301 
 46128896      93.600000     -66.892542 
 46128896      93.600000     -66.891301 
 46128896      93.600000     -66.895529 
 46128896      93.600000     -66.907397 
 46128896      93.600000     -66.905659 
 46128896      93.600000     -66.898784 
 46128896      93.600000     -66.904586 
 46128896      93.600000     -66.896998 
 46128896      93.600000     -66.905827 
 46128896      93.600000     -66.901608 
 46128896      93.600000     -66.907801 
 46128896      93.600000     -66.903564 
 46128896      93.600000     -66.907552 
 46128896      93.600000     -66.905334 
 46128896      93.600000     -66.901006 
 46128896      93.600000     -66.906803 
 46128896      93.600000     -66.907340 
 46128896      93.600000     -66.901612 
 46128896      93.600000     -66.909728 
 46128896      93.600000     -66.902484 
 46128896      93.600000     -66.909668 
 46128896      93.600000     -66.904315 
 46128896      93.600000     -66.904797 
 46128896      93.600000     -66.907904 
 46128896      93.600000     -66.903723 
 46128896      93.600000     -66.901567 
 46128896      93.600000     -66.905694 
 46128896      93.600000     -66.903658 
 46128896      93.600000     -66.908102 
 46128896      93.600000     -66.903865 
 46128896      93.600000     -66.905916 
 46128896      93.600000     -66.902888 
 46128896      93.600000     -66.901159 
 46128896      93.600000     -66.906540 
 46128896      93.600000     -66.906078 
 46128896      93.600000     -66.904763 
 46128896      93.600000     -66.904766 
 46128896      93.600000     -66.909146 
 46128896      93.600000     -66.904080 
 46128896      93.600000     -66.907993 
 46128896      93.600000     -66.907140 
 46128896      93.600000     -66.908978 
 46128896      93.600000     -66.911745 
 46128896      93.600000     -66.899760 
 46128896      93.600000     -66.898416 
 46128896      93.600000     -66.902392 
 46128896      93.600000     -66.905108 
 46128896      93.600000     -66.905868 
 46128896      93.600000     -66.907330 
 46128896      93.600000     -66.905957 
 46128896      93.600000     -66.899574 
 46128896      93.600000     -66.902387 
 46128896      93.600000     -66.909788 
 46128896      93.600000     -66.905542 
 46128896      93.600000     -66.896182 
 46128896      93.600000     -66.906116 
 46128896      93.600000     -66.904760 
 46128896      93.600000     -66.904693 
 46128896      93.600000     -66.906504 
 46128896      93.600000     -66.904529 
 46128896      93.600000     -66.905584 
 46128896      93.600000     -66.907967 
 46128896      93.600000     -66.903008 
 46128896      93.600000     -66.906450 
 31471616      93.600000     -66.588657 
 31471616      93.600000     -66.593600 
 31471616      93.600000     -66.593439 
 31471616      93.600000     -66.589831 
 31471616      93.600000     -66.586536 
 31471616      93.600000     -66.591471 
 31471616      93.600000     -66.590458 
 31471616      93.600000     -66.592584 
 31471616      93.600000     -66.588423 
 31471616      93.600000     -66.600336 
 31471616      93.600000     -66.592380 
 31471616      93.600000     -66.595029 
 31471616      93.600000     -66.593149 
 31471616      93.600000     -66.590315 
 31471616      93.600000     -66.594164 
 31471616      93.600000     -66.596221 
 31471616      93.600000     -66.593522 
 31471616      93.600000     -66.597015 
 31471616      93.600000     -66.594444 
 31471616      93.600000     -66.600695 
 31471616      93.600000     -66.608524 
 31471616      93.600000     -66.588379 
 31471616      93.600000     -66.603615 
 31471616      93.600000     -66.597376 
 31471616      93.600000     -66.607009 
 31471616      93.600000     -66.603083 
 31471616      93.600000     -66.607637 
 31471616      93.600000     -66.609156 
 31471616      93.600000     -66.605244 
 31471616      93.600000     -66.608476 
 31471616      93.600000     -66.604599 
 31471616      93.600000     -66.603722 
 31471616      93.600000     -66.606332 
 31471616      93.600000     -66.610015 
 31471616      93.600000     -66.605881 
 31471616      93.600000     -66.606404 
 31471616      93.600000     -66.607814 
 31471616      93.600000     -66.606562 
 31471616      93.600000     -66.605633 
 31471616      93.600000     -66.609432 
 31471616      93.600000     -66.606467 
 31471616      93.600000     -66.608288 
 31471616      93.600000     -66.589639 
 31471616      93.600000     -66.593875 
 31471616      93.600000     -66.594688 
 31471616      93.600000     -66.593854 
 31471616      93.600000     -66.593675 
 31471616      93.600000     -66.591517 
 31471616      93.600000     -66.594057 
 31471616      93.600000     -66.597586 
 31471616      93.600000     -66.598689 
 31471616      93.600000     -66.595009 
 31471616      93.600000     -66.596996 
 31471616      93.600000     -66.595711 
 31471616      93.600000     -66.594134 
 31471616      93.600000     -66.588680 
 31471616      93.600000     -66.590100 
 31471616      93.600000     -66.595179 
 31471616      93.600000     -66.591726 
 31471616      93.600000     -66.597641 
 31471616      93.600000     -66.591513 
 31471616      93.600000     -66.596613 
 31471616      93.600000     -66.593836 
 31471616      93.600000     -66.593681 
 31471616      93.600000     -66.606818 
 31471616      93.600000     -66.605540 
 31471616      93.600000     -66.596494 
 31471616      93.600000     -66.609218 
 31471616      93.600000     -66.611231 
 31471616      93.600000     -66.606582 
 31471616      93.600000     -66.595107 
 31471616      93.600000     -66.602675 
 31471616      93.600000     -66.608702 
 31471616      93.600000     -66.602581 
 31471616      93.600000     -66.601852 
 31471616      93.600000     -66.604998 
 31471616      93.600000     -66.605115 
 31471616      93.600000     -66.607073 
 31471616      93.600000     -66.605455 
 31471616      93.600000     -66.608129 
 31471616      93.600000     -66.607611 
 31471616      93.600000     -66.606746 
 31471616      93.600000     -66.613591 
 31471616      93.600000     -66.605690 
 31471616      93.600000     -66.604212 
 31471616      93.600000     -66.605012 
 31471616      93.600000     -66.604431 
 31471616      93.600000     -66.600794 
 31471616      93.600000     -66.602201 
 31471616      93.600000     -66.604596 
 31471616      93.600000     -66.605774 
 31471616      93.600000     -66.593967 
 31471616      93.600000     -66.598964 
 31471616      93.600000     -66.589600 
 31471616      93.600000     -66.593884 
 31471616      93.600000     -66.597298 
 31471616      93.600000     -66.594709 
 31471616      93.600000     -66.595234 
 31471616      93.600000     -66.595553 
 31471616      93.600000     -66.598326 
 31471616      93.600000     -66.594788 
 31471616      93.600000     -66.588882 
 31471616      10.400000     -66.591423 
 31471616       0.400000     -66.590960 
 31471616      93.600000     -66.591810 
 31471616      93.600000     -66.594770 
 31471616      93.600000     -66.593544 
 31471616      93.600000     -66.589361 
 31471616      93.600000     -66.594640 
 31471616      93.600000     -66.597652 
 31471616      93.600000     -66.592683 
 31471616      93.600000     -66.593615 
 31471616      93.600000     -66.595664 
 31471616      93.600000     -66.591355 
 31471616      93.600000     -66.597568 
 31471616      93.600000     -66.589714 
 31471616      93.600000     -66.609981 
 31471616      93.600000     -66.602848 
 31471616      93.600000     -66.607446 
 31471616      93.600000     -66.607457 
 31471616      93.600000     -66.607408 
 31471616      93.600000     -66.605529 
 31471616      93.600000     -66.598956 
 31471616      93.600000     -66.603458 
 31471616      93.600000     -66.606590 
 31471616      93.600000     -66.603354 
 31471616      93.600000     -66.608426 
 31471616      93.600000     -66.605712 
 31471616      93.600000     -66.611835 
 31471616      93.600000     -66.602708 
 31471616      93.600000     -66.601901 
 31471616      93.600000     -66.601637 
 31471616      93.600000     -66.604368 
 31471616      93.600000     -66.608294 
 31471616      93.600000     -66.608540 
 31471616      93.600000     -66.603768 
 31471616      93.600000     -66.603055 
 31471616      93.600000     -66.603996 
 31471616      93.600000     -66.606654 
 31471616      93.600000     -66.591806 
 31471616      93.600000     -66.591363 
 31471616      93.600000     -66.589156 
 31471616      93.600000     -66.592922 
 31471616      93.600000     -66.594555 
 31471616      93.600000     -66.594842 
 31471616      93.600000     -66.591829 
 31471616      93.600000     -66.594475 
 31471616      93.600000     -66.594045 
 31471616      93.600000     -66.595517 
 31471616      93.600000     -66.592662 
 31471616      93.600000     -66.592237 
 31471616      93.600000     -66.595110 
 31471616      93.600000     -66.599089 
 31471616      93.600000     -66.594849 
 31471616      93.600000     -66.596094 
 31471616      93.600000     -66.593536 
 31471616      93.600000     -66.588191 
 31471616      93.600000     -66.589644 
 31471616      93.600000     -66.595680 
 31471616      93.600000     -66.591168 
 31471616      93.600000     -66.598094 
 31471616      93.600000     -66.604303 
 31471616      93.600000     -66.611985 
 31471616      93.600000     -66.608734 
 31471616      93.600000     -66.607087 
 31471616      93.600000     -66.611061 
 31471616      93.600000     -66.607665 
 31471616      93.600000     -66.608260 
 31471616      93.600000     -66.603108 
 31471616      93.600000     -66.600933 
 31471616      93.600000     -66.604620 
 31471616      93.600000     -66.610217 
 31471616      93.600000     -66.608915 
 31471616      93.600000     -66.606016 
 31471616      93.600000     -66.608196 
 31471616      93.600000     -66.604193 
 31471616      93.600000     -66.602866 
 31471616      93.600000     -66.604621 
 31471616      93.600000     -66.603981 
 31471616      93.600000     -66.605242 
 31471616      93.600000     -66.600698 
 31471616      93.600000     -66.603296 
 31471360       0.400000     111.232577 
 31471360      93.600000     111.233791 
 31471360      93.600000     111.234619 
 31471360      93.600000     111.232044 
 31471360      93.600000     111.234128 
 31471360      93.600000     111.238251 
 31471360      93.600000     111.223713 
 31471360      93.600000     111.233406 
 31471360      93.600000     111.237792 
 31471360      93.600000     111.224014 
 31471360      93.600000     111.231762 
 31471360      93.600000     111.232185 
 31471360      93.600000     111.233751 
 31471360      93.600000     111.232353 
 31471360      93.600000     111.227944 
 31471360      93.600000     111.230910 
 31471360      93.600000     111.224670 
 31471360      93.600000     111.227195 
 31471360      93.600000     111.228969 
 31471360      93.600000     111.231576 
 31471360      93.600000     111.231686 
 31471360      93.600000     111.233425 
 31471360      93.600000     111.227195 
 31471360      93.600000     111.229872 
 31471360      93.600000     111.246550 
 31471360      93.600000     111.236253 
 31471360      93.600000     111.239673 
 31471360      93.600000     111.239889 
 31471360      93.600000     111.244138 
 31471360      93.600000     111.239035 
 31471360      93.600000     111.242420 
 31471360      93.600000     111.249222 
 31471360      93.600000     111.247474 
 31471360      93.600000     111.246883 
 31471360      93.600000     111.242064 
 31471360      93.600000     111.240283 
 31471360      93.600000     111.235974 
 31471360      93.600000     111.235650 
 31471360      93.600000     111.242454 
 31471360      93.600000     111.242627 
 31471360      93.600000     111.243856 
 31471360      93.600000     111.231835 
 31471360      93.600000     111.238128 
 31471360      93.600000     111.234700 
 31471360      93.600000     111.243122 
 31471360      93.600000     111.236964 
 31471360      93.600000     111.244484 
 31471360      93.600000     111.227587 
 31471360      93.600000     111.227995 
 31471360      93.600000     111.236108 
 31471360      93.600000     111.231854 
 31471360      93.600000     111.234844 
 31471360      93.600000     111.235762 
 31471360      93.600000     111.238042 
 31471360      93.600000     111.234251 
 31471360      93.600000     111.234127 
 31471360      93.600000     111.231932 
 31471360      93.600000     111.232183 
 31471360      93.600000     111.227783 
 31471360      93.600000     111.234441 
 31471360      93.600000     111.229781 
 31471360      93.600000     111.233056 
 31471360      93.600000     111.231657 
 31471360      93.600000     111.229642 
 31471360      93.600000     111.233547 
 31471360      93.600000     111.233981 
 31471360      93.600000     111.229897 
 31471360      93.600000     111.233987 
 31471360      93.600000     111.233743 
 31471360      93.600000     111.242777 
 31471360      93.600000     111.240217 
 31471360      93.600000     111.241787 
 31471360      93.600000     111.244463 
 31471360      93.600000     111.232267 
 31471360      93.600000     111.235889 
 31471360      93.600000     111.236050 
 31471360      93.600000     111.248104 
 31471360      93.600000     111.242690 
 31471360      93.600000     111.240431 
 31471360      93.600000     111.246350 
 31471360      93.600000     111.242322 
 31471360      93.600000     111.239278 
 31471360      93.600000     111.242121 
 31471360      93.600000     111.243747 
 31471360      93.600000     111.231090 
 31471360      93.600000     111.238147 
 31471360      93.600000     111.237065 
 31471360      93.600000     111.243534 
 31471360      93.600000     111.241589 
 31471360      93.600000     111.238430 
 31471360      93.600000     111.239123 
 31471360      10.400000     111.232656 
 31471360      93.600000     111.232567 
 31471360      93.600000     111.234628 
 31471360      93.600000     111.229152 
 31471360      93.600000     111.237156 
 31471360      93.600000     111.231412 
 31471360      93.600000     111.236131 
 31471360      93.600000     111.235933 
 31471360      93.600000     111.230425 
 31471360      93.600000     111.229870 
 31471360      93.600000     111.230026 
 31471360      93.600000     111.233023 
 31471360      93.600000     111.235361 
 31471360      93.600000     111.229205 
 31471360      93.600000     111.227006 
 31471360      93.600000     111.231331 
 31471360      93.600000     111.231802 
 31471360      93.600000     111.233715 
 31471360      93.600000     111.233101 
 31471360      93.600000     111.229152 
 31471360      93.600000     111.232271 
 31471360      93.600000     111.231135 
 31471360      93.600000     111.232432 
 31471360      93.600000     111.239193 
 31471360      93.600000     111.245544 
 31471360      93.600000     111.236638 
 31471360      93.600000     111.240349 
 31471360      93.600000     111.247053 
 31471360      93.600000     111.244703 
 31471360      93.600000     111.238627 
 31471360      93.600000     111.246500 
 31471360      93.600000     111.246872 
 31471360      93.600000     111.246947 
 31471360      93.600000     111.239374 
 31471360      93.600000     111.240689 
 31471360      93.600000     111.235642 
 31471360      93.600000     111.242690 
 31471360      93.600000     111.242233 
 31471360      93.600000     111.237030 
 31471360      93.600000     111.237012 
 31471360      93.600000     111.238333 
 31471360      93.600000     111.237069 
 31471360      93.600000     111.235230 
 31471360      93.600000     111.241125 
 31471360      93.600000     111.240868 
 31471360      93.600000     111.233937 
 31471360      93.600000     111.238196 
 31471360      93.600000     111.230987 
 31471360      93.600000     111.230804 
 31471360      93.600000     111.230309 
 31471360      93.600000     111.233837 
 31471360      93.600000     111.238525 
 31471360      93.600000     111.235336 
 31471360      93.600000     111.235956 
 31471360      93.600000     111.229538 
 31471360      93.600000     111.235182 
 31471360      93.600000     111.233312 
 31471360      93.600000     111.229612 
 31471360      93.600000     111.224704 
 31471360      93.600000     111.236774 
 31471360      93.600000     111.228206 
 31471360      93.600000     111.229659 
 31471360      93.600000     111.235884 
 31471360      93.600000     111.225666 
 31471360      93.600000     111.235609 
 31471360      93.600000     111.231006 
 31471360      93.600000     111.228608 
 31471360      93.600000     111.230761 
 31471360      93.600000     111.242284 
 31471360      93.600000     111.236195 
 31471360      93.600000     111.240131 
 31471360      93.600000     111.238190 
 31471360      93.600000     111.238966 
 31471360      93.600000     111.242992 
 31471360      93.600000     111.240012 
 31471360      93.600000     111.245498 
 31471360      93.600000     111.241829 
 31471360      93.600000     111.245825 
 31471360      93.600000     111.241862 
 31471360      93.600000     111.241509 
 31471360      93.600000     111.242176 
 31471360      93.600000     111.243227 
 31471360      93.600000     111.238278 
 31471360      93.600000     111.242775 
 31471360      93.600000     111.241049 
 31471360      93.600000     111.240340 
 31471360      93.600000     111.238564 
 31471360      93.600000     111.237182 
 31471360      93.600000     111.242795 
 31471360      93.600000     111.237383 
 31471360      93.600000     111.243385 
 46134016      10.400000     111.899186 
 46134016      93.600000     111.913122 
 46134016      93.600000     111.904654 
 46134016      93.600000     111.912142 
 46134016      93.600000     111.908004 
 46134016      93.600000     111.912516 
 46134016      93.600000     111.906526 
 46134016      93.600000     111.914215 
 46134016      93.600000     111.916142 
 46134016      93.600000     111.909089 
 46134016      93.600000     111.903011 
 46134016      93.600000     111.912531 
 46134016      93.600000     111.909493 
 46134016      93.600000     111.910984 
 46134016      93.600000     111.909417 
 46134016      93.600000     111.915501 
 46134016      93.600000     111.904104 
 46134016      93.600000     111.904052 
 46134016      93.600000     111.907191 
 46134016      93.600000     111.910223 
 46134016      93.600000     111.908191 
 46134016      93.600000     111.902969 
 46134016      93.600000     111.905612 
 46134016      93.600000     111.901534 
 46134016      93.600000     111.905412 
 46134016      93.600000     111.904827 
 46134016      93.600000     111.909696 
 46134016      93.600000     111.906697 
 46134016      93.600000     111.905233 
 46134016      93.600000     111.904670 
 46134016      93.600000     111.909763 
 46134016      93.600000     111.905292 
 46134016      93.600000     111.910473 
 46134016      93.600000     111.912700 
 46134016      93.600000     111.907095 
 46134016      93.600000     111.912575 
 46134016      93.600000     111.908598 
 46134016      93.600000     111.912877 
 46134016      93.600000     111.908708 
 46134016      93.600000     111.912426 
 46134016      93.600000     111.916284 
 46134016      93.600000     111.913584 
 46134016      93.600000     111.915555 
 46134016      93.600000     111.904801 
 46134016      93.600000     111.906032 
 46134016      93.600000     111.906896 
 46134016      93.600000     111.910285 
 46134016      93.600000     111.913508 
 46134016      93.600000     111.909916 
 46134016      93.600000     111.910253 
 46134016      93.600000     111.911676 
 46134016      93.600000     111.906497 
 46134016      93.600000     111.912961 
 46134016      93.600000     111.912557 
 46134016      93.600000     111.903128 
 46134016      93.600000     111.909508 
 46134016      93.600000     111.908926 
 46134016      93.600000     111.924526 
 46134016      93.600000     111.923797 
 46134016      93.600000     111.918591 
 46134016      93.600000     111.915966 
 46134016      93.600000     111.916721 
 46134016      93.600000     111.921637 
 46134016      93.600000     111.921869 
 46134016      93.600000     111.921084 
 46134016      93.600000     111.919871 
 46134016      93.600000     111.924755 
 46134016      93.600000     111.922497 
 46134016      93.600000     111.924290 
 46134016      93.600000     111.929076 
 46134016      93.600000     111.918107 
 46134016      93.600000     111.923651 
 46134016      93.600000     111.921363 
 46134016      93.600000     111.921360 
 46134016      93.600000     111.921067 
 46134016      93.600000     111.920287 
 46134016      93.600000     111.918810 
 46134016      93.600000     111.924564 
 46134016      93.600000     111.915930 
 46134016      93.600000     111.921871 
 46134016      93.600000     111.918911 
 46134016      93.600000     111.922682 
 46134016      93.600000     111.920708 
 46134016      93.600000     111.923136 
 46134016      93.600000     111.922355 
 46134016      93.600000     111.919772 
 46134016      93.600000     111.920466 
 46134016      93.600000     111.916433 
 46134016      93.600000     111.924261 
 46134016      93.600000     111.924046 
 46134016      93.600000     111.925021 
 46134016      93.600000     111.922682 
 46134016      93.600000     111.925226 
 46134016      93.600000     111.910293 
 46134016      93.600000     111.912655 
 46134016      93.600000     111.916910 
 46134016      93.600000     111.920654 
 46134016      93.600000     111.918750 
 46134016      93.600000     111.921336 
 46134016      93.600000     111.919322 
 46134016      93.600000     111.924407 
 46134016      93.600000     111.918465 
 46134016      93.600000     111.919304 
 46134016      93.600000     111.920851 
 46134016      93.600000     111.917329 
 46134016      93.600000     111.918061 
 46134016      93.600000     111.919108 
 46134016      93.600000     111.899107 
 46134016      93.600000     111.902444 
 46134016      93.600000     111.905878 
 46134016      93.600000     111.901622 
 46134016      93.600000     111.907079 
 46134016      93.600000     111.913109 
 46134016      93.600000     111.912542 
 46134016      93.600000     111.916477 
 46134016      93.600000     111.912865 
 46134016      93.600000     111.911630 
 46134016      93.600000     111.913177 
 46134016      93.600000     111.910034 
 46134016      93.600000     111.914409 
 46134016      93.600000     111.913179 
 46134016      93.600000     111.915124 
 46134016      93.600000     111.903209 
 46134016      93.600000     111.909402 
 46134016      93.600000     111.910683 
 46134016      93.600000     111.908094 
 46134016      93.600000     111.910657 
 46134016      93.600000     111.915177 
 46134016      93.600000     111.913257 
 46134016      93.600000     111.910901 
 46134016      93.600000     111.912851 
 46134016      93.600000     111.908807 
 46134016      93.600000     111.908963 
 46134016      93.600000     111.914480 
 46134016      93.600000     111.904145 
 46134016      93.600000     111.905143 
 46134016      93.600000     111.912624 
 46134016      93.600000     111.902532 
 46134016      93.600000     111.907473 
 46134016      93.600000     111.909624 
 46134016      93.600000     111.911671 
 46134016      93.600000     111.910645 
 46134016      93.600000     111.912383 
 46134016      93.600000     111.907520 
 46134016      93.600000     111.907247 
 46134016      93.600000     111.909732 
 46134016      93.600000     111.904356 
 46134016      93.600000     111.909206 
 46134016      93.600000     111.907541 
 46134016      93.600000     111.917466 
 46134016      93.600000     111.904668 
 46134016      93.600000     111.913136 
 46134016      93.600000     111.906471 
 46134016      93.600000     111.908514 
 46134016      93.600000     111.910407 
 46134016      93.600000     111.915760 
 46134016      93.600000     111.911127 
 46134016      93.600000     111.914126 
 46134016      93.600000     111.903165 
 46134016      93.600000     111.910145 
 46134016      93.600000     111.909870 
 46134016      93.600000     111.916207 
 46134016      93.600000     111.910653 
 46134016      93.600000     111.909164 
 46134016      93.600000     111.906698 
 46134016      93.600000     111.908144 
 46134016      93.600000     111.912714 
 46134016      93.600000     111.926042 
 46134016      93.600000     111.925206 
 46134016      93.600000     111.915809 
 46134016      93.600000     111.921843 
 46134016      93.600000     111.920579 
 46134016      93.600000     111.918751 
 46134016      93.600000     111.922872 
 46134016      93.600000     111.920173 
 46134016      93.600000     111.921977 
 46134016      93.600000     111.920598 
 46134016      93.600000     111.921116 
 46134016      93.600000     111.916700 
 46134016      93.600000     111.920379 
 46134016      93.600000     111.924046 
 46134016      93.600000     111.921014 
 46134016      93.600000     111.920986 
 46134016      93.600000     111.924906 
 46134016      93.600000     111.919387 
 46134016      93.600000     111.922962 
 46134016      93.600000     111.917121 
 46134016      93.600000     111.924067 
 46134016      93.600000     111.914370 
 46134016      93.600000     111.926056 
 46134016      93.600000     111.919802 
 46134016      93.600000     111.919934 
 46134016      93.600000     111.921671 
 46134016      93.600000     111.922987 
 46134016      93.600000     111.923107 
 46134016      93.600000     111.917020 
 46134016      93.600000     111.918937 
 46134016      93.600000     111.922608 
 46134016      93.600000     111.923779 
 46134016      93.600000     111.911070 
 46134016      93.600000     111.921868 
 46134016      93.600000     111.920497 
 46134016      93.600000     111.921018 
 46134016      93.600000     111.914000 
 46134016      93.600000     111.923263 
 46134016      93.600000     111.925124 
 46134016      93.600000     111.926725 
 46134016      93.600000     111.921905 
 46134016      93.600000     111.924716 
 46134016      93.600000     111.911247 
 46134016      93.600000     111.916206 
 46134016      93.600000     111.918553 
 46134016      93.600000     111.915922 
 46134016      93.600000     111.914731 
 46134016      93.600000     111.920222 
 46134016      93.600000     111.921364 
 46134016      93.600000     111.913630 
 46134016      93.600000     111.915951 
 46134016      93.600000     111.919131 
 46134016      93.600000     111.922201 
 46134016      93.600000     111.923309 
 46134016      93.600000     111.925608 
 46134016       0.400000     111.899647 
 46134016      93.600000     111.899248 
 46134016      93.600000     111.904679 
 46134016      93.600000     111.906255 
 46134016      93.600000     111.911154 
 46134016      93.600000     111.912767 
 46134016      93.600000     111.915155 
 46134016      93.600000     111.913217 
 46134016      93.600000     111.911896 
 46134016      93.600000     111.908476 
 46134016      93.600000     111.916372 
 46134016      93.600000     111.905395 
 46134016      93.600000     111.903120 
 46134016      93.600000     111.899951 
 46134016      93.600000     111.908331 
 46134016      93.600000     111.904683 
 46134016      93.600000     111.904653 
 46134016      93.600000     111.907587 
 46134016      93.600000     111.911714 
 46134016      93.600000     111.916211 
 46134016      93.600000     111.906894 
 46134016      93.600000     111.909426 
 46134016      93.600000     111.908930 
 46134016      93.600000     111.905189 
 46134016      93.600000     111.910159 
 46134016      93.600000     111.908093 
 46134016      93.600000     111.906395 
 46134016      93.600000     111.909141 
 46134016      93.600000     111.906207 
 46134016      93.600000     111.906921 
 46134016      93.600000     111.906354 
 46134016      93.600000     111.905798 
 46134016      93.600000     111.908355 
 46134016      93.600000     111.905037 
 46134016      93.600000     111.911182 
 46134016      93.600000     111.901929 
 46134016      93.600000     111.904026 
 46134016      93.600000     111.908955 
 46134016      93.600000     111.907689 
 46134016      93.600000     111.908924 
 46134016      93.600000     111.914979 
 46134016      93.600000     111.914922 
 46134016      93.600000     111.906719 
 46134016      93.600000     111.906161 
 46134016      93.600000     111.904123 
 46134016      93.600000     111.912495 
 46134016      93.600000     111.906781 
 46134016      93.600000     111.908008 
 46134016      93.600000     111.913709 
 46134016      93.600000     111.916917 
 46134016      93.600000     111.913471 
 46134016      93.600000     111.904923 
 46134016      93.600000     111.908004 
 46134016      93.600000     111.917991 
 46134016      93.600000     111.924663 
 46134016      93.600000     111.916394 
 46134016      93.600000     111.919185 
 46134016      93.600000     111.917074 
 46134016      93.600000     111.920780 
 46134016      93.600000     111.916415 
 46134016      93.600000     111.923881 
 46134016      93.600000     111.922448 
 46134016      93.600000     111.921419 
 46134016      93.600000     111.917716 
 46134016      93.600000     111.927388 
 46134016      93.600000     111.924449 
 46134016      93.600000     111.919360 
 46134016      93.600000     111.919132 
 46134016      93.600000     111.922167 
 46134016      93.600000     111.922132 
 46134016      93.600000     111.919521 
 46134016      93.600000     111.916924 
 46134016      93.600000     111.922440 
 46134016      93.600000     111.920258 
 46134016      93.600000     111.921977 
 46134016      93.600000     111.924233 
 46134016      93.600000     111.922314 
 46134016      93.600000     111.919748 
 46134016      93.600000     111.929788 
 46134016      93.600000     111.915282 
 46134016      93.600000     111.916868 
 46134016      93.600000     111.921441 
 46134016      93.600000     111.924344 
 46134016      93.600000     111.917671 
 46134016      93.600000     111.918817 
 46134016      93.600000     111.917353 
 46134016      93.600000     111.926096 
 46134016      93.600000     111.923420 
 46134016      93.600000     111.926759 
 46134016      93.600000     111.921851 
 46134016      93.600000     111.922574 
 46134016      93.600000     111.910010 
 46134016      93.600000     111.922129 
 46134016      93.600000     111.914902 
 46134016      93.600000     111.917103 
 46134016      93.600000     111.918399 
 46134016      93.600000     111.917536 
 46134016      93.600000     111.916895 
 46134016      93.600000     111.914302 
 46134016      93.600000     111.920672 
 46134016      93.600000     111.913121 
 46134016      93.600000     111.916197 
 46134016      93.600000     111.918442 
 46134016      93.600000     111.914342 
 46134016      93.600000     111.920157 
 46134016      93.600000     111.923155 
 46134016      93.600000     111.921088 
 46134016      93.600000     111.920606 
 46134016      93.600000     111.924590 
 46134016      93.600000     111.913174 
 46134016      93.600000     111.918105 
 46134016      93.600000     111.913217 
 46134016      93.600000     111.916220 
 46134016      93.600000     111.926282 
 46134016      93.600000     111.923136 
 46134016      93.600000     111.908767 
 46134016      93.600000     111.908372 
 46134016      93.600000     111.904720 
 46134016      93.600000     111.900856 
 46134016      93.600000     111.913565 
 46134016      93.600000     111.911737 
 46134016      93.600000     111.918160 
 46134016      93.600000     111.911976 
 46134016      93.600000     111.910829 
 46134016      93.600000     111.912414 
 46134016      93.600000     111.900595 
 46134016      93.600000     111.901601 
 46134016      93.600000     111.902189 
 46134016      93.600000     111.908628 
 46134016      93.600000     111.904055 
 46134016      93.600000     111.903500 
 46134016      93.600000     111.899736 
 46134016      93.600000     111.908496 
 46134016      93.600000     111.904860 
 46134016      93.600000     111.910919 
 46134016      93.600000     111.903454 
 46134016      93.600000     111.909774 
 46134016      93.600000     111.914204 
 46134016      93.600000     111.905102 
 46134016      93.600000     111.901850 
 46134016      93.600000     111.914556 
 46134016      93.600000     111.905269 
 46134016      93.600000     111.910643 
 46134016      93.600000     111.908955 
 46134016      93.600000     111.902212 
 46134016      93.600000     111.911262 
 46134016      93.600000     111.911613 
 46134016      93.600000     111.908101 
 46134016      93.600000     111.910734 
 46134016      93.600000     111.909999 
 46134016      93.600000     111.905609 
 46134016      93.600000     111.909911 
 46134016      93.600000     111.906214 
 46134016      93.600000     111.907797 
 46134016      93.600000     111.904065 
 46134016      93.600000     111.913450 
 46134016      93.600000     111.909097 
 46134016      93.600000     111.914061 
 46134016      93.600000     111.907177 
 46134016      93.600000     111.910972 
 46134016      93.600000     111.913604 
 46134016      93.600000     111.911046 
 46134016      93.600000     111.910158 
 46134016      93.600000     111.908995 
 46134016      93.600000     111.908562 
 46134016      93.600000     111.906135 
 46134016      93.600000     111.910018 
 46134016      93.600000     111.912664 
 46134016      93.600000     111.909268 
 46134016      93.600000     111.913600 
 46134016      93.600000     111.905464 
 46134016      93.600000     111.912009 
 46134016      93.600000     111.914785 
 46134016      93.600000     111.914903 
 46134016      93.600000     111.917958 
 46134016      93.600000     111.916712 
 46134016      93.600000     111.925142 
 46134016      93.600000     111.922471 
 46134016      93.600000     111.925192 
 46134016      93.600000     111.926213 
 46134016      93.600000     111.912476 
 46134016      93.600000     111.919776 
 46134016      93.600000     111.921799 
 46134016      93.600000     111.917803 
 46134016      93.600000     111.918601 
 46134016      93.600000     111.922206 
 46134016      93.600000     111.925467 
 46134016      93.600000     111.924296 
 46134016      93.600000     111.917557 
 46134016      93.600000     111.923748 
 46134016      93.600000     111.929943 
 46134016      93.600000     111.920605 
 46134016      93.600000     111.921757 
 46134016      93.600000     111.918579 
 46134016      93.600000     111.917561 
 46134016      93.600000     111.920141 
 46134016      93.600000     111.921794 
 46134016      93.600000     111.921487 
 46134016      93.600000     111.920911 
 46134016      93.600000     111.915025 
 46134016      93.600000     111.920663 
 46134016      93.600000     111.920734 
 46134016      93.600000     111.914819 
 46134016      93.600000     111.919433 
 46134016      93.600000     111.921930 
 46134016      93.600000     111.927569 
 46134016      93.600000     111.922025 
 46134016      93.600000     111.927754 
 46134016      93.600000     111.922032 
 46134016      93.600000     111.916272 
 46134016      93.600000     111.922482 
 46134016      93.600000     111.924242 
 46134016      93.600000     111.929782 
 46134016      93.600000     111.914377 
 46134016      93.600000     111.915075 
 46134016      93.600000     111.918257 
 46134016      93.600000     111.917469 
 46134016      93.600000     111.921640 
 46134016      93.600000     111.917469 
 46134016      93.600000     111.917084 
 46134016      93.600000     111.919425 
 46134016      93.600000     111.926584 
 46134016      93.600000     111.917138 
 46134016      93.600000     111.922605 
 46134016      93.600000     111.917114 
 46134016      93.600000     111.914862 
 46134016      93.600000     111.922713 
 46134016      93.600000     111.921285 
 46134016      93.600000     111.919824 
 46134016      93.600000     111.915022 
 46136576      93.600000     111.245989 
 46136576      93.600000     111.252971 
 46136576      93.600000     111.258735 
 46136576      93.600000     111.259310 
 46136576      93.600000     111.251440 
 46136576      93.600000     111.249834 
 46136576      93.600000     111.261028 
 46136576      93.600000     111.258871 
 46136576      93.600000     111.249862 
 46136576      93.600000     111.258683 
 46136576      93.600000     111.249726 
 46136576      93.600000     111.256996 
 46136576      93.600000     111.248584 
 46136576      93.600000     111.241792 
 46136576      93.600000     111.252251 
 46136576      93.600000     111.249214 
 46136576      93.600000     111.260172 
 46136576      93.600000     111.245812 
 46136576      93.600000     111.256515 
 46136576      93.600000     111.259505 
 46136576      93.600000     111.260625 
 46136576      93.600000     111.264671 
 46136576      93.600000     111.247903 
 46136576      93.600000     111.253832 
 46136576      93.600000     111.251382 
 46136576      93.600000     111.262542 
 46136576      93.600000     111.251867 
 46136576      93.600000     111.253921 
 46136576      93.600000     111.253839 
 46136576      93.600000     111.250553 
 46136576      93.600000     111.254993 
 46136576      93.600000     111.263410 
 46136576      93.600000     111.250441 
 46136576      93.600000     111.257269 
 46136576      93.600000     111.245865 
 46136576      93.600000     111.256928 
 46136576      93.600000     111.251561 
 46136576      93.600000     111.262888 
 46136576      93.600000     111.259426 
 46136576      93.600000     111.245578 
 46136576      93.600000     111.257998 
 46136576      93.600000     111.247202 
 46136576      93.600000     111.248641 
 46136576      93.600000     111.261398 
 46136576      93.600000     111.258692 
 46136576      93.600000     111.258981 
 46136576      93.600000     111.257374 
 46136576      93.600000     111.258837 
 46136576      93.600000     111.257171 
 46136576      93.600000     111.246475 
 46136576      93.600000     111.258176 
 46136576      93.600000     111.252385 
 46136576      93.600000     111.250267 
 46136576      93.600000     111.257781 
 46136576      93.600000     111.261398 
 46136576      93.600000     111.259115 
 46136576      93.600000     111.251021 
 46136576      93.600000     111.255313 
 46136576      93.600000     111.248779 
 46136576      93.600000     111.260925 
 46136576      93.600000     111.255402 
 46136576      93.600000     111.252372 
 46136576      93.600000     111.259211 
 46136576      93.600000     111.248190 
 46136576      93.600000     111.260482 
 46136576      93.600000     111.249475 
 46136576      93.600000     111.253914 
 46136576      93.600000     111.261210 
 46136576      93.600000     111.261345 
 46136576      93.600000     111.260227 
 46136576      93.600000     111.257246 
 46136576      93.600000     111.241081 
 46136576      93.600000     111.253161 
 46136576      93.600000     111.251139 
 46136576      93.600000     111.263998 
 46136576      93.600000     111.257123 
 46136576      93.600000     111.253489 
 46136576      93.600000     111.261404 
 46136576      93.600000     111.248473 
 46136576      93.600000     111.261213 
 46136576      93.600000     111.250960 
 46136576      93.600000     111.260707 
 46136576      93.600000     111.260710 
 46136576      93.600000     111.261719 
 46136576      93.600000     111.262253 
 46136576      93.600000     111.260650 
 46136576      93.600000     111.259149 
 46136576      93.600000     111.257397 
 46136576      93.600000     111.257364 
 46136576      93.600000     111.255474 
 46136576      93.600000     111.261339 
 46136576      93.600000     111.253934 
 46136576      93.600000     111.239959 
 46136576      93.600000     111.250620 
 46136576      93.600000     111.236953 
 46136576      93.600000     111.263089 
 46136576      93.600000     111.248579 
 46136576      93.600000     111.252570 
 46136576      93.600000     111.250098 
 46136576      93.600000     111.249388 
 46136576      93.600000     111.249744 
 46136576      93.600000     111.250993 
 46136576      93.600000     111.247170 
 46136576      93.600000     111.255951 
 46136576      93.600000     111.256272 
 46136576      93.600000     111.255371 
 46136576      93.600000     111.249881 
 46136576      93.600000     111.251695 
 46136576      93.600000     111.243085 
 46136576      93.600000     111.248954 
 46136576      93.600000     111.250666 
 46136576      93.600000     111.245655 
 46136576      10.400000     111.246026 
 46136576      93.600000     111.252293 
 46136576      93.600000     111.258420 
 46136576      93.600000     111.260906 
 46136576      93.600000     111.255739 
 46136576      93.600000     111.259208 
 46136576      93.600000     111.258090 
 46136576      93.600000     111.249322 
 46136576      93.600000     111.255451 
 46136576      93.600000     111.248455 
 46136576      93.600000     111.249083 
 46136576      93.600000     111.248905 
 46136576      93.600000     111.263588 
 46136576      93.600000     111.249473 
 46136576      93.600000     111.261617 
 46136576      93.600000     111.257051 
 46136576      93.600000     111.252114 
 46136576      93.600000     111.260106 
 46136576      93.600000     111.247207 
 46136576      93.600000     111.259207 
 46136576      93.600000     111.249496 
 46136576      93.600000     111.260506 
 46136576      93.600000     111.257179 
 46136576      93.600000     111.253483 
 46136576      93.600000     111.256479 
 46136576      93.600000     111.252546 
 46136576      93.600000     111.251341 
 46136576      93.600000     111.260322 
 46136576      93.600000     111.241565 
 46136576      93.600000     111.251438 
 46136576      93.600000     111.247490 
 46136576      93.600000     111.253764 
 46136576      93.600000     111.259786 
 46136576      93.600000     111.253112 
 46136576      93.600000     111.247776 
 46136576      93.600000     111.257912 
 46136576      93.600000     111.257432 
 46136576      93.600000     111.250612 
 46136576      93.600000     111.253346 
 46136576      93.600000     111.246196 
 46136576      93.600000     111.260669 
 46136576      93.600000     111.247804 
 46136576      93.600000     111.262121 
 46136576      93.600000     111.262705 
 46136576      93.600000     111.260073 
 46136576      93.600000     111.259468 
 46136576      93.600000     111.268386 
 46136576      93.600000     111.262222 
 46136576      93.600000     111.253428 
 46136576      93.600000     111.261291 
 46136576      93.600000     111.261300 
 46136576      93.600000     111.264621 
 46136576      93.600000     111.249051 
 46136576      93.600000     111.248877 
 46136576      93.600000     111.248068 
 46136576      93.600000     111.263431 
 46136576      93.600000     111.252642 
 46136576      93.600000     111.254154 
 46136576      93.600000     111.249917 
 46136576      93.600000     111.256818 
 46136576      93.600000     111.251054 
 46136576      93.600000     111.252757 
 46136576      93.600000     111.259884 
 46136576      93.600000     111.264248 
 46136576      93.600000     111.249767 
 46136576      93.600000     111.258434 
 46136576      93.600000     111.255662 
 46136576      93.600000     111.259879 
 46136576      93.600000     111.257901 
 46136576      93.600000     111.250477 
 46136576      93.600000     111.261814 
 46136576      93.600000     111.259479 
 46136576      93.600000     111.254873 
 46136576      93.600000     111.265446 
 46136576      93.600000     111.257748 
 46136576      93.600000     111.259015 
 46136576      93.600000     111.261898 
 46136576      93.600000     111.261294 
 46136576      93.600000     111.248522 
 46136576      93.600000     111.251765 
 46136576      93.600000     111.249340 
 46136576      93.600000     111.252553 
 46136576      93.600000     111.255498 
 46136576      93.600000     111.248274 
 46136576      93.600000     111.263621 
 46136576      93.600000     111.262184 
 46136576      93.600000     111.262062 
 46136576      93.600000     111.260753 
 46136576      93.600000     111.253788 
 46136576      93.600000     111.256044 
 46136576      93.600000     111.258319 
 46136576      93.600000     111.257095 
 46136576      93.600000     111.261363 
 46136576      93.600000     111.253225 
 46136576      93.600000     111.252113 
 46136576      93.600000     111.247161 
 46136576      93.600000     111.263137 
 46136576      93.600000     111.253800 
 46136576      93.600000     111.251280 
 46136576      93.600000     111.250429 
 46136576      93.600000     111.244700 
 46136576      93.600000     111.254709 
 46136576      93.600000     111.249705 
 46136576      93.600000     111.251007 
 46136576      93.600000     111.252099 
 46136576      93.600000     111.251453 
 46136576      93.600000     111.255197 
 46136576      93.600000     111.250883 
 46136576      93.600000     111.250009 
 46136576      93.600000     111.255293 
 46136576      93.600000     111.250740 
 46136576      93.600000     111.245705 
 46136576      93.600000     111.249020 
 46136576       0.400000     111.245917 
 46136576      93.600000     111.264316 
 46136576      93.600000     111.253106 
 46136576      93.600000     111.260281 
 46136576      93.600000     111.258579 
 46136576      93.600000     111.252995 
 46136576      93.600000     111.254203 
 46136576      93.600000     111.264585 
 46136576      93.600000     111.259954 
 46136576      93.600000     111.256303 
 46136576      93.600000     111.261442 
 46136576      93.600000     111.243699 
 46136576      93.600000     111.261303 
 46136576      93.600000     111.246692 
 46136576      93.600000     111.246889 
 46136576      93.600000     111.249319 
 46136576      93.600000     111.247929 
 46136576      93.600000     111.250321 
 46136576      93.600000     111.258356 
 46136576      93.600000     111.248546 
 46136576      93.600000     111.252624 
 46136576      93.600000     111.259818 
 46136576      93.600000     111.265935 
 46136576      93.600000     111.263874 
 46136576      93.600000     111.262213 
 46136576      93.600000     111.253467 
 46136576      93.600000     111.259538 
 46136576      93.600000     111.253217 
 46136576      93.600000     111.255071 
 46136576      93.600000     111.259572 
 46136576      93.600000     111.254854 
 46136576      93.600000     111.263898 
 46136576      93.600000     111.254672 
 46136576      93.600000     111.255630 
 46136576      93.600000     111.248472 
 46136576      93.600000     111.248752 
 46136576      93.600000     111.256441 
 46136576      93.600000     111.256537 
 46136576      93.600000     111.256238 
 46136576      93.600000     111.263351 
 46136576      93.600000     111.246477 
 46136576      93.600000     111.262616 
 46136576      93.600000     111.249432 
 46136576      93.600000     111.247098 
 46136576      93.600000     111.260700 
 46136576      93.600000     111.252461 
 46136576      93.600000     111.255772 
 46136576      93.600000     111.258095 
 46136576      93.600000     111.262495 
 46136576      93.600000     111.259243 
 46136576      93.600000     111.248900 
 46136576      93.600000     111.249712 
 46136576      93.600000     111.253941 
 46136576      93.600000     111.255424 
 46136576      93.600000     111.256334 
 46136576      93.600000     111.259462 
 46136576      93.600000     111.255214 
 46136576      93.600000     111.255686 
 46136576      93.600000     111.250052 
 46136576      93.600000     111.262338 
 46136576      93.600000     111.254703 
 46136576      93.600000     111.254631 
 46136576      93.600000     111.253456 
 46136576      93.600000     111.252063 
 46136576      93.600000     111.263243 
 46136576      93.600000     111.259303 
 46136576      93.600000     111.246320 
 46136576      93.600000     111.252206 
 46136576      93.600000     111.260097 
 46136576      93.600000     111.258079 
 46136576      93.600000     111.250301 
 46136576      93.600000     111.248825 
 46136576      93.600000     111.260270 
 46136576      93.600000     111.258970 
 46136576      93.600000     111.259527 
 46136576      93.600000     111.243528 
 46136576      93.600000     111.256148 
 46136576      93.600000     111.251601 
 46136576      93.600000     111.250702 
 46136576      93.600000     111.247625 
 46136576      93.600000     111.251390 
 46136576      93.600000     111.259761 
 46136576      93.600000     111.243991 
 46136576      93.600000     111.261837 
 46136576      93.600000     111.258031 
 46136576      93.600000     111.261415 
 46136576      93.600000     111.264476 
 46136576      93.600000     111.258680 
 46136576      93.600000     111.257259 
 46136576      93.600000     111.255889 
 46136576      93.600000     111.257013 
 46136576      93.600000     111.264763 
 46136576      93.600000     111.256331 
 46136576      93.600000     111.256180 
 46136576      93.600000     111.255298 
 46136576      93.600000     111.250583 
 46136576      93.600000     111.249801 
 46136576      93.600000     111.247930 
 46136576      93.600000     111.244351 
 46136576      93.600000     111.247497 
 46136576      93.600000     111.248324 
 46136576      93.600000     111.251233 
 46136576      93.600000     111.249665 
 46136576      93.600000     111.246704 
 46136576      93.600000     111.243923 
 46136576      93.600000     111.249687 
 46136576      93.600000     111.248985 
 46136576      93.600000     111.253854 
 46136576      93.600000     111.248935 
 46136576      93.600000     111.244658 
 46136576      93.600000     111.248219 
 46136576      93.600000     111.251248 
 46136576      93.600000     111.250948 
 46136576      93.600000     111.244503 
 46136576      93.600000     111.260456 
 46136576      93.600000     111.261077 
 46136576      93.600000     111.249591 
 46136576      93.600000     111.265559 
 46136576      93.600000     111.259898 
 46136576      93.600000     111.249081 
 46136576      93.600000     111.250945 
 46136576      93.600000     111.260974 
 46136576      93.600000     111.257747 
 46136576      93.600000     111.251693 
 46136576      93.600000     111.249650 
 46136576      93.600000     111.250361 
 46136576      93.600000     111.262706 
 46136576      93.600000     111.248056 
 46136576      93.600000     111.259099 
 46136576      93.600000     111.259047 
 46136576      93.600000     111.260467 
 46136576      93.600000     111.261327 
 46136576      93.600000     111.264228 
 46136576      93.600000     111.256680 
 46136576      93.600000     111.257595 
 46136576      93.600000     111.253042 
 46136576      93.600000     111.254173 
 46136576      93.600000     111.256163 
 46136576      93.600000     111.249102 
 46136576      93.600000     111.259044 
 46136576      93.600000     111.255152 
 46136576      93.600000     111.249243 
 46136576      93.600000     111.254734 
 46136576      93.600000     111.255733 
 46136576      93.600000     111.253528 
 46136576      93.600000     111.253558 
 46136576      93.600000     111.251135 
 46136576      93.600000     111.256552 
 46136576      93.600000     111.258307 
 46136576      93.600000     111.246843 
 46136576      93.600000     111.260252 
 46136576      93.600000     111.250608 
 46136576      93.600000     111.257223 
 46136576      93.600000     111.250275 
 46136576      93.600000     111.261524 
 46136576      93.600000     111.255486 
 46136576      93.600000     111.257322 
 46136576      93.600000     111.262356 
 46136576      93.600000     111.262887 
 46136576      93.600000     111.262709 
 46136576      93.600000     111.258053 
 46136576      93.600000     111.242806 
 46136576      93.600000     111.259809 
 46136576      93.600000     111.254832 
 46136576      93.600000     111.259832 
 46136576      93.600000     111.249620 
 46136576      93.600000     111.261274 
 46136576      93.600000     111.248425 
 46136576      93.600000     111.260185 
 46136576      93.600000     111.252867 
 46136576      93.600000     111.250975 
 46136576      93.600000     111.263920 
 46136576      93.600000     111.259592 
 46136576      93.600000     111.258455 
 46136576      93.600000     111.259136 
 46136576      93.600000     111.251507 
 46136576      93.600000     111.259151 
 46136576      93.600000     111.258928 
 46136576      93.600000     111.259225 
 46136576      93.600000     111.262723 
 46136576      93.600000     111.263175 
 46136576      93.600000     111.248903 
 46136576      93.600000     111.265027 
 46136576      93.600000     111.257385 
 46136576      93.600000     111.251710 
 46136576      93.600000     111.257571 
 46136576      93.600000     111.250746 
 46136576      93.600000     111.257713 
 46136576      93.600000     111.263639 
 46136576      93.600000     111.258804 
 46136576      93.600000     111.250183 
 46136576      93.600000     111.262596 
 46136576      93.600000     111.244122 
 46136576      93.600000     111.250887 
 46136576      93.600000     111.264821 
 46136576      93.600000     111.262973 
 46136576      93.600000     111.252478 
 46136576      93.600000     111.252461 
 46136576      93.600000     111.262060 
 46136576      93.600000     111.260803 
 46136576      93.600000     111.252688 
 46136576      93.600000     111.264127 
 46136576      93.600000     111.258355 
 46136576      93.600000     111.259438 
 46136576      93.600000     111.261420 
 46136576      93.600000     111.259970 
 46136576      93.600000     111.256926 
 46136576      93.600000     111.255794 
 46136576      93.600000     111.247542 
 46136576      93.600000     111.248308 
 46136576      93.600000     111.247957 
 46136576      93.600000     111.250966 
 46136576      93.600000     111.259157 
 46136576      93.600000     111.248574 
 46136576      93.600000     111.253143 
 46136576      93.600000     111.248325 
 46136576      93.600000     111.251007 
 46136576      93.600000     111.245361 
 46136576      93.600000     111.249114 
 46136576      93.600000     111.248249 
 46136576      93.600000     111.247915 
 46136576      93.600000     111.245767 
 46136576      93.600000     111.253631 
 46136576      93.600000     111.250251 
 46136576      93.600000     111.253737 
 46136576      93.600000     111.254251 
 46136576      93.600000     111.248471 
