## MACS0717 IRAC ch1 observation
# 1 AOR
# 2 EXPTIME
# 3 CROTA2
 46130944      10.400000      83.070926 
 46130944      93.600000      83.086623 
 46130944      93.600000      83.060585 
 46130944      93.600000      83.067497 
 46130944      93.600000      83.057352 
 46130944      93.600000      83.079539 
 46130944      93.600000      83.091743 
 46130944      93.600000      83.090166 
 46130944      93.600000      83.081086 
 46130944      93.600000      83.081139 
 46130944      93.600000      83.083566 
 46130944      93.600000      83.076096 
 46130944      93.600000      83.073742 
 46130944      93.600000      83.066059 
 46130944      93.600000      83.079998 
 46130944      93.600000      83.080279 
 46130944      93.600000      83.061817 
 46130944      93.600000      83.080929 
 46130944      93.600000      83.076274 
 46130944      93.600000      83.066739 
 46130944      93.600000      83.064757 
 46130944      93.600000      83.063700 
 46130944      93.600000      83.072596 
 46130944      93.600000      83.067488 
 46130944      93.600000      83.086851 
 46130944      93.600000      83.064444 
 46130944      93.600000      83.067832 
 46130944      93.600000      83.073520 
 46130944      93.600000      83.079154 
 46130944      93.600000      83.073823 
 46130944      93.600000      83.061670 
 46130944      93.600000      83.081655 
 46130944      93.600000      83.086469 
 46130944      93.600000      83.070359 
 46130944      93.600000      83.079864 
 46130944      93.600000      83.077832 
 46130944      93.600000      83.073412 
 46130944      93.600000      83.075265 
 46130944      93.600000      83.065109 
 46130944      93.600000      83.071376 
 46130944      93.600000      83.071615 
 46130944      93.600000      83.079424 
 46130944      93.600000      83.062354 
 46130944      93.600000      83.068304 
 46130944      93.600000      83.083084 
 46130944      93.600000      83.082846 
 46130944      93.600000      83.072540 
 46130944      93.600000      83.057558 
 46130944      93.600000      83.064612 
 46130944      93.600000      83.063958 
 46130944      93.600000      83.077251 
 46130944      93.600000      83.081863 
 46130944      93.600000      83.082443 
 46130944      93.600000      83.070018 
 46130944      93.600000      83.063745 
 46130944      93.600000      83.073593 
 46130944      93.600000      83.083564 
 46130944      93.600000      83.089320 
 46130944      93.600000      83.075687 
 46130944      93.600000      83.093922 
 46130944      93.600000      83.075507 
 46130944      93.600000      83.073338 
 46130944      93.600000      83.075798 
 46130944      93.600000      83.082410 
 46130944      93.600000      83.081258 
 46130944      93.600000      83.080679 
 46130944      93.600000      83.076004 
 46130944      93.600000      83.083239 
 46130944      93.600000      83.074289 
 46130944      93.600000      83.089627 
 46130944      93.600000      83.092298 
 46130944      93.600000      83.090147 
 46130944      93.600000      83.084818 
 46130944      93.600000      83.076707 
 46130944      93.600000      83.087685 
 46130944      93.600000      83.077327 
 46130944      93.600000      83.079811 
 46130944      93.600000      83.087608 
 46130944      93.600000      83.069086 
 46130944      93.600000      83.072502 
 46130944      93.600000      83.076216 
 46130944      93.600000      83.094584 
 46130944      93.600000      83.070773 
 46130944      93.600000      83.076136 
 46130944      93.600000      83.091631 
 46130944      93.600000      83.081124 
 46130944      93.600000      83.093081 
 46130944      93.600000      83.078934 
 46130944      93.600000      83.086818 
 46130944      93.600000      83.070968 
 46130944      93.600000      83.077892 
 46130944      93.600000      83.083140 
 46130944      93.600000      83.090736 
 46130944      93.600000      83.084057 
 46130944      93.600000      83.079116 
 46130944      93.600000      83.073570 
 46130944      93.600000      83.084357 
 46130944      93.600000      83.071931 
 46130944      93.600000      83.089552 
 46130944      93.600000      83.069702 
 46130944      93.600000      83.091884 
 46130944      93.600000      83.069600 
 46130944      93.600000      83.059129 
 46130944      93.600000      83.080685 
 46130944      93.600000      83.085841 
 46130944      93.600000      83.077615 
 46130944      93.600000      83.084092 
 46130944      93.600000      83.070905 
 46130944      93.600000      83.078763 
 46130944      93.600000      83.064015 
 46130944      93.600000      83.085982 
 46130944      93.600000      83.085010 
 46130944      93.600000      83.076017 
 46130944      93.600000      83.077194 
 46130944       0.400000      83.070802 
 46130944      93.600000      83.070990 
 46130944      93.600000      83.068534 
 46130944      93.600000      83.078138 
 46130944      93.600000      83.082236 
 46130944      93.600000      83.077186 
 46130944      93.600000      83.074337 
 46130944      93.600000      83.080623 
 46130944      93.600000      83.088833 
 46130944      93.600000      83.081214 
 46130944      93.600000      83.071484 
 46130944      93.600000      83.069220 
 46130944      93.600000      83.081240 
 46130944      93.600000      83.077509 
 46130944      93.600000      83.082101 
 46130944      93.600000      83.087466 
 46130944      93.600000      83.063645 
 46130944      93.600000      83.081382 
 46130944      93.600000      83.076149 
 46130944      93.600000      83.078044 
 46130944      93.600000      83.071230 
 46130944      93.600000      83.071796 
 46130944      93.600000      83.084211 
 46130944      93.600000      83.070637 
 46130944      93.600000      83.070479 
 46130944      93.600000      83.063390 
 46130944      93.600000      83.076613 
 46130944      93.600000      83.077879 
 46130944      93.600000      83.054889 
 46130944      93.600000      83.077215 
 46130944      93.600000      83.064911 
 46130944      93.600000      83.056969 
 46130944      93.600000      83.058722 
 46130944      93.600000      83.075815 
 46130944      93.600000      83.078785 
 46130944      93.600000      83.063733 
 46130944      93.600000      83.071652 
 46130944      93.600000      83.070145 
 46130944      93.600000      83.074536 
 46130944      93.600000      83.072412 
 46130944      93.600000      83.074742 
 46130944      93.600000      83.070270 
 46130944      93.600000      83.064728 
 46130944      93.600000      83.078847 
 46130944      93.600000      83.072001 
 46130944      93.600000      83.075164 
 46130944      93.600000      83.088153 
 46130944      93.600000      83.066899 
 46130944      93.600000      83.066069 
 46130944      93.600000      83.065776 
 46130944      93.600000      83.072085 
 46130944      93.600000      83.063399 
 46130944      93.600000      83.081005 
 46130944      93.600000      83.077021 
 46130944      93.600000      83.066766 
 46130944      93.600000      83.086650 
 46130944      93.600000      83.085505 
 46130944      93.600000      83.075050 
 46130944      93.600000      83.068504 
 46130944      93.600000      83.081558 
 46130944      93.600000      83.080588 
 46130944      93.600000      83.075667 
 46130944      93.600000      83.066070 
 46130944      93.600000      83.096918 
 46130944      93.600000      83.078042 
 46130944      93.600000      83.108408 
 46130944      93.600000      83.103773 
 46130944      93.600000      83.078643 
 46130944      93.600000      83.077648 
 46130944      93.600000      83.084498 
 46130944      93.600000      83.079625 
 46130944      93.600000      83.090800 
 46130944      93.600000      83.081190 
 46130944      93.600000      83.065202 
 46130944      93.600000      83.083023 
 46130944      93.600000      83.078565 
 46130944      93.600000      83.095882 
 46130944      93.600000      83.084342 
 46130944      93.600000      83.086319 
 46130944      93.600000      83.085405 
 46130944      93.600000      83.072409 
 46130944      93.600000      83.072857 
 46130944      93.600000      83.077410 
 46130944      93.600000      83.088529 
 46130944      93.600000      83.084570 
 46130944      93.600000      83.076858 
 46130944      93.600000      83.085323 
 46130944      93.600000      83.087543 
 46130944      93.600000      83.070659 
 46130944      93.600000      83.065655 
 46130944      93.600000      83.073505 
 46130944      93.600000      83.075767 
 46130944      93.600000      83.087454 
 46130944      93.600000      83.077977 
 46130944      93.600000      83.079400 
 46130944      93.600000      83.073422 
 46130944      93.600000      83.099608 
 46130944      93.600000      83.089434 
 46130944      93.600000      83.067065 
 46130944      93.600000      83.078435 
 46130944      93.600000      83.077862 
 46130944      93.600000      83.079919 
 46130944      93.600000      83.083607 
 46130944      93.600000      83.084174 
 46130944      93.600000      83.070336 
 46130944      93.600000      83.088477 
 46130944      93.600000      83.071299 
 46130944      93.600000      83.094557 
 46130944      93.600000      83.084701 
 46130944      93.600000      83.066645 
 46130944      93.600000      83.069670 
 46130944      93.600000      83.068750 
 46130944      93.600000      83.070921 
 46130944      93.600000      83.070868 
 46130944      93.600000      83.084484 
 46130944      93.600000      83.076119 
 46130944      93.600000      83.072616 
 46130944      93.600000      83.070586 
 46130944      93.600000      83.083983 
 46130944      93.600000      83.073755 
 46130944      93.600000      83.076606 
 46130944      93.600000      83.066801 
 46130944      93.600000      83.073700 
 46130944      93.600000      83.079834 
 46130944      93.600000      83.071662 
 46130944      93.600000      83.081990 
 46130944      93.600000      83.057342 
 46130944      93.600000      83.068197 
 46130944      93.600000      83.076606 
 46130944      93.600000      83.089688 
 46130944      93.600000      83.084285 
 46130944      93.600000      83.077233 
 46130944      93.600000      83.081321 
 46130944      93.600000      83.083359 
 46130944      93.600000      83.080730 
 46130944      93.600000      83.073398 
 46130944      93.600000      83.086082 
 46130944      93.600000      83.070087 
 46130944      93.600000      83.055188 
 46130944      93.600000      83.072871 
 46130944      93.600000      83.070185 
 46130944      93.600000      83.072867 
 46130944      93.600000      83.067310 
 46130944      93.600000      83.082031 
 46130944      93.600000      83.076671 
 46130944      93.600000      83.093583 
 46130944      93.600000      83.084935 
 46130944      93.600000      83.066034 
 46130944      93.600000      83.077586 
 46130944      93.600000      83.073230 
 46130944      93.600000      83.071471 
 46130944      93.600000      83.059584 
 46130944      93.600000      83.076099 
 46130944      93.600000      83.072155 
 46130944      93.600000      83.099565 
 46130944      93.600000      83.059890 
 46130944      93.600000      83.070961 
 46130944      93.600000      83.064019 
 46130944      93.600000      83.071817 
 46130944      93.600000      83.065845 
 46130944      93.600000      83.083320 
 46130944      93.600000      83.063410 
 46130944      93.600000      83.057083 
 46130944      93.600000      83.067163 
 46130944      93.600000      83.089356 
 46130944      93.600000      83.073802 
 46130944      93.600000      83.081842 
 46130944      93.600000      83.069811 
 46130944      93.600000      83.064978 
 46130944      93.600000      83.072243 
 46130944      93.600000      83.088054 
 46130944      93.600000      83.079655 
 46130944      93.600000      83.081145 
 46130944      93.600000      83.088057 
 46130944      93.600000      83.077783 
 46130944      93.600000      83.077987 
 46130944      93.600000      83.069236 
 46130944      93.600000      83.089721 
 46130944      93.600000      83.080519 
 46130944      93.600000      83.070525 
 46130944      93.600000      83.086352 
 46130944      93.600000      83.083376 
 46130944      93.600000      83.081316 
 46130944      93.600000      83.079243 
 46130944      93.600000      83.068907 
 46130944      93.600000      83.091138 
 46130944      93.600000      83.070814 
 46130944      93.600000      83.085677 
 46130944      93.600000      83.088175 
 46130944      93.600000      83.069286 
 46130944      93.600000      83.088708 
 46130944      93.600000      83.077425 
 46130944      93.600000      83.076099 
 46130944      93.600000      83.087140 
 46130944      93.600000      83.081544 
 46130944      93.600000      83.094100 
 46130944      93.600000      83.088353 
 46130944      93.600000      83.081955 
 46130944      93.600000      83.079591 
 46130944      93.600000      83.065309 
 46130944      93.600000      83.089954 
 46130944      93.600000      83.073884 
 46130944      93.600000      83.092623 
 46130944      93.600000      83.081213 
 46130944      93.600000      83.078512 
 46130944      93.600000      83.071972 
 46130944      93.600000      83.088975 
 46130944      93.600000      83.086930 
 46130944      93.600000      83.069465 
 46130944      93.600000      83.089791 
 46130944      93.600000      83.070786 
 46130944      93.600000      83.096559 
 46130944      93.600000      83.082060 
 46130944      93.600000      83.089723 
 46130944      93.600000      83.072560 
 46130944      93.600000      83.090789 
 46130944      93.600000      83.100570 
 46130944      93.600000      83.084264 
 46130944      93.600000      83.090033 
 46130944      93.600000      83.084123 
 46130944      93.600000      83.082621 
 46130944      93.600000      83.072982 
 46130944      93.600000      83.104798 
 46130944      93.600000      83.080657 
 46130944      93.600000      83.069288 
 46130944      93.600000      83.067327 
 46130944      93.600000      83.060977 
 46130944      93.600000      83.064186 
 46130944      93.600000      83.066574 
 46130944      93.600000      83.075492 
 46130944      93.600000      83.084549 
 46130944      93.600000      83.077324 
 46130944      93.600000      83.057899 
 46130944      93.600000      83.061087 
 46130944      93.600000      83.072663 
 46130944      93.600000      83.064830 
 46130944      93.600000      83.091003 
 46130944      93.600000      83.080371 
 46130944      93.600000      83.071715 
 46130944      93.600000      83.074717 
 46130944      93.600000      83.065907 
 46130944      93.600000      83.088598 
 46130944      93.600000      83.068369 
 46130944      93.600000      83.063095 
 46130944      93.600000      83.073707 
 46130944      93.600000      83.078746 
 46130944      93.600000      83.082653 
 46130944      93.600000      83.079536 
 46130944      93.600000      83.079032 
 46130944      93.600000      83.047875 
 46130944      93.600000      83.070507 
 46130944      93.600000      83.056294 
 46130944      93.600000      83.076489 
 46130944      93.600000      83.071215 
 46130944      93.600000      83.069334 
 46130944      93.600000      83.064112 
 46130944      93.600000      83.074612 
 46130944      93.600000      83.066947 
 46130944      93.600000      83.079923 
 46130944      93.600000      83.077015 
 46130944      93.600000      83.065090 
 46130944      93.600000      83.073923 
 46130944      93.600000      83.084500 
 46130944      93.600000      83.072225 
 46130944      93.600000      83.078704 
 46130944      93.600000      83.076960 
 46130944      93.600000      83.067361 
 46130944      93.600000      83.065430 
 46130944      93.600000      83.069060 
 46130944      93.600000      83.051915 
 46130944      93.600000      83.069762 
 46130944      93.600000      83.070655 
 46130944      93.600000      83.072684 
 46130944      93.600000      83.071173 
 46130944      93.600000      83.063881 
 46130944      93.600000      83.068175 
 46130944      93.600000      83.099290 
 46130944      93.600000      83.059113 
 46130944      93.600000      83.067392 
 46130944      93.600000      83.075030 
 46130944      93.600000      83.081146 
 46130944      93.600000      83.072167 
 46130944      93.600000      83.067937 
 46130944      93.600000      83.068917 
 46130944      93.600000      83.089615 
 46130944      93.600000      83.061745 
 46130944      93.600000      83.062611 
 46130944      93.600000      83.080451 
 46130944      93.600000      83.092180 
 46130944      93.600000      83.082437 
 46130944      93.600000      83.073980 
 46130944      93.600000      83.090021 
 46130944      93.600000      83.068424 
 46130944      93.600000      83.067446 
 46130944      93.600000      83.086921 
 46130944      93.600000      83.090431 
 46130944      93.600000      83.088032 
 46130944      93.600000      83.082708 
 46130944      93.600000      83.076405 
 46130944      93.600000      83.087170 
 46130944      93.600000      83.075572 
 46130944      93.600000      83.070782 
 46130944      93.600000      83.081496 
 46130944      93.600000      83.083263 
 46130944      93.600000      83.072710 
 46130944      93.600000      83.080592 
 46130944      93.600000      83.074446 
 46130944      93.600000      83.076397 
 46130944      93.600000      83.073191 
 46130944      93.600000      83.080515 
 46130944      93.600000      83.066306 
 46130944      93.600000      83.078644 
 46130944      93.600000      83.092170 
 46130944      93.600000      83.095482 
 46130944      93.600000      83.087805 
 46130944      93.600000      83.080885 
 46130944      93.600000      83.089009 
 46130944      93.600000      83.072289 
 46130944      93.600000      83.078200 
 46130944      93.600000      83.069356 
 46130944      93.600000      83.080128 
 46130944      93.600000      83.075565 
 46130944      93.600000      83.088426 
 46130944      93.600000      83.080076 
 46130944      93.600000      83.087258 
 46130944      93.600000      83.081263 
 46130944      93.600000      83.084937 
 46130944      93.600000      83.080603 
 46130944      93.600000      83.087292 
 46130944      93.600000      83.089459 
 46130944      93.600000      83.068178 
 46130944      93.600000      83.078491 
 46130944      93.600000      83.080881 
 46130944      93.600000      83.080647 
 46130944      93.600000      83.073020 
 46130944      93.600000      83.084616 
 46130944      93.600000      83.084072 
 46130944      93.600000      83.070443 
 46128384      93.600000      79.791415 
 46128384      93.600000      79.772016 
 46128384      93.600000      79.779319 
 46128384      93.600000      79.782138 
 46128384      93.600000      79.777503 
 46128384      93.600000      79.784006 
 46128384      93.600000      79.777412 
 46128384      93.600000      79.763954 
 46128384      93.600000      79.775983 
 46128384      93.600000      79.767940 
 46128384      93.600000      79.780052 
 46128384      93.600000      79.800300 
 46128384      93.600000      79.779260 
 46128384      93.600000      79.788990 
 46128384      93.600000      79.786102 
 46128384      93.600000      79.778741 
 46128384      93.600000      79.787499 
 46128384      93.600000      79.781306 
 46128384      93.600000      79.783133 
 46128384      93.600000      79.781433 
 46128384      93.600000      79.767728 
 46128384      93.600000      79.770276 
 46128384      93.600000      79.778490 
 46128384      93.600000      79.770268 
 46128384      93.600000      79.774712 
 46128384      93.600000      79.780088 
 46128384      93.600000      79.770717 
 46128384      93.600000      79.779562 
 46128384      93.600000      79.778976 
 46128384      93.600000      79.774466 
 46128384      93.600000      79.780175 
 46128384      93.600000      79.793726 
 46128384      93.600000      79.789197 
 46128384      93.600000      79.787376 
 46128384      93.600000      79.772265 
 46128384      93.600000      79.777975 
 46128384      93.600000      79.782741 
 46128384      93.600000      79.783199 
 46128384      93.600000      79.782951 
 46128384      93.600000      79.785584 
 46128384      93.600000      79.790003 
 46128384      93.600000      79.786792 
 46128384      93.600000      79.769521 
 46128384      93.600000      79.785423 
 46128384      93.600000      79.784017 
 46128384      93.600000      79.789632 
 46128384      93.600000      79.777263 
 46128384      93.600000      79.781914 
 46128384      93.600000      79.769589 
 46128384      93.600000      79.786745 
 46128384      93.600000      79.770550 
 46128384      93.600000      79.785881 
 46128384      93.600000      79.784909 
 46128384      93.600000      79.798058 
 46128384      93.600000      79.781220 
 46128384      93.600000      79.773392 
 46128384      93.600000      79.795946 
 46128384      93.600000      79.787419 
 46128384      93.600000      79.764987 
 46128384      93.600000      79.766711 
 46128384      93.600000      79.767014 
 46128384      93.600000      79.768907 
 46128384      93.600000      79.772316 
 46128384      93.600000      79.762005 
 46128384      93.600000      79.777419 
 46128384      93.600000      79.771489 
 46128384      93.600000      79.770885 
 46128384      93.600000      79.769266 
 46128384      93.600000      79.762774 
 46128384      93.600000      79.774243 
 46128384      93.600000      79.782496 
 46128384      93.600000      79.776189 
 46128384      93.600000      79.790196 
 46128384      93.600000      79.781694 
 46128384      93.600000      79.771759 
 46128384      93.600000      79.767232 
 46128384      93.600000      79.753139 
 46128384      93.600000      79.775284 
 46128384      93.600000      79.775476 
 46128384      93.600000      79.779109 
 46128384      93.600000      79.745881 
 46128384      93.600000      79.769045 
 46128384      93.600000      79.762730 
 46128384      93.600000      79.766232 
 46128384      93.600000      79.756821 
 46128384      93.600000      79.777602 
 46128384      93.600000      79.776010 
 46128384      93.600000      79.766507 
 46128384      93.600000      79.768596 
 46128384      93.600000      79.763258 
 46128384      93.600000      79.779400 
 46128384      93.600000      79.765741 
 46128384      93.600000      79.763535 
 46128384      93.600000      79.761465 
 46128384      93.600000      79.762934 
 46128384      93.600000      79.780196 
 46128384      93.600000      79.770104 
 46128384      93.600000      79.771026 
 46128384      93.600000      79.773765 
 46128384      93.600000      79.773173 
 46128384      93.600000      79.771663 
 46128384      93.600000      79.773445 
 46128384      93.600000      79.768481 
 46128384      93.600000      79.776346 
 46128384      93.600000      79.760208 
 46128384      93.600000      79.773364 
 46128384      93.600000      79.768303 
 46128384      93.600000      79.791041 
 46128384      93.600000      79.767843 
 46128384      93.600000      79.776345 
 46128384      93.600000      79.769723 
 46128384      93.600000      79.766418 
 46128384      93.600000      79.756812 
 46128384      93.600000      79.762229 
 46128384      93.600000      79.760709 
 46128384      93.600000      79.774860 
 46128384      93.600000      79.795455 
 46128384      93.600000      79.787293 
 46128384      93.600000      79.790521 
 46128384      93.600000      79.786334 
 46128384      93.600000      79.792332 
 46128384      93.600000      79.763805 
 46128384      93.600000      79.787126 
 46128384      93.600000      79.778091 
 46128384      93.600000      79.781549 
 46128384      93.600000      79.776212 
 46128384      93.600000      79.775859 
 46128384      93.600000      79.788862 
 46128384      93.600000      79.766981 
 46128384      93.600000      79.783157 
 46128384      93.600000      79.783377 
 46128384      93.600000      79.791209 
 46128384      93.600000      79.812482 
 46128384      93.600000      79.796439 
 46128384      93.600000      79.779233 
 46128384      93.600000      79.795893 
 46128384      93.600000      79.783490 
 46128384      93.600000      79.781901 
 46128384      93.600000      79.773465 
 46128384      93.600000      79.783505 
 46128384      93.600000      79.789857 
 46128384      93.600000      79.790788 
 46128384      93.600000      79.790388 
 46128384      93.600000      79.787102 
 46128384      93.600000      79.785200 
 46128384      93.600000      79.788159 
 46128384      93.600000      79.779425 
 46128384      93.600000      79.788834 
 46128384      93.600000      79.787998 
 46128384      93.600000      79.785622 
 46128384      93.600000      79.779274 
 46128384      93.600000      79.767500 
 46128384      93.600000      79.783023 
 46128384      93.600000      79.764139 
 46128384      93.600000      79.799157 
 46128384      93.600000      79.776527 
 46128384      93.600000      79.778146 
 46128384      93.600000      79.790598 
 46128384      93.600000      79.792653 
 46128384      93.600000      79.786433 
 46128384      93.600000      79.759624 
 46128384      93.600000      79.794619 
 46128384      93.600000      79.786393 
 46128384      93.600000      79.773324 
 46128384      93.600000      79.781402 
 46128384      93.600000      79.782087 
 46128384      93.600000      79.775021 
 46128384      93.600000      79.788084 
 46128384      93.600000      79.787709 
 46128384      93.600000      79.789938 
 46128384      93.600000      79.792158 
 46128384      93.600000      79.776042 
 46128384      93.600000      79.783034 
 46128384      93.600000      79.794463 
 46128384      93.600000      79.775545 
 46128384      93.600000      79.772384 
 46128384      93.600000      79.780816 
 46128384      93.600000      79.787041 
 46128384      93.600000      79.795880 
 46128384      93.600000      79.760044 
 46128384      93.600000      79.757745 
 46128384      93.600000      79.775037 
 46128384      93.600000      79.777368 
 46128384      93.600000      79.771829 
 46128384      93.600000      79.776274 
 46128384      93.600000      79.760978 
 46128384      93.600000      79.758309 
 46128384      93.600000      79.760218 
 46128384      93.600000      79.774033 
 46128384      93.600000      79.756063 
 46128384      93.600000      79.759254 
 46128384      93.600000      79.769527 
 46128384      93.600000      79.752563 
 46128384      93.600000      79.764095 
 46128384      93.600000      79.763864 
 46128384      93.600000      79.771481 
 46128384      93.600000      79.776664 
 46128384      93.600000      79.778728 
 46128384      93.600000      79.774288 
 46128384      93.600000      79.770971 
 46128384      93.600000      79.772351 
 46128384      93.600000      79.775130 
 46128384      93.600000      79.772472 
 46128384      93.600000      79.776303 
 46128384      93.600000      79.768961 
 46128384      93.600000      79.779241 
 46128384      93.600000      79.763959 
 46128384      93.600000      79.770728 
 46128384      93.600000      79.760720 
 46128384      93.600000      79.763806 
 46128384      93.600000      79.764200 
 46128384      93.600000      79.765204 
 46128384      93.600000      79.782493 
 46128384      93.600000      79.769372 
 46128384      93.600000      79.764120 
 46128384      93.600000      79.775684 
 46128384      93.600000      79.781948 
 46128384      93.600000      79.767394 
 46128384      93.600000      79.770713 
 46128384      93.600000      79.777659 
 46128384      93.600000      79.773188 
 46128384      93.600000      79.763391 
 46128384       0.400000      79.781230 
 46128384      93.600000      79.781341 
 46128384      93.600000      79.770681 
 46128384      93.600000      79.761788 
 46128384      93.600000      79.745497 
 46128384      93.600000      79.769907 
 46128384      93.600000      79.746374 
 46128384      93.600000      79.778886 
 46128384      93.600000      79.755362 
 46128384      93.600000      79.769220 
 46128384      93.600000      79.767155 
 46128384      93.600000      79.767644 
 46128384      93.600000      79.766453 
 46128384      93.600000      79.773843 
 46128384      93.600000      79.794378 
 46128384      93.600000      79.765821 
 46128384      93.600000      79.779744 
 46128384      93.600000      79.768695 
 46128384      93.600000      79.777883 
 46128384      93.600000      79.785429 
 46128384      93.600000      79.787243 
 46128384      93.600000      79.773715 
 46128384      93.600000      79.773843 
 46128384      93.600000      79.775021 
 46128384      93.600000      79.770202 
 46128384      93.600000      79.808763 
 46128384      93.600000      79.776519 
 46128384      93.600000      79.786242 
 46128384      93.600000      79.779574 
 46128384      93.600000      79.776429 
 46128384      93.600000      79.784614 
 46128384      93.600000      79.775760 
 46128384      93.600000      79.785738 
 46128384      93.600000      79.785198 
 46128384      93.600000      79.789188 
 46128384      93.600000      79.778344 
 46128384      93.600000      79.781969 
 46128384      93.600000      79.776785 
 46128384      93.600000      79.784300 
 46128384      93.600000      79.768236 
 46128384      93.600000      79.786991 
 46128384      93.600000      79.804656 
 46128384      93.600000      79.774722 
 46128384      93.600000      79.795435 
 46128384      93.600000      79.764589 
 46128384      93.600000      79.774871 
 46128384      93.600000      79.783936 
 46128384      93.600000      79.779761 
 46128384      93.600000      79.788051 
 46128384      93.600000      79.779148 
 46128384      93.600000      79.786393 
 46128384      93.600000      79.774551 
 46128384      93.600000      79.768603 
 46128384      93.600000      79.777086 
 46128384      93.600000      79.772981 
 46128384      93.600000      79.790941 
 46128384      93.600000      79.765568 
 46128384      93.600000      79.791484 
 46128384      93.600000      79.788518 
 46128384      93.600000      79.777571 
 46128384      93.600000      79.786733 
 46128384      93.600000      79.776796 
 46128384      93.600000      79.782647 
 46128384      93.600000      79.774619 
 46128384      93.600000      79.786010 
 46128384      93.600000      79.796352 
 46128384      93.600000      79.768613 
 46128384      93.600000      79.785581 
 46128384      93.600000      79.769520 
 46128384      93.600000      79.763015 
 46128384      93.600000      79.768659 
 46128384      93.600000      79.776502 
 46128384      93.600000      79.765857 
 46128384      93.600000      79.768170 
 46128384      93.600000      79.772922 
 46128384      93.600000      79.764473 
 46128384      93.600000      79.754758 
 46128384      93.600000      79.774347 
 46128384      93.600000      79.762900 
 46128384      93.600000      79.772582 
 46128384      93.600000      79.778489 
 46128384      93.600000      79.761703 
 46128384      93.600000      79.778515 
 46128384      93.600000      79.763316 
 46128384      93.600000      79.766047 
 46128384      93.600000      79.760564 
 46128384      93.600000      79.759566 
 46128384      93.600000      79.770912 
 46128384      93.600000      79.772204 
 46128384      93.600000      79.750084 
 46128384      93.600000      79.761689 
 46128384      93.600000      79.779082 
 46128384      93.600000      79.768386 
 46128384      93.600000      79.763687 
 46128384      93.600000      79.793309 
 46128384      93.600000      79.758527 
 46128384      93.600000      79.786558 
 46128384      93.600000      79.769299 
 46128384      93.600000      79.753944 
 46128384      93.600000      79.773922 
 46128384      93.600000      79.771035 
 46128384      93.600000      79.775417 
 46128384      93.600000      79.771684 
 46128384      93.600000      79.754359 
 46128384      93.600000      79.766862 
 46128384      93.600000      79.755898 
 46128384      93.600000      79.772028 
 46128384      93.600000      79.765179 
 46128384      93.600000      79.768092 
 46128384      93.600000      79.762048 
 46128384      93.600000      79.764555 
 46128384      93.600000      79.776493 
 46128384      93.600000      79.780307 
 46128384      93.600000      79.779863 
 46128384      93.600000      79.764320 
 46128384      10.400000      79.781376 
 46128384      93.600000      79.755595 
 46128384      93.600000      79.762079 
 46128384      93.600000      79.760725 
 46128384      93.600000      79.780803 
 46128384      93.600000      79.770706 
 46128384      93.600000      79.765501 
 46128384      93.600000      79.762616 
 46128384      93.600000      79.774794 
 46128384      93.600000      79.765115 
 46128384      93.600000      79.783542 
 46128384      93.600000      79.762200 
 46128384      93.600000      79.772758 
 46128384      93.600000      79.787216 
 46128384      93.600000      79.760170 
 46128384      93.600000      79.766942 
 46128384      93.600000      79.771132 
 46128384      93.600000      79.771929 
 46128384      93.600000      79.775231 
 46128384      93.600000      79.787725 
 46128384      93.600000      79.788379 
 46128384      93.600000      79.784562 
 46128384      93.600000      79.767127 
 46128384      93.600000      79.780787 
 46128384      93.600000      79.775951 
 46128384      93.600000      79.783654 
 46128384      93.600000      79.793048 
 46128384      93.600000      79.775213 
 46128384      93.600000      79.776378 
 46128384      93.600000      79.774171 
 46128384      93.600000      79.771233 
 46128384      93.600000      79.777343 
 46128384      93.600000      79.781156 
 46128384      93.600000      79.772348 
 46128384      93.600000      79.780016 
 46128384      93.600000      79.780424 
 46128384      93.600000      79.786247 
 46128384      93.600000      79.783313 
 46128384      93.600000      79.781401 
 46128384      93.600000      79.772692 
 46128384      93.600000      79.790466 
 46128384      93.600000      79.774544 
 46128384      93.600000      79.786450 
 46128384      93.600000      79.776215 
 46128384      93.600000      79.785281 
 46128384      93.600000      79.787914 
 46128384      93.600000      79.794535 
 46128384      93.600000      79.772791 
 46128384      93.600000      79.769683 
 46128384      93.600000      79.788643 
 46128384      93.600000      79.772283 
 46128384      93.600000      79.786566 
 46128384      93.600000      79.770102 
 46128384      93.600000      79.779563 
 46128384      93.600000      79.777923 
 46128384      93.600000      79.777869 
 46128384      93.600000      79.801330 
 46128384      93.600000      79.779382 
 46128384      93.600000      79.785056 
 46128384      93.600000      79.790007 
 46128384      93.600000      79.777571 
 46128384      93.600000      79.783095 
 46128384      93.600000      79.781478 
 46128384      93.600000      79.798479 
 46128384      93.600000      79.786519 
 46128384      93.600000      79.771642 
 46128384      93.600000      79.773357 
 46128384      93.600000      79.792969 
 46128384      93.600000      79.772312 
 46128384      93.600000      79.782261 
 46128384      93.600000      79.782485 
 46128384      93.600000      79.781105 
 46128384      93.600000      79.790955 
 46128384      93.600000      79.782257 
 46128384      93.600000      79.788683 
 46128384      93.600000      79.794557 
 46128384      93.600000      79.800538 
 46128384      93.600000      79.777112 
 46128384      93.600000      79.780126 
 46128384      93.600000      79.789948 
 46128384      93.600000      79.771737 
 46128384      93.600000      79.778796 
 46128384      93.600000      79.750037 
 46128384      93.600000      79.776447 
 46128384      93.600000      79.767297 
 46128384      93.600000      79.767593 
 46128384      93.600000      79.781347 
 46128384      93.600000      79.771045 
 46128384      93.600000      79.769388 
 46128384      93.600000      79.770282 
 46128384      93.600000      79.774543 
 46128384      93.600000      79.768637 
 46128384      93.600000      79.764539 
 46128384      93.600000      79.792238 
 46128384      93.600000      79.766570 
 46128384      93.600000      79.770960 
 46128384      93.600000      79.770102 
 46128384      93.600000      79.782829 
 46128384      93.600000      79.769317 
 46128384      93.600000      79.760904 
 46128384      93.600000      79.767531 
 46128384      93.600000      79.759087 
 46128384      93.600000      79.765454 
 46128384      93.600000      79.767433 
 46128384      93.600000      79.752098 
 46128384      93.600000      79.777231 
 46128384      93.600000      79.768803 
 46128384      93.600000      79.755544 
 46128384      93.600000      79.763569 
 46128384      93.600000      79.781559 
 46128384      93.600000      79.765916 
 46128384      93.600000      79.764270 
 46128384      93.600000      79.771789 
 46128384      93.600000      79.786821 
 46128384      93.600000      79.757944 
 46128384      93.600000      79.763698 
 46128384      93.600000      79.776930 
 46128384      93.600000      79.763841 
 46128384      93.600000      79.760527 
 46128384      93.600000      79.776515 
 46128384      93.600000      79.772335 
 46128384      93.600000      79.770484 
 46128384      93.600000      79.782732 
 46128384      93.600000      79.769937 
 46128384      93.600000      79.799989 
 46128384      93.600000      79.766567 
 46128384      93.600000      79.773149 
 46128384      93.600000      79.761689 
 46128384      93.600000      79.770914 
 46128384      93.600000      79.776557 
 46128384      93.600000      79.769298 
 46128384      93.600000      79.755191 
 46128384      93.600000      79.767927 
 46128384      93.600000      79.769073 
 46128384      93.600000      79.779825 
 46128384      93.600000      79.771102 
 46128384      93.600000      79.776252 
 46128384      93.600000      79.782678 
 46128384      93.600000      79.774038 
 46128384      93.600000      79.755711 
 46128384      93.600000      79.766781 
 46128384      93.600000      79.768765 
 46128384      93.600000      79.777133 
 46128384      93.600000      79.766864 
 46128384      93.600000      79.774306 
 37856256      93.600000      78.893526 
 37856256      93.600000      78.886886 
 37856256      93.600000      78.859638 
 37856256       0.400000      78.893950 
 37856256      93.600000      78.887762 
 37856256      93.600000      78.893750 
 37856256      93.600000      78.875638 
 37856256      93.600000      78.881360 
 37856256      93.600000      78.870423 
 37856256      93.600000      78.882939 
 37856256      93.600000      78.886339 
 37856256      93.600000      78.871485 
 37856256      93.600000      78.885261 
 37856256      93.600000      78.866248 
 37856256      93.600000      78.894760 
 37856256      93.600000      78.873050 
 37856256      93.600000      78.881062 
 37856256      93.600000      78.877668 
 37856256      93.600000      78.876094 
 37856256      93.600000      78.888886 
 37856256      93.600000      78.876497 
 37856256      93.600000      78.882793 
 37856256      93.600000      78.911311 
 37856256      93.600000      78.881795 
 37856256      93.600000      78.879843 
 37856256      93.600000      78.882109 
 37856256      93.600000      78.889808 
 37856256      93.600000      78.878583 
 37856256      93.600000      78.888045 
 37856256      93.600000      78.895333 
 37856256      93.600000      78.895346 
 37856256      93.600000      78.892341 
 37856256      93.600000      78.901806 
 37856256      93.600000      78.892487 
 37856256      93.600000      78.895715 
 37856256      93.600000      78.888127 
 37856256      93.600000      78.902818 
 37856256      93.600000      78.879787 
 37856256      93.600000      78.902977 
 37856256      93.600000      78.888369 
 37856256      93.600000      78.901305 
 37856256      93.600000      78.887364 
 37856256      93.600000      78.877580 
 37856256      93.600000      78.904298 
 37856256      93.600000      78.888388 
 37856256      93.600000      78.898716 
 37856256      93.600000      78.891989 
 37856256      10.400000      78.893702 
 37856256      93.600000      78.880342 
 37856256      93.600000      78.877511 
 37856256      93.600000      78.877129 
 37856256      93.600000      78.886728 
 37856256      93.600000      78.876402 
 37856256      93.600000      78.881473 
 37856256      93.600000      78.878331 
 37856256      93.600000      78.884958 
 37856256      93.600000      78.879984 
 37856256      93.600000      78.886219 
 37856256      93.600000      78.863991 
 37856256      93.600000      78.880907 
 37856256      93.600000      78.871478 
 37856256      93.600000      78.902623 
 37856256      93.600000      78.889251 
 37856256      93.600000      78.880225 
 37856256      93.600000      78.889034 
 37856256      93.600000      78.877880 
 37856256      93.600000      78.878305 
 37856256      93.600000      78.897645 
 37856256      93.600000      78.911252 
 37856256      93.600000      78.899067 
 37856256      93.600000      78.881081 
 37856256      93.600000      78.894763 
 37856256      93.600000      78.883014 
 37856256      93.600000      78.899532 
 37856256      93.600000      78.885725 
 37856256      93.600000      78.886244 
 37856256      93.600000      78.897147 
 37856256      93.600000      78.881309 
 37856256      93.600000      78.895950 
 37856256      93.600000      78.898943 
 37856256      93.600000      78.889555 
 37856256      93.600000      78.892704 
 37856256      93.600000      78.905596 
 37856256      93.600000      78.885646 
 37856256      93.600000      78.898958 
 37856256      93.600000      78.879315 
 37856256      93.600000      78.892377 
 37856256      93.600000      78.880962 
 37856256      93.600000      78.907893 
 37856256      93.600000      78.890830 
 37856256      93.600000      78.890020 
 37856256      93.600000      78.901758 
 37856256      93.600000      78.855606 
 37856256      93.600000      78.888582 
 37856256      93.600000      78.899044 
 37856256      93.600000      78.875212 
 37856256      93.600000      78.879650 
 37856256      93.600000      78.866853 
 37856256      93.600000      78.880762 
 37856256      93.600000      78.876354 
 37856256      93.600000      78.886075 
 37856256      93.600000      78.888416 
 37856256      93.600000      78.873094 
 37856256      93.600000      78.871091 
 37856256      93.600000      78.879534 
 37856256      93.600000      78.885381 
 37856256      93.600000      78.877797 
 37856256      93.600000      78.874031 
 37856256      93.600000      78.867469 
 37856256      93.600000      78.886371 
 37856256      93.600000      78.908942 
 37856256      93.600000      78.897228 
 37856256      93.600000      78.896416 
 37856256      93.600000      78.882757 
 37856256      93.600000      78.886367 
 37856256      93.600000      78.881772 
 37856256      93.600000      78.889399 
 37856256      93.600000      78.918752 
 37856256      93.600000      78.887173 
 37856256      93.600000      78.895577 
 37856256      93.600000      78.886682 
 37856256      93.600000      78.898905 
 37856256      93.600000      78.889076 
 37856256      93.600000      78.902998 
 37856256      93.600000      78.889361 
 37856256      93.600000      78.903672 
 37856256      93.600000      78.891331 
 37856256      93.600000      78.882911 
 37856256      93.600000      78.897111 
 37856256      93.600000      78.896379 
 37856256      93.600000      78.900066 
 37856256      93.600000      78.902517 
 37856256      93.600000      78.894624 
 37856256      93.600000      78.887922 
 37856256      93.600000      78.892046 
 37856256      93.600000      78.887304 
 37856256      93.600000      78.912786 
 37856256      93.600000      78.907993 
 37856256      93.600000      78.873250 
 37856256      93.600000      78.885787 
 37856256      93.600000      78.883933 
 37856256      93.600000      78.871074 
 37856256      93.600000      78.875894 
 37856256      93.600000      78.877646 
 37856256      93.600000      78.886001 
 37856256      93.600000      78.885812 
 37856256      93.600000      78.878569 
 37856256      93.600000      78.874645 
 37856256      93.600000      78.883656 
 37856256      93.600000      78.894713 
 37856256      93.600000      78.883920 
 37856256      93.600000      78.893857 
 37856256      93.600000      78.883808 
 37856256      93.600000      78.887611 
 37856256      93.600000      78.881377 
 37856256      93.600000      78.884676 
 37856256      93.600000      78.878912 
 37856256      93.600000      78.873356 
 37856256      93.600000      78.882225 
 37856256      93.600000      78.893414 
 37856256      93.600000      78.868222 
 37856256      93.600000      78.893697 
 37856256      93.600000      78.913794 
 37856256      93.600000      78.871582 
 37856256      93.600000      78.890234 
 37856256      93.600000      78.889979 
 37856256      93.600000      78.873217 
 37856256      93.600000      78.903167 
 37856256      93.600000      78.882431 
 37856256      93.600000      78.909575 
 37856256      93.600000      78.900762 
 37856256      93.600000      78.896143 
 37856256      93.600000      78.880471 
 37856256      93.600000      78.905310 
 37856256      93.600000      78.898136 
 37856256      93.600000      78.888617 
 37856256      93.600000      78.887153 
 37856256      93.600000      78.892225 
 37856256      93.600000      78.908581 
 37856256      93.600000      78.899013 
 37856256      93.600000      78.884072 
 37856256      93.600000      78.895440 
 37856000      93.600000    -107.575527 
 37856000      93.600000    -107.576084 
 37856000      93.600000    -107.575752 
 37856000      93.600000    -107.564257 
 37856000      93.600000    -107.580497 
 37856000      93.600000    -107.569104 
 37856000      93.600000    -107.565658 
 37856000      93.600000    -107.562838 
 37856000      93.600000    -107.572577 
 37856000      93.600000    -107.581087 
 37856000      93.600000    -107.585271 
 37856000      93.600000    -107.566542 
 37856000      93.600000    -107.571697 
 37856000      93.600000    -107.569026 
 37856000      93.600000    -107.554834 
 37856000      93.600000    -107.574174 
 37856000      93.600000    -107.568592 
 37856000      93.600000    -107.572751 
 37856000      93.600000    -107.589029 
 37856000      93.600000    -107.584166 
 37856000      93.600000    -107.569719 
 37856000      93.600000    -107.590592 
 37856000      93.600000    -107.579888 
 37856000      93.600000    -107.594867 
 37856000      93.600000    -107.593113 
 37856000      93.600000    -107.595850 
 37856000      93.600000    -107.603922 
 37856000      93.600000    -107.609850 
 37856000      93.600000    -107.603503 
 37856000      93.600000    -107.598619 
 37856000      93.600000    -107.605468 
 37856000      93.600000    -107.598185 
 37856000      93.600000    -107.597549 
 37856000      93.600000    -107.595317 
 37856000      93.600000    -107.591883 
 37856000      93.600000    -107.589806 
 37856000      93.600000    -107.583529 
 37856000      93.600000    -107.598352 
 37856000      93.600000    -107.592350 
 37856000      93.600000    -107.604614 
 37856000      93.600000    -107.606415 
 37856000      93.600000    -107.597429 
 37856000      93.600000    -107.600933 
 37856000      93.600000    -107.618037 
 37856000      93.600000    -107.613130 
 37856000      93.600000    -107.591336 
 37856000      93.600000    -107.596567 
 37856000      93.600000    -107.606497 
 37856000      93.600000    -107.591302 
 37856000      93.600000    -107.582667 
 37856000      93.600000    -107.586988 
 37856000      93.600000    -107.568552 
 37856000      93.600000    -107.572811 
 37856000      93.600000    -107.587700 
 37856000      93.600000    -107.561675 
 37856000      93.600000    -107.596330 
 37856000      93.600000    -107.567171 
 37856000      93.600000    -107.588062 
 37856000      93.600000    -107.565579 
 37856000      93.600000    -107.571283 
 37856000      93.600000    -107.574294 
 37856000      93.600000    -107.581120 
 37856000      93.600000    -107.566441 
 37856000      93.600000    -107.580276 
 37856000      93.600000    -107.576898 
 37856000      93.600000    -107.572130 
 37856000      93.600000    -107.581444 
 37856000      93.600000    -107.567688 
 37856000      93.600000    -107.566711 
 37856000      93.600000    -107.559192 
 37856000      93.600000    -107.585064 
 37856000      93.600000    -107.599805 
 37856000      93.600000    -107.616790 
 37856000      93.600000    -107.608280 
 37856000      93.600000    -107.598576 
 37856000      93.600000    -107.606320 
 37856000      93.600000    -107.602228 
 37856000      93.600000    -107.582881 
 37856000      93.600000    -107.590003 
 37856000      93.600000    -107.595054 
 37856000      93.600000    -107.606547 
 37856000      93.600000    -107.588850 
 37856000      93.600000    -107.585406 
 37856000      93.600000    -107.601271 
 37856000      93.600000    -107.586178 
 37856000      93.600000    -107.609268 
 37856000      93.600000    -107.609511 
 37856000      93.600000    -107.611460 
 37856000      93.600000    -107.610095 
 37856000      93.600000    -107.600041 
 37856000      93.600000    -107.618644 
 37856000      93.600000    -107.585536 
 37856000      93.600000    -107.611144 
 37856000      93.600000    -107.610633 
 37856000      93.600000    -107.603775 
 37856000       0.400000    -107.575144 
 37856000      93.600000    -107.577266 
 37856000      93.600000    -107.574744 
 37856000      93.600000    -107.567181 
 37856000      93.600000    -107.572979 
 37856000      93.600000    -107.563882 
 37856000      93.600000    -107.579792 
 37856000      93.600000    -107.565561 
 37856000      93.600000    -107.574414 
 37856000      93.600000    -107.574403 
 37856000      93.600000    -107.577585 
 37856000      93.600000    -107.580818 
 37856000      93.600000    -107.569134 
 37856000      93.600000    -107.561681 
 37856000      93.600000    -107.557335 
 37856000      93.600000    -107.576680 
 37856000      93.600000    -107.577962 
 37856000      93.600000    -107.576144 
 37856000      93.600000    -107.587115 
 37856000      93.600000    -107.560234 
 37856000      93.600000    -107.579995 
 37856000      93.600000    -107.574174 
 37856000      93.600000    -107.586486 
 37856000      93.600000    -107.578337 
 37856000      93.600000    -107.571152 
 37856000      93.600000    -107.572782 
 37856000      93.600000    -107.599509 
 37856000      93.600000    -107.618288 
 37856000      93.600000    -107.591984 
 37856000      93.600000    -107.581682 
 37856000      93.600000    -107.606918 
 37856000      93.600000    -107.593246 
 37856000      93.600000    -107.601915 
 37856000      93.600000    -107.601211 
 37856000      93.600000    -107.603581 
 37856000      93.600000    -107.601011 
 37856000      93.600000    -107.601713 
 37856000      93.600000    -107.611109 
 37856000      93.600000    -107.587130 
 37856000      93.600000    -107.597028 
 37856000      93.600000    -107.600676 
 37856000      93.600000    -107.604161 
 37856000      93.600000    -107.586899 
 37856000      93.600000    -107.605101 
 37856000      93.600000    -107.585358 
 37856000      10.400000    -107.575421 
 37856000      93.600000    -107.568848 
 37856000      93.600000    -107.575016 
 37856000      93.600000    -107.576209 
 37856000      93.600000    -107.567348 
 37856000      93.600000    -107.560574 
 37856000      93.600000    -107.557602 
 37856000      93.600000    -107.569550 
 37856000      93.600000    -107.569536 
 37856000      93.600000    -107.566485 
 37856000      93.600000    -107.580548 
 37856000      93.600000    -107.574036 
 37856000      93.600000    -107.576104 
 37856000      93.600000    -107.559242 
 37856000      93.600000    -107.570105 
 37856000      93.600000    -107.557611 
 37856000      93.600000    -107.573115 
 37856000      93.600000    -107.567442 
 37856000      93.600000    -107.570435 
 37856000      93.600000    -107.571482 
 37856000      93.600000    -107.569897 
 37856000      93.600000    -107.581189 
 37856000      93.600000    -107.596315 
 37856000      93.600000    -107.595059 
 37856000      93.600000    -107.600387 
 37856000      93.600000    -107.584370 
 37856000      93.600000    -107.588156 
 37856000      93.600000    -107.607226 
 37856000      93.600000    -107.593255 
 37856000      93.600000    -107.588071 
 37856000      93.600000    -107.599802 
 37856000      93.600000    -107.607025 
 37856000      93.600000    -107.600087 
 37856000      93.600000    -107.597831 
 37856000      93.600000    -107.585423 
 37856000      93.600000    -107.592600 
 37856000      93.600000    -107.594036 
 37856000      93.600000    -107.599756 
 37856000      93.600000    -107.587632 
 37856000      93.600000    -107.601208 
 37856000      93.600000    -107.591613 
 37856000      93.600000    -107.592970 
 46133504      93.600000    -102.426350 
 46133504      93.600000    -102.410434 
 46133504      93.600000    -102.430399 
 46133504      93.600000    -102.432305 
 46133504      93.600000    -102.426326 
 46133504      93.600000    -102.415825 
 46133504      93.600000    -102.431895 
 46133504      93.600000    -102.428598 
 46133504      93.600000    -102.425938 
 46133504      93.600000    -102.426862 
 46133504      93.600000    -102.427442 
 46133504      93.600000    -102.454209 
 46133504      93.600000    -102.427635 
 46133504      93.600000    -102.435425 
 46133504      93.600000    -102.424038 
 46133504      93.600000    -102.425678 
 46133504      93.600000    -102.425440 
 46133504      93.600000    -102.417338 
 46133504      93.600000    -102.437656 
 46133504      93.600000    -102.418407 
 46133504      93.600000    -102.413610 
 46133504      93.600000    -102.420260 
 46133504      93.600000    -102.420383 
 46133504      93.600000    -102.434131 
 46133504      93.600000    -102.429692 
 46133504      93.600000    -102.425954 
 46133504      93.600000    -102.419451 
 46133504      93.600000    -102.411988 
 46133504      93.600000    -102.411919 
 46133504      93.600000    -102.438623 
 46133504      93.600000    -102.414842 
 46133504      93.600000    -102.425715 
 46133504      93.600000    -102.424535 
 46133504      93.600000    -102.431610 
 46133504      93.600000    -102.423098 
 46133504      93.600000    -102.440487 
 46133504      93.600000    -102.423638 
 46133504      93.600000    -102.421651 
 46133504      93.600000    -102.431626 
 46133504      93.600000    -102.449394 
 46133504      93.600000    -102.424157 
 46133504      93.600000    -102.422891 
 46133504      93.600000    -102.441178 
 46133504      93.600000    -102.419841 
 46133504      93.600000    -102.412278 
 46133504      93.600000    -102.426640 
 46133504      93.600000    -102.428872 
 46133504      93.600000    -102.418066 
 46133504      93.600000    -102.425842 
 46133504      93.600000    -102.423301 
 46133504      93.600000    -102.416216 
 46133504      93.600000    -102.426191 
 46133504      93.600000    -102.433618 
 46133504      93.600000    -102.417149 
 46133504      93.600000    -102.422782 
 46133504      93.600000    -102.413301 
 46133504      93.600000    -102.425917 
 46133504      93.600000    -102.434762 
 46133504      93.600000    -102.416684 
 46133504      93.600000    -102.435951 
 46133504      93.600000    -102.429520 
 46133504      93.600000    -102.416415 
 46133504      93.600000    -102.444364 
 46133504      93.600000    -102.434619 
 46133504      93.600000    -102.451101 
 46133504      93.600000    -102.444769 
 46133504      93.600000    -102.453787 
 46133504      93.600000    -102.449954 
 46133504      93.600000    -102.447074 
 46133504      93.600000    -102.431218 
 46133504      93.600000    -102.457536 
 46133504      93.600000    -102.448863 
 46133504      93.600000    -102.445453 
 46133504      93.600000    -102.433279 
 46133504      93.600000    -102.434102 
 46133504      93.600000    -102.442381 
 46133504      93.600000    -102.437267 
 46133504      93.600000    -102.448914 
 46133504      93.600000    -102.440080 
 46133504      93.600000    -102.448879 
 46133504      93.600000    -102.427836 
 46133504      93.600000    -102.430480 
 46133504      93.600000    -102.444280 
 46133504      93.600000    -102.439739 
 46133504      93.600000    -102.452035 
 46133504      93.600000    -102.447415 
 46133504      93.600000    -102.457140 
 46133504      93.600000    -102.431612 
 46133504      93.600000    -102.458277 
 46133504      93.600000    -102.447367 
 46133504      93.600000    -102.441311 
 46133504      93.600000    -102.451659 
 46133504      93.600000    -102.436588 
 46133504      93.600000    -102.440713 
 46133504      93.600000    -102.439346 
 46133504      93.600000    -102.430802 
 46133504      93.600000    -102.445098 
 46133504      93.600000    -102.445218 
 46133504      93.600000    -102.445019 
 46133504      93.600000    -102.444814 
 46133504      93.600000    -102.450630 
 46133504      93.600000    -102.455299 
 46133504      93.600000    -102.465524 
 46133504      93.600000    -102.441647 
 46133504      93.600000    -102.430311 
 46133504      93.600000    -102.460194 
 46133504      93.600000    -102.431690 
 46133504      93.600000    -102.442728 
 46133504      93.600000    -102.443785 
 46133504      93.600000    -102.443956 
 46133504      93.600000    -102.448128 
 46133504      93.600000    -102.455469 
 46133504      93.600000    -102.425492 
 46133504      93.600000    -102.440979 
 46133504      93.600000    -102.448585 
 46133504      93.600000    -102.445578 
 46133504      93.600000    -102.428036 
 46133504      93.600000    -102.458136 
 46133504      93.600000    -102.444413 
 46133504      93.600000    -102.437249 
 46133504      93.600000    -102.442595 
 46133504      93.600000    -102.423627 
 46133504      93.600000    -102.423548 
 46133504      93.600000    -102.425908 
 46133504      93.600000    -102.434993 
 46133504      93.600000    -102.420793 
 46133504      93.600000    -102.428110 
 46133504      93.600000    -102.417681 
 46133504      93.600000    -102.434410 
 46133504      93.600000    -102.408145 
 46133504      93.600000    -102.421198 
 46133504      93.600000    -102.435480 
 46133504      93.600000    -102.434447 
 46133504      93.600000    -102.425061 
 46133504      93.600000    -102.422040 
 46133504      93.600000    -102.419954 
 46133504      93.600000    -102.452500 
 46133504      93.600000    -102.430535 
 46133504      93.600000    -102.432287 
 46133504      93.600000    -102.423805 
 46133504      93.600000    -102.423917 
 46133504      93.600000    -102.437026 
 46133504      93.600000    -102.434534 
 46133504      93.600000    -102.430824 
 46133504      93.600000    -102.436379 
 46133504      93.600000    -102.425253 
 46133504      93.600000    -102.408653 
 46133504      93.600000    -102.431801 
 46133504      93.600000    -102.436848 
 46133504      93.600000    -102.447351 
 46133504      93.600000    -102.421133 
 46133504      93.600000    -102.418470 
 46133504      93.600000    -102.434374 
 46133504      93.600000    -102.425390 
 46133504      93.600000    -102.431691 
 46133504      93.600000    -102.410376 
 46133504      93.600000    -102.427172 
 46133504      93.600000    -102.424201 
 46133504      93.600000    -102.432526 
 46133504      93.600000    -102.428425 
 46133504      93.600000    -102.436915 
 46133504      93.600000    -102.430623 
 46133504      93.600000    -102.418845 
 46133504      93.600000    -102.429153 
 46133504      93.600000    -102.427290 
 46133504      93.600000    -102.427269 
 46133504      93.600000    -102.414893 
 46133504      93.600000    -102.443790 
 46133504      93.600000    -102.431310 
 46133504      93.600000    -102.420345 
 46133504      93.600000    -102.416952 
 46133504      93.600000    -102.425044 
 46133504      93.600000    -102.448712 
 46133504      93.600000    -102.445566 
 46133504      93.600000    -102.437161 
 46133504      93.600000    -102.445799 
 46133504      93.600000    -102.430823 
 46133504      93.600000    -102.436208 
 46133504      93.600000    -102.449684 
 46133504      93.600000    -102.441573 
 46133504      93.600000    -102.437597 
 46133504      93.600000    -102.449463 
 46133504      93.600000    -102.444736 
 46133504      93.600000    -102.453953 
 46133504      93.600000    -102.437068 
 46133504      93.600000    -102.446261 
 46133504      93.600000    -102.442322 
 46133504      93.600000    -102.443931 
 46133504      93.600000    -102.441420 
 46133504      93.600000    -102.448686 
 46133504      93.600000    -102.438978 
 46133504      93.600000    -102.453401 
 46133504      93.600000    -102.450225 
 46133504      93.600000    -102.445442 
 46133504      93.600000    -102.446699 
 46133504      93.600000    -102.450578 
 46133504      93.600000    -102.429125 
 46133504      93.600000    -102.436720 
 46133504      93.600000    -102.451808 
 46133504      93.600000    -102.439034 
 46133504      93.600000    -102.445260 
 46133504      93.600000    -102.451288 
 46133504      93.600000    -102.461188 
 46133504      93.600000    -102.438653 
 46133504      93.600000    -102.440986 
 46133504      93.600000    -102.440319 
 46133504      93.600000    -102.431931 
 46133504      93.600000    -102.445085 
 46133504      93.600000    -102.443196 
 46133504      93.600000    -102.450066 
 46133504      93.600000    -102.439050 
 46133504      93.600000    -102.460611 
 46133504      93.600000    -102.444186 
 46133504      93.600000    -102.454917 
 46133504      93.600000    -102.449582 
 46133504      93.600000    -102.447939 
 46133504      93.600000    -102.452294 
 46133504      93.600000    -102.439862 
 46133504      93.600000    -102.434555 
 46133504      93.600000    -102.455908 
 46133504      93.600000    -102.445752 
 46133504      93.600000    -102.455563 
 46133504      93.600000    -102.445372 
 46133504      93.600000    -102.443460 
 46133504      93.600000    -102.430108 
 46133504      93.600000    -102.468541 
 46133504       0.400000    -102.448474 
 46133504      10.400000    -102.448269 
 46133504      93.600000    -102.420955 
 46133504      93.600000    -102.422303 
 46133504      93.600000    -102.430439 
 46133504      93.600000    -102.422716 
 46133504      93.600000    -102.431976 
 46133504      93.600000    -102.424063 
 46133504      93.600000    -102.428288 
 46133504      93.600000    -102.424991 
 46133504      93.600000    -102.423123 
 46133504      93.600000    -102.430777 
 46133504      93.600000    -102.423469 
 46133504      93.600000    -102.440498 
 46133504      93.600000    -102.419525 
 46133504      93.600000    -102.419317 
 46133504      93.600000    -102.425865 
 46133504      93.600000    -102.429717 
 46133504      93.600000    -102.440274 
 46133504      93.600000    -102.423208 
 46133504      93.600000    -102.421123 
 46133504      93.600000    -102.431349 
 46133504      93.600000    -102.430038 
 46133504      93.600000    -102.421860 
 46133504      93.600000    -102.432508 
 46133504      93.600000    -102.439282 
 46133504      93.600000    -102.423118 
 46133504      93.600000    -102.436819 
 46133504      93.600000    -102.429557 
 46133504      93.600000    -102.428383 
 46133504      93.600000    -102.429481 
 46133504      93.600000    -102.412215 
 46133504      93.600000    -102.434855 
 46133504      93.600000    -102.444707 
 46133504      93.600000    -102.423227 
 46133504      93.600000    -102.430541 
 46133504      93.600000    -102.435523 
 46133504      93.600000    -102.413986 
 46133504      93.600000    -102.427047 
 46133504      93.600000    -102.425908 
 46133504      93.600000    -102.434352 
 46133504      93.600000    -102.422748 
 46133504      93.600000    -102.422937 
 46133504      93.600000    -102.422944 
 46133504      93.600000    -102.439983 
 46133504      93.600000    -102.431675 
 46133504      93.600000    -102.439662 
 46133504      93.600000    -102.441570 
 46133504      93.600000    -102.429372 
 46133504      93.600000    -102.428304 
 46133504      93.600000    -102.416770 
 46133504      93.600000    -102.440010 
 46133504      93.600000    -102.424327 
 46133504      93.600000    -102.436001 
 46133504      93.600000    -102.441637 
 46133504      93.600000    -102.434132 
 46133504      93.600000    -102.427053 
 46133504      93.600000    -102.452098 
 46133504      93.600000    -102.444554 
 46133504      93.600000    -102.432781 
 46133504      93.600000    -102.450461 
 46133504      93.600000    -102.458275 
 46133504      93.600000    -102.441648 
 46133504      93.600000    -102.457081 
 46133504      93.600000    -102.438155 
 46133504      93.600000    -102.449147 
 46133504      93.600000    -102.460674 
 46133504      93.600000    -102.445820 
 46133504      93.600000    -102.436510 
 46133504      93.600000    -102.438979 
 46133504      93.600000    -102.446868 
 46133504      93.600000    -102.426216 
 46133504      93.600000    -102.432509 
 46133504      93.600000    -102.448875 
 46133504      93.600000    -102.447000 
 46133504      93.600000    -102.465760 
 46133504      93.600000    -102.436229 
 46133504      93.600000    -102.441981 
 46133504      93.600000    -102.456382 
 46133504      93.600000    -102.438460 
 46133504      93.600000    -102.430273 
 46133504      93.600000    -102.431854 
 46133504      93.600000    -102.438686 
 46133504      93.600000    -102.441713 
 46133504      93.600000    -102.431679 
 46133504      93.600000    -102.439300 
 46133504      93.600000    -102.475319 
 46133504      93.600000    -102.442699 
 46133504      93.600000    -102.451645 
 46133504      93.600000    -102.447759 
 46133504      93.600000    -102.446560 
 46133504      93.600000    -102.458352 
 46133504      93.600000    -102.451722 
 46133504      93.600000    -102.449457 
 46133504      93.600000    -102.444403 
 46133504      93.600000    -102.434090 
 46133504      93.600000    -102.431733 
 46133504      93.600000    -102.432472 
 46133504      93.600000    -102.446209 
 46133504      93.600000    -102.452770 
 46133504      93.600000    -102.442156 
 46133504      93.600000    -102.443902 
 46133504      93.600000    -102.433370 
 46133504      93.600000    -102.444062 
 46133504      93.600000    -102.446381 
 46133504      93.600000    -102.428830 
 46133504      93.600000    -102.447143 
 46133504      93.600000    -102.437061 
 46133504      93.600000    -102.442502 
 46133504      93.600000    -102.436032 
 46133504      93.600000    -102.448192 
 46133504      93.600000    -102.442531 
 46133504      93.600000    -102.445509 
 46133504      93.600000    -102.443183 
 46133504      93.600000    -102.435015 
 46133504      93.600000    -102.448186 
 46133504      93.600000    -102.435547 
 46133504      93.600000    -102.416563 
 46133504      93.600000    -102.431741 
 46133504      93.600000    -102.432081 
 46133504      93.600000    -102.430469 
 46133504      93.600000    -102.433270 
 46133504      93.600000    -102.425235 
 46133504      93.600000    -102.419917 
 46133504      93.600000    -102.416155 
 46133504      93.600000    -102.423704 
 46133504      93.600000    -102.423774 
 46133504      93.600000    -102.422426 
 46133504      93.600000    -102.428515 
 46133504      93.600000    -102.429335 
 46133504      93.600000    -102.423358 
 46133504      93.600000    -102.446177 
 46133504      93.600000    -102.424260 
 46133504      93.600000    -102.419849 
 46133504      93.600000    -102.418783 
 46133504      93.600000    -102.434272 
 46133504      93.600000    -102.432456 
 46133504      93.600000    -102.421303 
 46133504      93.600000    -102.424386 
 46133504      93.600000    -102.435074 
 46133504      93.600000    -102.413881 
 46133504      93.600000    -102.430265 
 46133504      93.600000    -102.429428 
 46133504      93.600000    -102.425971 
 46133504      93.600000    -102.422929 
 46133504      93.600000    -102.428381 
 46133504      93.600000    -102.426878 
 46133504      93.600000    -102.414319 
 46133504      93.600000    -102.432831 
 46133504      93.600000    -102.414460 
 46133504      93.600000    -102.424274 
 46133504      93.600000    -102.424464 
 46133504      93.600000    -102.412135 
 46133504      93.600000    -102.410033 
 46133504      93.600000    -102.431462 
 46133504      93.600000    -102.429172 
 46133504      93.600000    -102.417469 
 46133504      93.600000    -102.434221 
 46133504      93.600000    -102.428320 
 46133504      93.600000    -102.416596 
 46133504      93.600000    -102.417719 
 46133504      93.600000    -102.425924 
 46133504      93.600000    -102.424778 
 46133504      93.600000    -102.441930 
 46133504      93.600000    -102.430984 
 46133504      93.600000    -102.419596 
 46133504      93.600000    -102.424986 
 46133504      93.600000    -102.430231 
 46133504      93.600000    -102.426759 
 46133504      93.600000    -102.442385 
 46133504      93.600000    -102.431815 
 46133504      93.600000    -102.438190 
 46133504      93.600000    -102.437877 
 46133504      93.600000    -102.444696 
 46133504      93.600000    -102.451635 
 46133504      93.600000    -102.430195 
 46133504      93.600000    -102.456000 
 46133504      93.600000    -102.433567 
 46133504      93.600000    -102.446927 
 46133504      93.600000    -102.441488 
 46133504      93.600000    -102.449044 
 46133504      93.600000    -102.457668 
 46133504      93.600000    -102.450090 
 46133504      93.600000    -102.421902 
 46133504      93.600000    -102.450726 
 46133504      93.600000    -102.423105 
 46133504      93.600000    -102.436238 
 46133504      93.600000    -102.443989 
 46133504      93.600000    -102.444819 
 46133504      93.600000    -102.446250 
 46133504      93.600000    -102.438113 
 46133504      93.600000    -102.436102 
 46133504      93.600000    -102.446686 
 46133504      93.600000    -102.434571 
 46133504      93.600000    -102.445357 
 46133504      93.600000    -102.455831 
 46133504      93.600000    -102.444841 
 46133504      93.600000    -102.443365 
 46133504      93.600000    -102.439704 
 46133504      93.600000    -102.436950 
 46133504      93.600000    -102.445449 
 46133504      93.600000    -102.446088 
 46133504      93.600000    -102.444360 
 46133504      93.600000    -102.434039 
 46133504      93.600000    -102.450683 
 46133504      93.600000    -102.438638 
 46133504      93.600000    -102.437791 
 46133504      93.600000    -102.435225 
 46133504      93.600000    -102.437116 
 46133504      93.600000    -102.425304 
 46133504      93.600000    -102.439583 
 46133504      93.600000    -102.449771 
 46133504      93.600000    -102.443299 
 46133504      93.600000    -102.445718 
 46133504      93.600000    -102.430642 
 46133504      93.600000    -102.436924 
 46133504      93.600000    -102.449363 
 46133504      93.600000    -102.425834 
 46133504      93.600000    -102.456287 
 46133504      93.600000    -102.440457 
 46133504      93.600000    -102.443855 
 46133504      93.600000    -102.437157 
 46133504      93.600000    -102.463766 
 46133504      93.600000    -102.431405 
 46133504      93.600000    -102.431066 
 46133504      93.600000    -102.444997 
 46136064      93.600000     -99.044460 
 46136064      93.600000     -99.039238 
 46136064      93.600000     -99.037213 
 46136064      93.600000     -99.047018 
 46136064      93.600000     -99.043013 
 46136064      93.600000     -99.033713 
 46136064      93.600000     -99.036143 
 46136064      93.600000     -99.030765 
 46136064      93.600000     -99.051890 
 46136064      93.600000     -99.035181 
 46136064      93.600000     -99.017769 
 46136064      93.600000     -99.039283 
 46136064      93.600000     -99.031652 
 46136064      93.600000     -99.035096 
 46136064      93.600000     -99.034649 
 46136064      93.600000     -99.041119 
 46136064      93.600000     -99.041735 
 46136064      93.600000     -99.044821 
 46136064      93.600000     -99.021156 
 46136064      93.600000     -99.033077 
 46136064      93.600000     -99.024032 
 46136064      93.600000     -99.028450 
 46136064      93.600000     -99.047054 
 46136064      93.600000     -99.048782 
 46136064      93.600000     -99.032062 
 46136064      93.600000     -99.043801 
 46136064      93.600000     -99.036335 
 46136064      93.600000     -99.039531 
 46136064      93.600000     -99.028275 
 46136064      93.600000     -99.038462 
 46136064      93.600000     -99.039862 
 46136064      93.600000     -99.025985 
 46136064      93.600000     -99.070838 
 46136064      93.600000     -99.044627 
 46136064      93.600000     -99.050602 
 46136064      93.600000     -99.034048 
 46136064      93.600000     -99.040666 
 46136064      93.600000     -99.043833 
 46136064      93.600000     -99.036153 
 46136064      93.600000     -99.043480 
 46136064      93.600000     -99.038377 
 46136064      93.600000     -99.027791 
 46136064      93.600000     -99.034401 
 46136064      93.600000     -99.046716 
 46136064      93.600000     -99.035107 
 46136064      93.600000     -99.034638 
 46136064      93.600000     -99.020619 
 46136064      93.600000     -99.040866 
 46136064      93.600000     -99.030333 
 46136064      93.600000     -99.038254 
 46136064      93.600000     -99.035140 
 46136064      93.600000     -99.029159 
 46136064      93.600000     -99.033649 
 46136064      93.600000     -99.050176 
 46136064      93.600000     -99.032081 
 46136064      93.600000     -99.022946 
 46136064      93.600000     -99.051805 
 46136064      93.600000     -99.061353 
 46136064      93.600000     -99.053971 
 46136064      93.600000     -99.055264 
 46136064      93.600000     -99.036564 
 46136064      93.600000     -99.060619 
 46136064      93.600000     -99.035175 
 46136064      93.600000     -99.053008 
 46136064      93.600000     -99.052115 
 46136064      93.600000     -99.047473 
 46136064      93.600000     -99.054474 
 46136064      93.600000     -99.047230 
 46136064      93.600000     -99.060494 
 46136064      93.600000     -99.034336 
 46136064      93.600000     -99.057699 
 46136064      93.600000     -99.041202 
 46136064      93.600000     -99.058186 
 46136064      93.600000     -99.046417 
 46136064      93.600000     -99.046616 
 46136064      93.600000     -99.044451 
 46136064      93.600000     -99.051692 
 46136064      93.600000     -99.038352 
 46136064      93.600000     -99.039124 
 46136064      93.600000     -99.039954 
 46136064      93.600000     -99.038248 
 46136064      93.600000     -99.067487 
 46136064      93.600000     -99.052686 
 46136064      93.600000     -99.039880 
 46136064      93.600000     -99.053216 
 46136064      93.600000     -99.036221 
 46136064      93.600000     -99.039809 
 46136064      93.600000     -99.067808 
 46136064      93.600000     -99.044740 
 46136064      93.600000     -99.047571 
 46136064      93.600000     -99.050332 
 46136064      93.600000     -99.061087 
 46136064      93.600000     -99.051978 
 46136064      93.600000     -99.042841 
 46136064      93.600000     -99.047416 
 46136064      93.600000     -99.049292 
 46136064      93.600000     -99.050648 
 46136064      93.600000     -99.030170 
 46136064      93.600000     -99.043929 
 46136064      93.600000     -99.072482 
 46136064      93.600000     -99.052862 
 46136064      93.600000     -99.042785 
 46136064      93.600000     -99.057991 
 46136064      93.600000     -99.045742 
 46136064      93.600000     -99.055251 
 46136064      93.600000     -99.045799 
 46136064      93.600000     -99.051620 
 46136064      93.600000     -99.042671 
 46136064      93.600000     -99.037701 
 46136064      93.600000     -99.033004 
 46136064      93.600000     -99.054802 
 46136064      93.600000     -99.055727 
 46136064      93.600000     -99.051826 
 46136064      10.400000     -99.044449 
 46136064      93.600000     -99.038362 
 46136064      93.600000     -99.031014 
 46136064      93.600000     -99.043884 
 46136064      93.600000     -99.045133 
 46136064      93.600000     -99.050890 
 46136064      93.600000     -99.021136 
 46136064      93.600000     -99.030373 
 46136064      93.600000     -99.037344 
 46136064      93.600000     -99.053304 
 46136064      93.600000     -99.038053 
 46136064      93.600000     -99.040793 
 46136064      93.600000     -99.044263 
 46136064      93.600000     -99.029998 
 46136064      93.600000     -99.035016 
 46136064      93.600000     -99.047425 
 46136064      93.600000     -99.031051 
 46136064      93.600000     -99.031072 
 46136064      93.600000     -99.040401 
 46136064      93.600000     -99.038642 
 46136064      93.600000     -99.042037 
 46136064      93.600000     -99.031532 
 46136064      93.600000     -99.044509 
 46136064      93.600000     -99.028960 
 46136064      93.600000     -99.050950 
 46136064      93.600000     -99.040551 
 46136064      93.600000     -99.048788 
 46136064      93.600000     -99.033234 
 46136064      93.600000     -99.028970 
 46136064      93.600000     -99.030515 
 46136064      93.600000     -99.031813 
 46136064      93.600000     -99.030938 
 46136064      93.600000     -99.049085 
 46136064      93.600000     -99.032431 
 46136064      93.600000     -99.040816 
 46136064      93.600000     -99.042566 
 46136064      93.600000     -99.041730 
 46136064      93.600000     -99.052030 
 46136064      93.600000     -99.034689 
 46136064      93.600000     -99.039301 
 46136064      93.600000     -99.038035 
 46136064      93.600000     -99.029750 
 46136064      93.600000     -99.064942 
 46136064      93.600000     -99.025351 
 46136064      93.600000     -99.040754 
 46136064      93.600000     -99.046098 
 46136064      93.600000     -99.037030 
 46136064      93.600000     -99.046910 
 46136064      93.600000     -99.026456 
 46136064      93.600000     -99.040204 
 46136064      93.600000     -99.040678 
 46136064      93.600000     -99.033131 
 46136064      93.600000     -99.016801 
 46136064      93.600000     -99.044854 
 46136064      93.600000     -99.032250 
 46136064      93.600000     -99.028662 
 46136064      93.600000     -99.030578 
 46136064      93.600000     -99.019216 
 46136064      93.600000     -99.051669 
 46136064      93.600000     -99.034303 
 46136064      93.600000     -99.038515 
 46136064      93.600000     -99.027142 
 46136064      93.600000     -99.039178 
 46136064      93.600000     -99.040990 
 46136064      93.600000     -99.045518 
 46136064      93.600000     -99.052805 
 46136064      93.600000     -99.038365 
 46136064      93.600000     -99.039176 
 46136064      93.600000     -99.049687 
 46136064      93.600000     -99.045370 
 46136064      93.600000     -99.061605 
 46136064      93.600000     -99.060695 
 46136064      93.600000     -99.048317 
 46136064      93.600000     -99.051014 
 46136064      93.600000     -99.050304 
 46136064      93.600000     -99.047329 
 46136064      93.600000     -99.065093 
 46136064      93.600000     -99.041619 
 46136064      93.600000     -99.070158 
 46136064      93.600000     -99.070466 
 46136064      93.600000     -99.070120 
 46136064      93.600000     -99.055158 
 46136064      93.600000     -99.057121 
 46136064      93.600000     -99.056280 
 46136064      93.600000     -99.044996 
 46136064      93.600000     -99.033932 
 46136064      93.600000     -99.051711 
 46136064      93.600000     -99.041727 
 46136064      93.600000     -99.055222 
 46136064      93.600000     -99.051886 
 46136064      93.600000     -99.039549 
 46136064      93.600000     -99.061646 
 46136064      93.600000     -99.043735 
 46136064      93.600000     -99.055591 
 46136064      93.600000     -99.057193 
 46136064      93.600000     -99.037670 
 46136064      93.600000     -99.039779 
 46136064      93.600000     -99.055265 
 46136064      93.600000     -99.054065 
 46136064      93.600000     -99.050625 
 46136064      93.600000     -99.053892 
 46136064      93.600000     -99.034182 
 46136064      93.600000     -99.041251 
 46136064      93.600000     -99.059636 
 46136064      93.600000     -99.052454 
 46136064      93.600000     -99.051645 
 46136064      93.600000     -99.048022 
 46136064      93.600000     -99.050637 
 46136064      93.600000     -99.057909 
 46136064      93.600000     -99.038649 
 46136064      93.600000     -99.063110 
 46136064      93.600000     -99.046911 
 46136064      93.600000     -99.046474 
 46136064       0.400000     -99.044542 
 46136064      93.600000     -99.040311 
 46136064      93.600000     -99.036964 
 46136064      93.600000     -99.027111 
 46136064      93.600000     -99.028532 
 46136064      93.600000     -99.040888 
 46136064      93.600000     -99.028449 
 46136064      93.600000     -99.052556 
 46136064      93.600000     -99.055349 
 46136064      93.600000     -99.050641 
 46136064      93.600000     -99.037306 
 46136064      93.600000     -99.058048 
 46136064      93.600000     -99.055078 
 46136064      93.600000     -99.035944 
 46136064      93.600000     -99.038116 
 46136064      93.600000     -99.026353 
 46136064      93.600000     -99.042585 
 46136064      93.600000     -99.039244 
 46136064      93.600000     -99.034404 
 46136064      93.600000     -99.045152 
 46136064      93.600000     -99.040907 
 46136064      93.600000     -99.052205 
 46136064      93.600000     -99.060507 
 46136064      93.600000     -99.039860 
 46136064      93.600000     -99.041518 
 46136064      93.600000     -99.023260 
 46136064      93.600000     -99.032860 
 46136064      93.600000     -99.025368 
 46136064      93.600000     -99.031568 
 46136064      93.600000     -99.047735 
 46136064      93.600000     -99.040026 
 46136064      93.600000     -99.043679 
 46136064      93.600000     -99.052875 
 46136064      93.600000     -99.031275 
 46136064      93.600000     -99.033568 
 46136064      93.600000     -99.036159 
 46136064      93.600000     -99.018094 
 46136064      93.600000     -99.054161 
 46136064      93.600000     -99.029681 
 46136064      93.600000     -99.038081 
 46136064      93.600000     -99.041308 
 46136064      93.600000     -99.033691 
 46136064      93.600000     -99.038714 
 46136064      93.600000     -99.041468 
 46136064      93.600000     -99.030034 
 46136064      93.600000     -99.040216 
 46136064      93.600000     -99.030354 
 46136064      93.600000     -99.034829 
 46136064      93.600000     -99.036971 
 46136064      93.600000     -99.039946 
 46136064      93.600000     -99.067348 
 46136064      93.600000     -99.055177 
 46136064      93.600000     -99.039919 
 46136064      93.600000     -99.045366 
 46136064      93.600000     -99.060716 
 46136064      93.600000     -99.051590 
 46136064      93.600000     -99.051782 
 46136064      93.600000     -99.036718 
 46136064      93.600000     -99.039756 
 46136064      93.600000     -99.057623 
 46136064      93.600000     -99.041144 
 46136064      93.600000     -99.055623 
 46136064      93.600000     -99.041767 
 46136064      93.600000     -99.049016 
 46136064      93.600000     -99.058798 
 46136064      93.600000     -99.049343 
 46136064      93.600000     -99.044717 
 46136064      93.600000     -99.048092 
 46136064      93.600000     -99.033127 
 46136064      93.600000     -99.054909 
 46136064      93.600000     -99.055912 
 46136064      93.600000     -99.053703 
 46136064      93.600000     -99.055200 
 46136064      93.600000     -99.055993 
 46136064      93.600000     -99.036783 
 46136064      93.600000     -99.042714 
 46136064      93.600000     -99.060632 
 46136064      93.600000     -99.062066 
 46136064      93.600000     -99.056557 
 46136064      93.600000     -99.054140 
 46136064      93.600000     -99.057089 
 46136064      93.600000     -99.047026 
 46136064      93.600000     -99.051793 
 46136064      93.600000     -99.054106 
 46136064      93.600000     -99.046576 
 46136064      93.600000     -99.044774 
 46136064      93.600000     -99.026052 
 46136064      93.600000     -99.044790 
 46136064      93.600000     -99.054613 
 46136064      93.600000     -99.049861 
 46136064      93.600000     -99.052509 
 46136064      93.600000     -99.049148 
 46136064      93.600000     -99.043232 
 46136064      93.600000     -99.047523 
 46136064      93.600000     -99.057088 
 46136064      93.600000     -99.051762 
 46136064      93.600000     -99.046777 
 46136064      93.600000     -99.040997 
 46136064      93.600000     -99.059219 
 46136064      93.600000     -99.058068 
 46136064      93.600000     -99.039396 
 46136064      93.600000     -99.053127 
 46136064      93.600000     -99.047555 
 46136064      93.600000     -99.040437 
 46136064      93.600000     -99.048328 
 46136064      93.600000     -99.051566 
 46136064      93.600000     -99.054821 
 46136064      93.600000     -99.033863 
 46136064      93.600000     -99.046569 
 46136064      93.600000     -99.049233 
 46136064      93.600000     -99.027833 
 46136064      93.600000     -99.028986 
 46136064      93.600000     -99.025806 
 46136064      93.600000     -99.035088 
 46136064      93.600000     -99.045438 
 46136064      93.600000     -99.034006 
 46136064      93.600000     -99.047776 
 46136064      93.600000     -99.043445 
 46136064      93.600000     -99.018665 
 46136064      93.600000     -99.038485 
 46136064      93.600000     -99.041631 
 46136064      93.600000     -99.030552 
 46136064      93.600000     -99.040459 
 46136064      93.600000     -99.035186 
 46136064      93.600000     -99.025162 
 46136064      93.600000     -99.029234 
 46136064      93.600000     -99.048725 
 46136064      93.600000     -99.039774 
 46136064      93.600000     -99.034496 
 46136064      93.600000     -99.038285 
 46136064      93.600000     -99.048220 
 46136064      93.600000     -99.036795 
 46136064      93.600000     -99.035113 
 46136064      93.600000     -99.034508 
 46136064      93.600000     -99.039210 
 46136064      93.600000     -99.035226 
 46136064      93.600000     -99.035874 
 46136064      93.600000     -99.039369 
 46136064      93.600000     -99.037098 
 46136064      93.600000     -99.029007 
 46136064      93.600000     -99.033774 
 46136064      93.600000     -99.047423 
 46136064      93.600000     -99.037518 
 46136064      93.600000     -99.029326 
 46136064      93.600000     -99.051066 
 46136064      93.600000     -99.033858 
 46136064      93.600000     -99.029819 
 46136064      93.600000     -99.046076 
 46136064      93.600000     -99.022369 
 46136064      93.600000     -99.034171 
 46136064      93.600000     -99.024781 
 46136064      93.600000     -99.035429 
 46136064      93.600000     -99.041101 
 46136064      93.600000     -99.047960 
 46136064      93.600000     -99.041156 
 46136064      93.600000     -99.023455 
 46136064      93.600000     -99.034850 
 46136064      93.600000     -99.047568 
 46136064      93.600000     -99.041253 
 46136064      93.600000     -99.057035 
 46136064      93.600000     -99.042353 
 46136064      93.600000     -99.023528 
 46136064      93.600000     -99.035619 
 46136064      93.600000     -99.028967 
 46136064      93.600000     -99.035822 
 46136064      93.600000     -99.054497 
 46136064      93.600000     -99.052731 
 46136064      93.600000     -99.051134 
 46136064      93.600000     -99.056199 
 46136064      93.600000     -99.053829 
 46136064      93.600000     -99.055670 
 46136064      93.600000     -99.045947 
 46136064      93.600000     -99.046888 
 46136064      93.600000     -99.053981 
 46136064      93.600000     -99.051260 
 46136064      93.600000     -99.042489 
 46136064      93.600000     -99.043855 
 46136064      93.600000     -99.041485 
 46136064      93.600000     -99.034517 
 46136064      93.600000     -99.036981 
 46136064      93.600000     -99.033509 
 46136064      93.600000     -99.037116 
 46136064      93.600000     -99.066325 
 46136064      93.600000     -99.055547 
 46136064      93.600000     -99.046709 
 46136064      93.600000     -99.064321 
 46136064      93.600000     -99.052938 
 46136064      93.600000     -99.042392 
 46136064      93.600000     -99.043483 
 46136064      93.600000     -99.046113 
 46136064      93.600000     -99.050349 
 46136064      93.600000     -99.028849 
 46136064      93.600000     -99.039511 
 46136064      93.600000     -99.054016 
 46136064      93.600000     -99.048590 
 46136064      93.600000     -99.057497 
 46136064      93.600000     -99.058487 
 46136064      93.600000     -99.056359 
 46136064      93.600000     -99.033616 
 46136064      93.600000     -99.045846 
 46136064      93.600000     -99.068066 
 46136064      93.600000     -99.047373 
 46136064      93.600000     -99.056493 
 46136064      93.600000     -99.055907 
 46136064      93.600000     -99.051870 
 46136064      93.600000     -99.041490 
 46136064      93.600000     -99.042355 
 46136064      93.600000     -99.055866 
 46136064      93.600000     -99.060480 
 46136064      93.600000     -99.031225 
 46136064      93.600000     -99.056993 
 46136064      93.600000     -99.051082 
 46136064      93.600000     -99.055808 
 46136064      93.600000     -99.052830 
 46136064      93.600000     -99.056538 
 46136064      93.600000     -99.048709 
 46136064      93.600000     -99.051090 
 46136064      93.600000     -99.049738 
 46136064      93.600000     -99.053492 
 46136064      93.600000     -99.048410 
 46136064      93.600000     -99.079273 
 46136064      93.600000     -99.042791 
 46136064      93.600000     -99.048190 
 46136064      93.600000     -99.045093 
 46136064      93.600000     -99.064480 
 46136064      93.600000     -99.046068 
