## MACS1149 IRAC ch2 observations
# 1 AOR
# 2 EXPTIME
# 3 CROTA2
 46129920      96.800000      72.853394 
 46129920      96.800000      72.850569 
 46129920      96.800000      72.848579 
 46129920      96.800000      72.848455 
 46129920      96.800000      72.857923 
 46129920      96.800000      72.861754 
 46129920      96.800000      72.866250 
 46129920      96.800000      72.861883 
 46129920      96.800000      72.861093 
 46129920      96.800000      72.849147 
 46129920      96.800000      72.857183 
 46129920      96.800000      72.852763 
 46129920      96.800000      72.853601 
 46129920      96.800000      72.860628 
 46129920      96.800000      72.847822 
 46129920      96.800000      72.857899 
 46129920      96.800000      72.856144 
 46129920      96.800000      72.846344 
 46129920      96.800000      72.855543 
 46129920      96.800000      72.854321 
 46129920      96.800000      72.850844 
 46129920      96.800000      72.854920 
 46129920      96.800000      72.857168 
 46129920      96.800000      72.846316 
 46129920      96.800000      72.849853 
 46129920      96.800000      72.858396 
 46129920      96.800000      72.843274 
 46129920      96.800000      72.855328 
 46129920      96.800000      72.853542 
 46129920      96.800000      72.857581 
 46129920      96.800000      72.848824 
 46129920      96.800000      72.856168 
 46129920      96.800000      72.853411 
 46129920      96.800000      72.850098 
 46129920      96.800000      72.849887 
 46129920      96.800000      72.859183 
 46129920      96.800000      72.863482 
 46129920      96.800000      72.856774 
 46129920      96.800000      72.855615 
 46129920      96.800000      72.849701 
 46129920      96.800000      72.857931 
 46129920      96.800000      72.846656 
 46129920      96.800000      72.852177 
 46129920      96.800000      72.856145 
 46129920      96.800000      72.855570 
 46129920      96.800000      72.851714 
 46129920      96.800000      72.854634 
 46129920      96.800000      72.873690 
 46129920      96.800000      72.851352 
 46129920      96.800000      72.857792 
 46129920      96.800000      72.847474 
 46129920      96.800000      72.861323 
 46129920      96.800000      72.851445 
 46129920      96.800000      72.850035 
 46129920      96.800000      72.858617 
 46129920      96.800000      72.863384 
 46129920      96.800000      72.860580 
 46129920      96.800000      72.852565 
 46129920      96.800000      72.862913 
 46129920      96.800000      72.859868 
 46129920      96.800000      72.863378 
 46129920      96.800000      72.869350 
 46129920      96.800000      72.866772 
 46129920      96.800000      72.872188 
 46129920      96.800000      72.862816 
 46129920      96.800000      72.856982 
 46129920      96.800000      72.863376 
 46129920      96.800000      72.854748 
 46129920      96.800000      72.873527 
 46129920      96.800000      72.870812 
 46129920      96.800000      72.862640 
 46129920      96.800000      72.871301 
 46129920      96.800000      72.864175 
 46129920      96.800000      72.860108 
 46129920      96.800000      72.866350 
 46129920      96.800000      72.873795 
 46129920      96.800000      72.866354 
 46129920      96.800000      72.868762 
 46129920      96.800000      72.864615 
 46129920      96.800000      72.868895 
 46129920      96.800000      72.863654 
 46129920      96.800000      72.867554 
 46129920      96.800000      72.870605 
 46129920      96.800000      72.867063 
 46129920      96.800000      72.868143 
 46129920      96.800000      72.859858 
 46129920      96.800000      72.873717 
 46129920      96.800000      72.875566 
 46129920      96.800000      72.866969 
 46129920      96.800000      72.860542 
 46129920      96.800000      72.859191 
 46129920      96.800000      72.877025 
 46129920      96.800000      72.875635 
 46129920      96.800000      72.871335 
 46129920      96.800000      72.866108 
 46129920      96.800000      72.869573 
 46129920      96.800000      72.871426 
 46129920      96.800000      72.867231 
 46129920      96.800000      72.870849 
 46129920      96.800000      72.861824 
 46129920      96.800000      72.866255 
 46129920      96.800000      72.866930 
 46129920      96.800000      72.870732 
 46129920      96.800000      72.870177 
 46129920      96.800000      72.873607 
 46129920      96.800000      72.859962 
 46129920      96.800000      72.874412 
 46129920      96.800000      72.864575 
 46129920      96.800000      72.860760 
 46129920      96.800000      72.868104 
 46129920      96.800000      72.865358 
 46129920      96.800000      72.864856 
 46129920      96.800000      72.870041 
 46129920      96.800000      72.863089 
 46129920      96.800000      72.872035 
 46129920      96.800000      72.863533 
 46129920      96.800000      72.877491 
 46129920      96.800000      72.876033 
 46129920      10.400000      72.853356 
 46129920      96.800000      72.852224 
 46129920      96.800000      72.850784 
 46129920      96.800000      72.857867 
 46129920      96.800000      72.861265 
 46129920      96.800000      72.852461 
 46129920      96.800000      72.850116 
 46129920      96.800000      72.856529 
 46129920      96.800000      72.862672 
 46129920      96.800000      72.853026 
 46129920      96.800000      72.850515 
 46129920      96.800000      72.860250 
 46129920      96.800000      72.858347 
 46129920      96.800000      72.857313 
 46129920      96.800000      72.850821 
 46129920      96.800000      72.861056 
 46129920      96.800000      72.856567 
 46129920      96.800000      72.857800 
 46129920      96.800000      72.859918 
 46129920      96.800000      72.854978 
 46129920      96.800000      72.859237 
 46129920      96.800000      72.852149 
 46129920      96.800000      72.851742 
 46129920      96.800000      72.857362 
 46129920      96.800000      72.856333 
 46129920      96.800000      72.855541 
 46129920      96.800000      72.850881 
 46129920      96.800000      72.845597 
 46129920      96.800000      72.856870 
 46129920      96.800000      72.853698 
 46129920      96.800000      72.847517 
 46129920      96.800000      72.846383 
 46129920      96.800000      72.854486 
 46129920      96.800000      72.856573 
 46129920      96.800000      72.857623 
 46129920      96.800000      72.856153 
 46129920      96.800000      72.855303 
 46129920      96.800000      72.852029 
 46129920      96.800000      72.848609 
 46129920      96.800000      72.852206 
 46129920      96.800000      72.851107 
 46129920      96.800000      72.858516 
 46129920      96.800000      72.853936 
 46129920      96.800000      72.858491 
 46129920      96.800000      72.859720 
 46129920      96.800000      72.853889 
 46129920      96.800000      72.850575 
 46129920      96.800000      72.852204 
 46129920      96.800000      72.851477 
 46129920      96.800000      72.847176 
 46129920      96.800000      72.851700 
 46129920      96.800000      72.849809 
 46129920      96.800000      72.855896 
 46129920      96.800000      72.854870 
 46129920      96.800000      72.851525 
 46129920      96.800000      72.852799 
 46129920      96.800000      72.853698 
 46129920      96.800000      72.857002 
 46129920      96.800000      72.869517 
 46129920      96.800000      72.869396 
 46129920      96.800000      72.867932 
 46129920      96.800000      72.871359 
 46129920      96.800000      72.863735 
 46129920      96.800000      72.862607 
 46129920      96.800000      72.860261 
 46129920      96.800000      72.863607 
 46129920      96.800000      72.861830 
 46129920      96.800000      72.863290 
 46129920      96.800000      72.864242 
 46129920      96.800000      72.866925 
 46129920      96.800000      72.858762 
 46129920      96.800000      72.857219 
 46129920      96.800000      72.871566 
 46129920      96.800000      72.862575 
 46129920      96.800000      72.860513 
 46129920      96.800000      72.863946 
 46129920      96.800000      72.869364 
 46129920      96.800000      72.864436 
 46129920      96.800000      72.871600 
 46129920      96.800000      72.869697 
 46129920      96.800000      72.868489 
 46129920      96.800000      72.866459 
 46129920      96.800000      72.864319 
 46129920      96.800000      72.862487 
 46129920      96.800000      72.872606 
 46129920      96.800000      72.861941 
 46129920      96.800000      72.868161 
 46129920      96.800000      72.872919 
 46129920      96.800000      72.872206 
 46129920      96.800000      72.864699 
 46129920      96.800000      72.865651 
 46129920      96.800000      72.868869 
 46129920      96.800000      72.866199 
 46129920      96.800000      72.879388 
 46129920      96.800000      72.862610 
 46129920      96.800000      72.862934 
 46129920      96.800000      72.868506 
 46129920      96.800000      72.866660 
 46129920      96.800000      72.856534 
 46129920      96.800000      72.873879 
 46129920      96.800000      72.867754 
 46129920      96.800000      72.868110 
 46129920      96.800000      72.861843 
 46129920      96.800000      72.875401 
 46129920      96.800000      72.857089 
 46129920      96.800000      72.871361 
 46129920      96.800000      72.869995 
 46129920      96.800000      72.868349 
 46129920      96.800000      72.871042 
 46129920      96.800000      72.865502 
 46129920      96.800000      72.866424 
 46129920      96.800000      72.872470 
 46129920      96.800000      72.868095 
 46129920      96.800000      72.871089 
 46129920      96.800000      72.865034 
 46129920      96.800000      72.861279 
 46129920      96.800000      72.863789 
 46129920      96.800000      72.871562 
 46129920       0.400000      72.853604 
 46129920      96.800000      72.849714 
 46129920      96.800000      72.855696 
 46129920      96.800000      72.846179 
 46129920      96.800000      72.861777 
 46129920      96.800000      72.859488 
 46129920      96.800000      72.847584 
 46129920      96.800000      72.861569 
 46129920      96.800000      72.854414 
 46129920      96.800000      72.854843 
 46129920      96.800000      72.850026 
 46129920      96.800000      72.862679 
 46129920      96.800000      72.855789 
 46129920      96.800000      72.857335 
 46129920      96.800000      72.859653 
 46129920      96.800000      72.846457 
 46129920      96.800000      72.847119 
 46129920      96.800000      72.848085 
 46129920      96.800000      72.847706 
 46129920      96.800000      72.861762 
 46129920      96.800000      72.848302 
 46129920      96.800000      72.853633 
 46129920      96.800000      72.856391 
 46129920      96.800000      72.840219 
 46129920      96.800000      72.851488 
 46129920      96.800000      72.850708 
 46129920      96.800000      72.861484 
 46129920      96.800000      72.851827 
 46129920      96.800000      72.854539 
 46129920      96.800000      72.855077 
 46129920      96.800000      72.847639 
 46129920      96.800000      72.856484 
 46129920      96.800000      72.856331 
 46129920      96.800000      72.851080 
 46129920      96.800000      72.856199 
 46129920      96.800000      72.846842 
 46129920      96.800000      72.858337 
 46129920      96.800000      72.857617 
 46129920      96.800000      72.858629 
 46129920      96.800000      72.852467 
 46129920      96.800000      72.848256 
 46129920      96.800000      72.856192 
 46129920      96.800000      72.863608 
 46129920      96.800000      72.857902 
 46129920      96.800000      72.856384 
 46129920      96.800000      72.857365 
 46129920      96.800000      72.857689 
 46129920      96.800000      72.851986 
 46129920      96.800000      72.866001 
 46129920      96.800000      72.857531 
 46129920      96.800000      72.856624 
 46129920      96.800000      72.858294 
 46129920      96.800000      72.862629 
 46129920      96.800000      72.856446 
 46129920      96.800000      72.854478 
 46129920      96.800000      72.868258 
 46129920      96.800000      72.865186 
 46129920      96.800000      72.871070 
 46129920      96.800000      72.861535 
 46129920      96.800000      72.875559 
 46129920      96.800000      72.867878 
 46129920      96.800000      72.866658 
 46129920      96.800000      72.862685 
 46129920      96.800000      72.863473 
 46129920      96.800000      72.874757 
 46129920      96.800000      72.872056 
 46129920      96.800000      72.861810 
 46129920      96.800000      72.874973 
 46129920      96.800000      72.860605 
 46129920      96.800000      72.869022 
 46129920      96.800000      72.862577 
 46129920      96.800000      72.864430 
 46129920      96.800000      72.865189 
 46129920      96.800000      72.864855 
 46129920      96.800000      72.859703 
 46129920      96.800000      72.871945 
 46129920      96.800000      72.865893 
 46129920      96.800000      72.870213 
 46129920      96.800000      72.863599 
 46129920      96.800000      72.864033 
 46129920      96.800000      72.863458 
 46129920      96.800000      72.858421 
 46129920      96.800000      72.873539 
 46129920      96.800000      72.870775 
 46129920      96.800000      72.873125 
 46129920      96.800000      72.874847 
 46129920      96.800000      72.869028 
 46129920      96.800000      72.862403 
 46129920      96.800000      72.860628 
 46129920      96.800000      72.862209 
 46129920      96.800000      72.863996 
 46129920      96.800000      72.872035 
 46129920      96.800000      72.864245 
 46129920      96.800000      72.864103 
 46129920      96.800000      72.851783 
 46129920      96.800000      72.870877 
 46129920      96.800000      72.874098 
 46129920      96.800000      72.865303 
 46129920      96.800000      72.870596 
 46129920      96.800000      72.877994 
 46129920      96.800000      72.865724 
 46129920      96.800000      72.875171 
 46129920      96.800000      72.867204 
 46129920      96.800000      72.862274 
 46129920      96.800000      72.865565 
 46129920      96.800000      72.848997 
 46129920      96.800000      72.857438 
 46129920      96.800000      72.849136 
 46129920      96.800000      72.853438 
 46129920      96.800000      72.856453 
 46129920      96.800000      72.847486 
 46129920      96.800000      72.854352 
 46129920      96.800000      72.851887 
 46129920      96.800000      72.856171 
 46129920      96.800000      72.863394 
 46129920      96.800000      72.856272 
 46129920      96.800000      72.852708 
 46129920      96.800000      72.860698 
 46129920      96.800000      72.854810 
 46129920      96.800000      72.853487 
 46129920      96.800000      72.853561 
 46129920      96.800000      72.858405 
 46129920      96.800000      72.852355 
 46129920      96.800000      72.847721 
 46129920      96.800000      72.851046 
 46129920      96.800000      72.851347 
 46129920      96.800000      72.856372 
 46129920      96.800000      72.860057 
 46129920      96.800000      72.846327 
 46129920      96.800000      72.854636 
 46129920      96.800000      72.860076 
 46129920      96.800000      72.864720 
 46129920      96.800000      72.851230 
 46129920      96.800000      72.852163 
 46129920      96.800000      72.853164 
 46129920      96.800000      72.853040 
 46129920      96.800000      72.855818 
 46129920      96.800000      72.858201 
 46129920      96.800000      72.855935 
 46129920      96.800000      72.856594 
 46129920      96.800000      72.846300 
 46129920      96.800000      72.847287 
 46129920      96.800000      72.849473 
 46129920      96.800000      72.852633 
 46129920      96.800000      72.851573 
 46129920      96.800000      72.857682 
 46129920      96.800000      72.857050 
 46129920      96.800000      72.851569 
 46129920      96.800000      72.860788 
 46129920      96.800000      72.854957 
 46129920      96.800000      72.858642 
 46129920      96.800000      72.849619 
 46129920      96.800000      72.854818 
 46129920      96.800000      72.844760 
 46129920      96.800000      72.849675 
 46129920      96.800000      72.847220 
 46129920      96.800000      72.857177 
 46129920      96.800000      72.856481 
 46129920      96.800000      72.845606 
 46129920      96.800000      72.853879 
 46129920      96.800000      72.853402 
 46129920      96.800000      72.871234 
 46129920      96.800000      72.860768 
 46129920      96.800000      72.855889 
 46129920      96.800000      72.862805 
 46129920      96.800000      72.863486 
 46129920      96.800000      72.862042 
 46129920      96.800000      72.861785 
 46129920      96.800000      72.872219 
 46129920      96.800000      72.875434 
 46129920      96.800000      72.867552 
 46129920      96.800000      72.859110 
 46129920      96.800000      72.868986 
 46129920      96.800000      72.877669 
 46129920      96.800000      72.868423 
 46129920      96.800000      72.862030 
 46129920      96.800000      72.857769 
 46129920      96.800000      72.863836 
 46129920      96.800000      72.854179 
 46129920      96.800000      72.868157 
 46129920      96.800000      72.860911 
 46129920      96.800000      72.864373 
 46129920      96.800000      72.864988 
 46129920      96.800000      72.860683 
 46129920      96.800000      72.868375 
 46129920      96.800000      72.870754 
 46129920      96.800000      72.865614 
 46129920      96.800000      72.864412 
 46129920      96.800000      72.859098 
 46129920      96.800000      72.865999 
 46129920      96.800000      72.861108 
 46129920      96.800000      72.858292 
 46129920      96.800000      72.873537 
 46129920      96.800000      72.860879 
 46129920      96.800000      72.872495 
 46129920      96.800000      72.863484 
 46129920      96.800000      72.869358 
 46129920      96.800000      72.867886 
 46129920      96.800000      72.864155 
 46129920      96.800000      72.862843 
 46129920      96.800000      72.868991 
 46129920      96.800000      72.865643 
 46129920      96.800000      72.875682 
 46129920      96.800000      72.863355 
 46129920      96.800000      72.873034 
 46129920      96.800000      72.862154 
 46129920      96.800000      72.868638 
 46129920      96.800000      72.871488 
 46129920      96.800000      72.868977 
 46129920      96.800000      72.869456 
 46129920      96.800000      72.864991 
 46129920      96.800000      72.876707 
 46129920      96.800000      72.865032 
 46129920      96.800000      72.869703 
 46129920      96.800000      72.858781 
 46129920      96.800000      72.866466 
 46127360      96.800000      68.276169 
 46127360       0.400000      68.271081 
 46127360      96.800000      68.270983 
 46127360      96.800000      68.266677 
 46127360      96.800000      68.273000 
 46127360      96.800000      68.282906 
 46127360      96.800000      68.282115 
 46127360      96.800000      68.273504 
 46127360      96.800000      68.258383 
 46127360      96.800000      68.269892 
 46127360      96.800000      68.272645 
 46127360      96.800000      68.260163 
 46127360      96.800000      68.282853 
 46127360      96.800000      68.277874 
 46127360      96.800000      68.282547 
 46127360      96.800000      68.277698 
 46127360      96.800000      68.283397 
 46127360      96.800000      68.281059 
 46127360      96.800000      68.281229 
 46127360      96.800000      68.263974 
 46127360      96.800000      68.259547 
 46127360      96.800000      68.253528 
 46127360      96.800000      68.279213 
 46127360      96.800000      68.282818 
 46127360      96.800000      68.264672 
 46127360      96.800000      68.259760 
 46127360      96.800000      68.275865 
 46127360      96.800000      68.279512 
 46127360      96.800000      68.277909 
 46127360      96.800000      68.279055 
 46127360      96.800000      68.284178 
 46127360      96.800000      68.279391 
 46127360      96.800000      68.272325 
 46127360      96.800000      68.269656 
 46127360      96.800000      68.277816 
 46127360      96.800000      68.275599 
 46127360      96.800000      68.257112 
 46127360      96.800000      68.281026 
 46127360      96.800000      68.282325 
 46127360      96.800000      68.266036 
 46127360      96.800000      68.286534 
 46127360      96.800000      68.282415 
 46127360      96.800000      68.260665 
 46127360      96.800000      68.262274 
 46127360      96.800000      68.260958 
 46127360      96.800000      68.266185 
 46127360      96.800000      68.268465 
 46127360      96.800000      68.268148 
 46127360      96.800000      68.267973 
 46127360      96.800000      68.266321 
 46127360      96.800000      68.269080 
 46127360      96.800000      68.263088 
 46127360      96.800000      68.265269 
 46127360      96.800000      68.258596 
 46127360      96.800000      68.258421 
 46127360      96.800000      68.262377 
 46127360      96.800000      68.257598 
 46127360      96.800000      68.273605 
 46127360      96.800000      68.276054 
 46127360      96.800000      68.257814 
 46127360      96.800000      68.279050 
 46127360      96.800000      68.273061 
 46127360      96.800000      68.273690 
 46127360      96.800000      68.276703 
 46127360      96.800000      68.277552 
 46127360      96.800000      68.283512 
 46127360      96.800000      68.260242 
 46127360      96.800000      68.281374 
 46127360      96.800000      68.259653 
 46127360      96.800000      68.286555 
 46127360      96.800000      68.277740 
 46127360      96.800000      68.267892 
 46127360      96.800000      68.286454 
 46127360      96.800000      68.277791 
 46127360      96.800000      68.286621 
 46127360      96.800000      68.282013 
 46127360      96.800000      68.274122 
 46127360      96.800000      68.283990 
 46127360      96.800000      68.284936 
 46127360      96.800000      68.284148 
 46127360      96.800000      68.283157 
 46127360      96.800000      68.280145 
 46127360      96.800000      68.283445 
 46127360      96.800000      68.262340 
 46127360      96.800000      68.268995 
 46127360      96.800000      68.285881 
 46127360      96.800000      68.271790 
 46127360      96.800000      68.275291 
 46127360      96.800000      68.272008 
 46127360      96.800000      68.265005 
 46127360      96.800000      68.261028 
 46127360      96.800000      68.262930 
 46127360      96.800000      68.259660 
 46127360      96.800000      68.277493 
 46127360      96.800000      68.251995 
 46127360      96.800000      68.259331 
 46127360      96.800000      68.259341 
 46127360      96.800000      68.258252 
 46127360      96.800000      68.271223 
 46127360      96.800000      68.259889 
 46127360      96.800000      68.257889 
 46127360      96.800000      68.267523 
 46127360      96.800000      68.281965 
 46127360      96.800000      68.269975 
 46127360      96.800000      68.276314 
 46127360      96.800000      68.262038 
 46127360      96.800000      68.268305 
 46127360      96.800000      68.266418 
 46127360      96.800000      68.260242 
 46127360      96.800000      68.266715 
 46127360      96.800000      68.269395 
 46127360      96.800000      68.254671 
 46127360      96.800000      68.261395 
 46127360      96.800000      68.274635 
 46127360      96.800000      68.264532 
 46127360      96.800000      68.255744 
 46127360      96.800000      68.287946 
 46127360      96.800000      68.277488 
 46127360      10.400000      68.271060 
 46127360      96.800000      68.279219 
 46127360      96.800000      68.262607 
 46127360      96.800000      68.269322 
 46127360      96.800000      68.263972 
 46127360      96.800000      68.268015 
 46127360      96.800000      68.268101 
 46127360      96.800000      68.279064 
 46127360      96.800000      68.283771 
 46127360      96.800000      68.271471 
 46127360      96.800000      68.266867 
 46127360      96.800000      68.259477 
 46127360      96.800000      68.266237 
 46127360      96.800000      68.259271 
 46127360      96.800000      68.279291 
 46127360      96.800000      68.259950 
 46127360      96.800000      68.287310 
 46127360      96.800000      68.264492 
 46127360      96.800000      68.288963 
 46127360      96.800000      68.289807 
 46127360      96.800000      68.282694 
 46127360      96.800000      68.262919 
 46127360      96.800000      68.266021 
 46127360      96.800000      68.275573 
 46127360      96.800000      68.278117 
 46127360      96.800000      68.274431 
 46127360      96.800000      68.287832 
 46127360      96.800000      68.272631 
 46127360      96.800000      68.279751 
 46127360      96.800000      68.280914 
 46127360      96.800000      68.261058 
 46127360      96.800000      68.278300 
 46127360      96.800000      68.275856 
 46127360      96.800000      68.277384 
 46127360      96.800000      68.281463 
 46127360      96.800000      68.285243 
 46127360      96.800000      68.275100 
 46127360      96.800000      68.282307 
 46127360      96.800000      68.252553 
 46127360      96.800000      68.283169 
 46127360      96.800000      68.283236 
 46127360      96.800000      68.264062 
 46127360      96.800000      68.264806 
 46127360      96.800000      68.263003 
 46127360      96.800000      68.264838 
 46127360      96.800000      68.264089 
 46127360      96.800000      68.265985 
 46127360      96.800000      68.269233 
 46127360      96.800000      68.273184 
 46127360      96.800000      68.285965 
 46127360      96.800000      68.268068 
 46127360      96.800000      68.266918 
 46127360      96.800000      68.259622 
 46127360      96.800000      68.271378 
 46127360      96.800000      68.256645 
 46127360      96.800000      68.283675 
 46127360      96.800000      68.252931 
 46127360      96.800000      68.293748 
 46127360      96.800000      68.285816 
 46127360      96.800000      68.281085 
 46127360      96.800000      68.282833 
 46127360      96.800000      68.276740 
 46127360      96.800000      68.275571 
 46127360      96.800000      68.279345 
 46127360      96.800000      68.283001 
 46127360      96.800000      68.283417 
 46127360      96.800000      68.282062 
 46127360      96.800000      68.271179 
 46127360      96.800000      68.285391 
 46127360      96.800000      68.278318 
 46127360      96.800000      68.276825 
 46127360      96.800000      68.284129 
 46127360      96.800000      68.276852 
 46127360      96.800000      68.281462 
 46127360      96.800000      68.285073 
 46127360      96.800000      68.279711 
 46127360      96.800000      68.276516 
 46127360      96.800000      68.277704 
 46127360      96.800000      68.274052 
 46127360      96.800000      68.275681 
 46127360      96.800000      68.280751 
 46127360      96.800000      68.265675 
 46127360      96.800000      68.272324 
 46127360      96.800000      68.269749 
 46127360      96.800000      68.265778 
 46127360      96.800000      68.263721 
 46127360      96.800000      68.266137 
 46127360      96.800000      68.269392 
 46127360      96.800000      68.265912 
 46127360      96.800000      68.267126 
 46127360      96.800000      68.268230 
 46127360      96.800000      68.270482 
 46127360      96.800000      68.267314 
 46127360      96.800000      68.287980 
 46127360      96.800000      68.287207 
 46127360      96.800000      68.255879 
 46127360      96.800000      68.263277 
 46127360      96.800000      68.281090 
 46127360      96.800000      68.260006 
 46127360      96.800000      68.258612 
 46127360      96.800000      68.264423 
 46127360      96.800000      68.276421 
 46127360      96.800000      68.271501 
 46127360      96.800000      68.281927 
 46127360      96.800000      68.256510 
 46127360      96.800000      68.270835 
 46127360      96.800000      68.260865 
 46127360      96.800000      68.258429 
 46127360      96.800000      68.262443 
 46127360      96.800000      68.265574 
 46127360      96.800000      68.254734 
 46127360      96.800000      68.264055 
 46127360      96.800000      68.264517 
 46127360      96.800000      68.264043 
 46127360      96.800000      68.258747 
 46127360      96.800000      68.259522 
 46127360      96.800000      68.268690 
 46127360      96.800000      68.272410 
 46127360      96.800000      68.262907 
 46127360      96.800000      68.287285 
 46127360      96.800000      68.269819 
 46127360      96.800000      68.276797 
 46127360      96.800000      68.279851 
 46127360      96.800000      68.254270 
 46127360      96.800000      68.261513 
 46127360      96.800000      68.268543 
 46127360      96.800000      68.269422 
 46127360      96.800000      68.278655 
 46127360      96.800000      68.280846 
 46127360      96.800000      68.276667 
 46127360      96.800000      68.264112 
 46127360      96.800000      68.287993 
 46127360      96.800000      68.261471 
 46127360      96.800000      68.264349 
 46127360      96.800000      68.254915 
 46127360      96.800000      68.267787 
 46127360      96.800000      68.259978 
 46127360      96.800000      68.261375 
 46127360      96.800000      68.263847 
 46127360      96.800000      68.285757 
 46127360      96.800000      68.280101 
 46127360      96.800000      68.281749 
 46127360      96.800000      68.277151 
 46127360      96.800000      68.266812 
 46127360      96.800000      68.271014 
 46127360      96.800000      68.266578 
 46127360      96.800000      68.284129 
 46127360      96.800000      68.281542 
 46127360      96.800000      68.279042 
 46127360      96.800000      68.279340 
 46127360      96.800000      68.260748 
 46127360      96.800000      68.277673 
 46127360      96.800000      68.279254 
 46127360      96.800000      68.274455 
 46127360      96.800000      68.279396 
 46127360      96.800000      68.273430 
 46127360      96.800000      68.280269 
 46127360      96.800000      68.273033 
 46127360      96.800000      68.276969 
 46127360      96.800000      68.278289 
 46127360      96.800000      68.263933 
 46127360      96.800000      68.260085 
 46127360      96.800000      68.283975 
 46127360      96.800000      68.280568 
 46127360      96.800000      68.256600 
 46127360      96.800000      68.262415 
 46127360      96.800000      68.267351 
 46127360      96.800000      68.258569 
 46127360      96.800000      68.267125 
 46127360      96.800000      68.262774 
 46127360      96.800000      68.270745 
 46127360      96.800000      68.265327 
 46127360      96.800000      68.266721 
 46127360      96.800000      68.265646 
 46127360      96.800000      68.264173 
 46127360      96.800000      68.256420 
 46127360      96.800000      68.285422 
 46127360      96.800000      68.272325 
 46127360      96.800000      68.276696 
 46127360      96.800000      68.275860 
 46127360      96.800000      68.279765 
 46127360      96.800000      68.266656 
 46127360      96.800000      68.276729 
 46127360      96.800000      68.272501 
 46127360      96.800000      68.279449 
 46127360      96.800000      68.278523 
 46127360      96.800000      68.283735 
 46127360      96.800000      68.278882 
 46127360      96.800000      68.284786 
 46127360      96.800000      68.281498 
 46127360      96.800000      68.287052 
 46127360      96.800000      68.277715 
 46127360      96.800000      68.281585 
 46127360      96.800000      68.281785 
 46127360      96.800000      68.282150 
 46127360      96.800000      68.276552 
 46127360      96.800000      68.287291 
 46127360      96.800000      68.287223 
 46127360      96.800000      68.273745 
 46127360      96.800000      68.280619 
 46127360      96.800000      68.281675 
 46127360      96.800000      68.265938 
 46127360      96.800000      68.284212 
 46127360      96.800000      68.267882 
 46127360      96.800000      68.283588 
 46127360      96.800000      68.267117 
 46127360      96.800000      68.267515 
 46127360      96.800000      68.271230 
 46127360      96.800000      68.272749 
 46127360      96.800000      68.283580 
 46127360      96.800000      68.266478 
 46127360      96.800000      68.268813 
 46127360      96.800000      68.259991 
 46127360      96.800000      68.263799 
 46127360      96.800000      68.260579 
 46127360      96.800000      68.261513 
 46127360      96.800000      68.257701 
 46127360      96.800000      68.258467 
 46127360      96.800000      68.267947 
 46127360      96.800000      68.261198 
 46127360      96.800000      68.281696 
 46127360      96.800000      68.285706 
 46127360      96.800000      68.277717 
 46127360      96.800000      68.284723 
 46127360      96.800000      68.262463 
 46127360      96.800000      68.263843 
 46127360      96.800000      68.262772 
 46127360      96.800000      68.260392 
 46127360      96.800000      68.263666 
 46127360      96.800000      68.258841 
 46127360      96.800000      68.262485 
 46127360      96.800000      68.262663 
 46127360      96.800000      68.263826 
 46127360      96.800000      68.279373 
 46127360      96.800000      68.272540 
 46127360      96.800000      68.271329 
 46127360      96.800000      68.268760 
 46127360      96.800000      68.266713 
 46127360      96.800000      68.273934 
 46127360      96.800000      68.275044 
 46127360      96.800000      68.276040 
 46127360      96.800000      68.269310 
 46127360      96.800000      68.280535 
 46127360      96.800000      68.265874 
 46127360      96.800000      68.265220 
 46127360      96.800000      68.275054 
 46127360      96.800000      68.277400 
 46127360      96.800000      68.265727 
 46127360      96.800000      68.259637 
 46127360      96.800000      68.285404 
 46127360      96.800000      68.274124 
 46127360      96.800000      68.264017 
 46127360      96.800000      68.281239 
 46127360      96.800000      68.286997 
 46127360      96.800000      68.278898 
 46127360      96.800000      68.275943 
 46127360      96.800000      68.278967 
 46127360      96.800000      68.264338 
 46127360      96.800000      68.259922 
 46127360      96.800000      68.265375 
 46127360      96.800000      68.258648 
 46127360      96.800000      68.274655 
 46127360      96.800000      68.275646 
 46127360      96.800000      68.290882 
 46127360      96.800000      68.278586 
 46127360      96.800000      68.285070 
 46127360      96.800000      68.262343 
 46127360      96.800000      68.281218 
 46127360      96.800000      68.274740 
 46127360      96.800000      68.281872 
 46127360      96.800000      68.293589 
 46127360      96.800000      68.280849 
 46127360      96.800000      68.273500 
 46127360      96.800000      68.276598 
 46127360      96.800000      68.277973 
 46127360      96.800000      68.281766 
 46127360      96.800000      68.278812 
 46127360      96.800000      68.275897 
 46127360      96.800000      68.285696 
 46127360      96.800000      68.276725 
 46127360      96.800000      68.261018 
 46127360      96.800000      68.255247 
 46127360      96.800000      68.256129 
 46127360      96.800000      68.263606 
 46127360      96.800000      68.266962 
 46127360      96.800000      68.266703 
 46127360      96.800000      68.263966 
 46127360      96.800000      68.263586 
 46127360      96.800000      68.259653 
 46127360      96.800000      68.269021 
 46127360      96.800000      68.264958 
 46127360      96.800000      68.272850 
 46127360      96.800000      68.260685 
 46127360      96.800000      68.253106 
 46127360      96.800000      68.256955 
 46127360      96.800000      68.256974 
 46127360      96.800000      68.281083 
 46127360      96.800000      68.277371 
 46127360      96.800000      68.278785 
 46127360      96.800000      68.278787 
 46127360      96.800000      68.273993 
 46127360      96.800000      68.277492 
 46127360      96.800000      68.278836 
 46127360      96.800000      68.282439 
 46127360      96.800000      68.278859 
 46127360      96.800000      68.277108 
 46127360      96.800000      68.291296 
 46127360      96.800000      68.275140 
 46127360      96.800000      68.276062 
 46127360      96.800000      68.274337 
 46127360      96.800000      68.284505 
 46127360      96.800000      68.273849 
 46127360      96.800000      68.284155 
 46127360      96.800000      68.284139 
 46127360      96.800000      68.279707 
 46127360      96.800000      68.264358 
 46127360      96.800000      68.282709 
 46127360      96.800000      68.269528 
 46127360      96.800000      68.281360 
 46127360      96.800000      68.285343 
 46127360      96.800000      68.278486 
 46127360      96.800000      68.285422 
 46127360      96.800000      68.264661 
 46127360      96.800000      68.281797 
 46127360      96.800000      68.271674 
 46127360      96.800000      68.261728 
 46127360      96.800000      68.266447 
 46127360      96.800000      68.264979 
 46127360      96.800000      68.288844 
 46127360      96.800000      68.261713 
 46127360      96.800000      68.277461 
 46127360      96.800000      68.263999 
 46127360      96.800000      68.269346 
 46127360      96.800000      68.259902 
 46127360      96.800000      68.258909 
 46127360      96.800000      68.251547 
 46127360      96.800000      68.269372 
 46127360      96.800000      68.264805 
 46127360      96.800000      68.271156 
 46127360      96.800000      68.281911 
 46127360      96.800000      68.261420 
 46127360      96.800000      68.271909 
 46127360      96.800000      68.278658 
 46127360      96.800000      68.278551 
 46127360      96.800000      68.278824 
 46127360      96.800000      68.282428 
 46127360      96.800000      68.265930 
 46127360      96.800000      68.259524 
 46127360      96.800000      68.256912 
 46127360      96.800000      68.262593 
 46127360      96.800000      68.263321 
 46127360      96.800000      68.263552 
 46127360      96.800000      68.262093 
 46127360      96.800000      68.260387 
 46127360      96.800000      68.263366 
 46127360      96.800000      68.261497 
 46127360      96.800000      68.258736 
 46127360      96.800000      68.265277 
 46127360      96.800000      68.269593 
 46127360      96.800000      68.262355 
 46127360      96.800000      68.263516 
 46127360      96.800000      68.276950 
 46127360      96.800000      68.258047 
 46127360      96.800000      68.259163 
 31468288      96.800000      63.092973 
 31468288      96.800000      63.090666 
 31468288      96.800000      63.092020 
 31468288      96.800000      63.090414 
 31468288      96.800000      63.089165 
 31468288      96.800000      63.088049 
 31468288      96.800000      63.091261 
 31468288      96.800000      63.089873 
 31468288      96.800000      63.099628 
 31468288      96.800000      63.092627 
 31468288      96.800000      63.100106 
 31468288      96.800000      63.088617 
 31468288      96.800000      63.090941 
 31468288      96.800000      63.088249 
 31468288      96.800000      63.092200 
 31468288      96.800000      63.092373 
 31468288      96.800000      63.093207 
 31468288      96.800000      63.091112 
 31468288      96.800000      63.090085 
 31468288      96.800000      63.085396 
 31468288      96.800000      63.098659 
 31468288      96.800000      63.087094 
 31468288      96.800000      63.095989 
 31468288      96.800000      63.092420 
 31468288      96.800000      63.113754 
 31468288      96.800000      63.106529 
 31468288      96.800000      63.105019 
 31468288      96.800000      63.115265 
 31468288      96.800000      63.107065 
 31468288      96.800000      63.117039 
 31468288      96.800000      63.115219 
 31468288      96.800000      63.112791 
 31468288      96.800000      63.110110 
 31468288      96.800000      63.118227 
 31468288      96.800000      63.106481 
 31468288      96.800000      63.119630 
 31468288      96.800000      63.112034 
 31468288      96.800000      63.109773 
 31468288      96.800000      63.117619 
 31468288      96.800000      63.122854 
 31468288      96.800000      63.109177 
 31468288      96.800000      63.113392 
 31468288      96.800000      63.117662 
 31468288      96.800000      63.124564 
 31468288      96.800000      63.108093 
 31468288      96.800000      63.114272 
 31468288      10.400000      63.094716 
 31468288      96.800000      63.091965 
 31468288      96.800000      63.088165 
 31468288      96.800000      63.101797 
 31468288      96.800000      63.099846 
 31468288      96.800000      63.089687 
 31468288      96.800000      63.084485 
 31468288      96.800000      63.090022 
 31468288      96.800000      63.093451 
 31468288      96.800000      63.095488 
 31468288      96.800000      63.092183 
 31468288      96.800000      63.090431 
 31468288      96.800000      63.099958 
 31468288      96.800000      63.091837 
 31468288      96.800000      63.096047 
 31468288      96.800000      63.088287 
 31468288      96.800000      63.093285 
 31468288      96.800000      63.086377 
 31468288      96.800000      63.092215 
 31468288      96.800000      63.086185 
 31468288      96.800000      63.092377 
 31468288      96.800000      63.101767 
 31468288      96.800000      63.127110 
 31468288      96.800000      63.125068 
 31468288      96.800000      63.119301 
 31468288      96.800000      63.115070 
 31468288      96.800000      63.115310 
 31468288      96.800000      63.113911 
 31468288      96.800000      63.114740 
 31468288      96.800000      63.112250 
 31468288      96.800000      63.110541 
 31468288      96.800000      63.106821 
 31468288      96.800000      63.121422 
 31468288      96.800000      63.110894 
 31468288      96.800000      63.106993 
 31468288      96.800000      63.108712 
 31468288      96.800000      63.115655 
 31468288      96.800000      63.111134 
 31468288      96.800000      63.124769 
 31468288      96.800000      63.112416 
 31468288      96.800000      63.124006 
 31468288      96.800000      63.095453 
 31468288      96.800000      63.096766 
 31468288      96.800000      63.092781 
 31468288      96.800000      63.089961 
 31468288      96.800000      63.094708 
 31468288       0.400000      63.094936 
 31468288      96.800000      63.095753 
 31468288      96.800000      63.095207 
 31468288      96.800000      63.087639 
 31468288      96.800000      63.090405 
 31468288      96.800000      63.090529 
 31468288      96.800000      63.091595 
 31468288      96.800000      63.098633 
 31468288      96.800000      63.096102 
 31468288      96.800000      63.093090 
 31468288      96.800000      63.083748 
 31468288      96.800000      63.095116 
 31468288      96.800000      63.095697 
 31468288      96.800000      63.081461 
 31468288      96.800000      63.087350 
 31468288      96.800000      63.086302 
 31468288      96.800000      63.080951 
 31468288      96.800000      63.091079 
 31468288      96.800000      63.086876 
 31468288      96.800000      63.094458 
 31468288      96.800000      63.090547 
 31468288      96.800000      63.112838 
 31468288      96.800000      63.111703 
 31468288      96.800000      63.110376 
 31468288      96.800000      63.112748 
 31468288      96.800000      63.112215 
 31468288      96.800000      63.117625 
 31468288      96.800000      63.107824 
 31468288      96.800000      63.113681 
 31468288      96.800000      63.105794 
 31468288      96.800000      63.112263 
 31468288      96.800000      63.118237 
 31468288      96.800000      63.109378 
 31468288      96.800000      63.111276 
 31468288      96.800000      63.114576 
 31468288      96.800000      63.108208 
 31468288      96.800000      63.108654 
 31468288      96.800000      63.111422 
 31468288      96.800000      63.112833 
 31468288      96.800000      63.108616 
 31468288      96.800000      63.106414 
 31468288      96.800000      63.117524 
 31468288      96.800000      63.120297 
 31468288      96.800000      63.122003 
 31468288      96.800000      63.095628 
 31468288      96.800000      63.096136 
 31468288      96.800000      63.085194 
 31468288      96.800000      63.100663 
 31468288      96.800000      63.102931 
 31468288      96.800000      63.095673 
 31468288      96.800000      63.094730 
 31468288      96.800000      63.093819 
 31468288      96.800000      63.096004 
 31468288      96.800000      63.091289 
 31468288      96.800000      63.094438 
 31468288      96.800000      63.087026 
 31468288      96.800000      63.095831 
 31468288      96.800000      63.096080 
 31468288      96.800000      63.094732 
 31468288      96.800000      63.098018 
 31468288      96.800000      63.089070 
 31468288      96.800000      63.098105 
 31468288      96.800000      63.086297 
 31468288      96.800000      63.094241 
 31468288      96.800000      63.110577 
 31468288      96.800000      63.120465 
 31468288      96.800000      63.121561 
 31468288      96.800000      63.117180 
 31468288      96.800000      63.115967 
 31468288      96.800000      63.117327 
 31468288      96.800000      63.119078 
 31468288      96.800000      63.117621 
 31468288      96.800000      63.106442 
 31468288      96.800000      63.114938 
 31468288      96.800000      63.113870 
 31468288      96.800000      63.107088 
 31468288      96.800000      63.111597 
 31468288      96.800000      63.116639 
 31468288      96.800000      63.115849 
 31468288      96.800000      63.105203 
 31468288      96.800000      63.107272 
 31468288      96.800000      63.114712 
 31468288      96.800000      63.116603 
 31468288      96.800000      63.113918 
 31468288      96.800000      63.102620 
 31468288      96.800000      63.103502 
 31468288      96.800000      63.108871 
 31468288      96.800000      63.115281 
 31468288      96.800000      63.114263 
 31468288      96.800000      63.122161 
 31468544      96.800000    -124.864105 
 31468544      96.800000    -124.875897 
 31468544      96.800000    -124.870978 
 31468544      96.800000    -124.865001 
 31468544      96.800000    -124.871254 
 31468544      96.800000    -124.873798 
 31468544      96.800000    -124.866691 
 31468544      96.800000    -124.869617 
 31468544      96.800000    -124.869970 
 31468544      96.800000    -124.869489 
 31468544      96.800000    -124.877090 
 31468544      96.800000    -124.863942 
 31468544      96.800000    -124.864854 
 31468544      96.800000    -124.868516 
 31468544      96.800000    -124.871312 
 31468544      96.800000    -124.869728 
 31468544      96.800000    -124.875962 
 31468544      96.800000    -124.872959 
 31468544      96.800000    -124.877419 
 31468544      96.800000    -124.871993 
 31468544      96.800000    -124.861249 
 31468544      96.800000    -124.884728 
 31468544      96.800000    -124.896670 
 31468544      96.800000    -124.896093 
 31468544      96.800000    -124.893099 
 31468544      96.800000    -124.889503 
 31468544      96.800000    -124.895192 
 31468544      96.800000    -124.892363 
 31468544      96.800000    -124.896960 
 31468544      96.800000    -124.887377 
 31468544      96.800000    -124.894866 
 31468544      96.800000    -124.894079 
 31468544      96.800000    -124.896711 
 31468544      96.800000    -124.896602 
 31468544      96.800000    -124.885215 
 31468544      96.800000    -124.894422 
 31468544      96.800000    -124.887462 
 31468544      96.800000    -124.892778 
 31468544      96.800000    -124.893255 
 31468544      96.800000    -124.883390 
 31468544      96.800000    -124.887034 
 31468544      96.800000    -124.901084 
 31468544      96.800000    -124.904213 
 31468544      96.800000    -124.894713 
 31468544      96.800000    -124.887571 
 31468544      10.400000    -124.876644 
 31468544      96.800000    -124.868202 
 31468544      96.800000    -124.854314 
 31468544      96.800000    -124.871898 
 31468544      96.800000    -124.864377 
 31468544      96.800000    -124.867249 
 31468544      96.800000    -124.862188 
 31468544      96.800000    -124.866599 
 31468544      96.800000    -124.865146 
 31468544      96.800000    -124.871761 
 31468544      96.800000    -124.869513 
 31468544      96.800000    -124.860429 
 31468544      96.800000    -124.876475 
 31468544      96.800000    -124.871656 
 31468544      96.800000    -124.865425 
 31468544      96.800000    -124.872149 
 31468544      96.800000    -124.872525 
 31468544      96.800000    -124.868580 
 31468544      96.800000    -124.868312 
 31468544      96.800000    -124.868938 
 31468544      96.800000    -124.873309 
 31468544      96.800000    -124.863811 
 31468544      96.800000    -124.867342 
 31468544      96.800000    -124.898248 
 31468544      96.800000    -124.895894 
 31468544      96.800000    -124.895733 
 31468544      96.800000    -124.902891 
 31468544      96.800000    -124.905575 
 31468544      96.800000    -124.888617 
 31468544      96.800000    -124.892402 
 31468544      96.800000    -124.894458 
 31468544      96.800000    -124.898225 
 31468544      96.800000    -124.903749 
 31468544      96.800000    -124.903508 
 31468544      96.800000    -124.894385 
 31468544      96.800000    -124.896955 
 31468544      96.800000    -124.887405 
 31468544      96.800000    -124.895739 
 31468544      96.800000    -124.899544 
 31468544      96.800000    -124.891276 
 31468544      96.800000    -124.889870 
 31468544      96.800000    -124.890981 
 31468544      96.800000    -124.894872 
 31468544      96.800000    -124.899526 
 31468544      96.800000    -124.904041 
 31468544      96.800000    -124.876629 
 31468544      96.800000    -124.865002 
 31468544      96.800000    -124.868868 
 31468544      96.800000    -124.883160 
 31468544      96.800000    -124.877820 
 31468544      96.800000    -124.872425 
 31468544      96.800000    -124.872650 
 31468544      96.800000    -124.861251 
 31468544      96.800000    -124.864402 
 31468544      96.800000    -124.866328 
 31468544      96.800000    -124.867612 
 31468544      96.800000    -124.876097 
 31468544      96.800000    -124.868961 
 31468544      96.800000    -124.875158 
 31468544      96.800000    -124.867611 
 31468544      96.800000    -124.874987 
 31468544      96.800000    -124.875409 
 31468544      96.800000    -124.871778 
 31468544      96.800000    -124.879387 
 31468544      96.800000    -124.875691 
 31468544      96.800000    -124.875956 
 31468544      96.800000    -124.872453 
 31468544      96.800000    -124.874394 
 31468544      96.800000    -124.899017 
 31468544      96.800000    -124.892678 
 31468544      96.800000    -124.897348 
 31468544      96.800000    -124.893500 
 31468544      96.800000    -124.904072 
 31468544      96.800000    -124.892726 
 31468544      96.800000    -124.893274 
 31468544      96.800000    -124.888568 
 31468544      96.800000    -124.894272 
 31468544      96.800000    -124.887805 
 31468544      96.800000    -124.889024 
 31468544      96.800000    -124.886898 
 31468544      96.800000    -124.890737 
 31468544      96.800000    -124.889632 
 31468544      96.800000    -124.895603 
 31468544      96.800000    -124.900422 
 31468544      96.800000    -124.900798 
 31468544      96.800000    -124.895396 
 31468544      96.800000    -124.886434 
 31468544      96.800000    -124.890481 
 31468544      96.800000    -124.894346 
 31468544      96.800000    -124.897369 
 31468544      96.800000    -124.891092 
 31468544       0.400000    -124.876719 
 31468544      96.800000    -124.873314 
 31468544      96.800000    -124.868394 
 31468544      96.800000    -124.872864 
 31468544      96.800000    -124.870166 
 31468544      96.800000    -124.862734 
 31468544      96.800000    -124.868688 
 31468544      96.800000    -124.866596 
 31468544      96.800000    -124.865313 
 31468544      96.800000    -124.873202 
 31468544      96.800000    -124.865883 
 31468544      96.800000    -124.870443 
 31468544      96.800000    -124.866712 
 31468544      96.800000    -124.863851 
 31468544      96.800000    -124.864310 
 31468544      96.800000    -124.868615 
 31468544      96.800000    -124.866791 
 31468544      96.800000    -124.870886 
 31468544      96.800000    -124.873569 
 31468544      96.800000    -124.877693 
 31468544      96.800000    -124.872960 
 31468544      96.800000    -124.873083 
 31468544      96.800000    -124.867883 
 31468544      96.800000    -124.896055 
 31468544      96.800000    -124.865260 
 31468544      96.800000    -124.892603 
 31468544      96.800000    -124.890842 
 31468544      96.800000    -124.901445 
 31468544      96.800000    -124.896580 
 31468544      96.800000    -124.893688 
 31468544      96.800000    -124.892826 
 31468544      96.800000    -124.891312 
 31468544      96.800000    -124.901870 
 31468544      96.800000    -124.892072 
 31468544      96.800000    -124.894719 
 31468544      96.800000    -124.893423 
 31468544      96.800000    -124.899350 
 31468544      96.800000    -124.896448 
 31468544      96.800000    -124.896406 
 31468544      96.800000    -124.893511 
 31468544      96.800000    -124.888729 
 31468544      96.800000    -124.884892 
 31468544      96.800000    -124.891045 
 31468544      96.800000    -124.893524 
 31468544      96.800000    -124.890434 
 31468544      96.800000    -124.897820 
