## MACS2129 IRAC ch1 observation
# 1 AOR
# 2 EXPTIME
# 3 CROTA
 46131200      93.600000     -72.299580 
 46131200      93.600000     -72.302932 
 46131200      93.600000     -72.303925 
 46131200      93.600000     -72.300358 
 46131200      93.600000     -72.304797 
 46131200      93.600000     -72.301359 
 46131200      93.600000     -72.301010 
 46131200      93.600000     -72.301714 
 46131200      93.600000     -72.308184 
 46131200      93.600000     -72.303331 
 46131200      93.600000     -72.304623 
 46131200      93.600000     -72.303264 
 46131200      93.600000     -72.306530 
 46131200      93.600000     -72.306718 
 46131200      93.600000     -72.305852 
 46131200      93.600000     -72.305118 
 46131200      93.600000     -72.301376 
 46131200      93.600000     -72.302535 
 46131200      93.600000     -72.298144 
 46131200      93.600000     -72.300862 
 46131200      93.600000     -72.301435 
 46131200      93.600000     -72.302841 
 46131200      93.600000     -72.300334 
 46131200      93.600000     -72.301754 
 46131200      93.600000     -72.301257 
 46131200      93.600000     -72.304374 
 46131200      93.600000     -72.308023 
 46131200      93.600000     -72.296169 
 46131200      93.600000     -72.300314 
 46131200      93.600000     -72.303078 
 46131200      93.600000     -72.301290 
 46131200      93.600000     -72.302562 
 46131200      93.600000     -72.300645 
 46131200      93.600000     -72.299329 
 46131200      93.600000     -72.297243 
 46131200      93.600000     -72.298697 
 46131200      93.600000     -72.297153 
 46131200      93.600000     -72.299742 
 46131200      93.600000     -72.301170 
 46131200      93.600000     -72.304136 
 46131200      93.600000     -72.303454 
 46131200      93.600000     -72.304189 
 46131200      93.600000     -72.304422 
 46131200      93.600000     -72.307478 
 46131200      93.600000     -72.298882 
 46131200      93.600000     -72.302394 
 46131200      93.600000     -72.305324 
 46131200      93.600000     -72.303882 
 46131200      93.600000     -72.303506 
 46131200      93.600000     -72.303340 
 46131200      93.600000     -72.300974 
 46131200      93.600000     -72.302007 
 46131200      93.600000     -72.299701 
 46131200      93.600000     -72.299916 
 46131200      93.600000     -72.299507 
 46131200      93.600000     -72.302163 
 46131200      93.600000     -72.308913 
 46131200      93.600000     -72.301798 
 46131200      93.600000     -72.308559 
 46131200      93.600000     -72.311130 
 46131200      93.600000     -72.310395 
 46131200      93.600000     -72.305359 
 46131200      93.600000     -72.312435 
 46131200      93.600000     -72.312845 
 46131200      93.600000     -72.308254 
 46131200      93.600000     -72.307421 
 46131200      93.600000     -72.307936 
 46131200      93.600000     -72.308579 
 46131200      93.600000     -72.309169 
 46131200      93.600000     -72.308702 
 46131200      93.600000     -72.304248 
 46131200      93.600000     -72.307801 
 46131200      93.600000     -72.307977 
 46131200      93.600000     -72.309039 
 46131200      93.600000     -72.306036 
 46131200      93.600000     -72.304559 
 46131200      93.600000     -72.311429 
 46131200      93.600000     -72.310050 
 46131200      93.600000     -72.309610 
 46131200      93.600000     -72.308993 
 46131200      93.600000     -72.308248 
 46131200      93.600000     -72.305068 
 46131200      93.600000     -72.304355 
 46131200      93.600000     -72.307072 
 46131200      93.600000     -72.307178 
 46131200      93.600000     -72.310707 
 46131200      93.600000     -72.306433 
 46131200      93.600000     -72.309636 
 46131200      93.600000     -72.312562 
 46131200      93.600000     -72.307906 
 46131200      93.600000     -72.304367 
 46131200      93.600000     -72.302601 
 46131200      93.600000     -72.307295 
 46131200      93.600000     -72.308075 
 46131200      93.600000     -72.305117 
 46131200      93.600000     -72.307069 
 46131200      93.600000     -72.305979 
 46131200      93.600000     -72.304146 
 46131200      93.600000     -72.307224 
 46131200      93.600000     -72.306976 
 46131200      93.600000     -72.304138 
 46131200      93.600000     -72.304308 
 46131200      93.600000     -72.309350 
 46131200      93.600000     -72.310584 
 46131200      93.600000     -72.312879 
 46131200      93.600000     -72.309832 
 46131200      93.600000     -72.306786 
 46131200      93.600000     -72.307780 
 46131200      93.600000     -72.307297 
 46131200      93.600000     -72.305436 
 46131200      93.600000     -72.306869 
 46131200      93.600000     -72.306006 
 46131200      93.600000     -72.304626 
 46131200      93.600000     -72.310716 
 46131200      93.600000     -72.309297 
 46131200       0.400000     -72.302477 
 46131200      93.600000     -72.301853 
 46131200      93.600000     -72.299476 
 46131200      93.600000     -72.304755 
 46131200      93.600000     -72.299906 
 46131200      93.600000     -72.306049 
 46131200      93.600000     -72.304076 
 46131200      93.600000     -72.301603 
 46131200      93.600000     -72.298480 
 46131200      93.600000     -72.302949 
 46131200      93.600000     -72.302116 
 46131200      93.600000     -72.301056 
 46131200      93.600000     -72.303747 
 46131200      93.600000     -72.303450 
 46131200      93.600000     -72.302643 
 46131200      93.600000     -72.304682 
 46131200      93.600000     -72.303227 
 46131200      93.600000     -72.307206 
 46131200      93.600000     -72.305219 
 46131200      93.600000     -72.305449 
 46131200      93.600000     -72.305289 
 46131200      93.600000     -72.302204 
 46131200      93.600000     -72.299520 
 46131200      93.600000     -72.303948 
 46131200      93.600000     -72.303170 
 46131200      93.600000     -72.301032 
 46131200      93.600000     -72.309604 
 46131200      93.600000     -72.301094 
 46131200      93.600000     -72.300823 
 46131200      93.600000     -72.301834 
 46131200      93.600000     -72.299340 
 46131200      93.600000     -72.300134 
 46131200      93.600000     -72.300865 
 46131200      93.600000     -72.302272 
 46131200      93.600000     -72.307307 
 46131200      93.600000     -72.300012 
 46131200      93.600000     -72.305790 
 46131200      93.600000     -72.294980 
 46131200      93.600000     -72.301748 
 46131200      93.600000     -72.299408 
 46131200      93.600000     -72.298629 
 46131200      93.600000     -72.298678 
 46131200      93.600000     -72.302038 
 46131200      93.600000     -72.301813 
 46131200      93.600000     -72.305595 
 46131200      93.600000     -72.302224 
 46131200      93.600000     -72.303757 
 46131200      93.600000     -72.303965 
 46131200      93.600000     -72.305285 
 46131200      93.600000     -72.300967 
 46131200      93.600000     -72.308522 
 46131200      93.600000     -72.304975 
 46131200      93.600000     -72.304368 
 46131200      93.600000     -72.305378 
 46131200      93.600000     -72.298435 
 46131200      93.600000     -72.302882 
 46131200      93.600000     -72.299111 
 46131200      93.600000     -72.308686 
 46131200      93.600000     -72.308201 
 46131200      93.600000     -72.308455 
 46131200      93.600000     -72.309835 
 46131200      93.600000     -72.305606 
 46131200      93.600000     -72.312187 
 46131200      93.600000     -72.305838 
 46131200      93.600000     -72.308789 
 46131200      93.600000     -72.312476 
 46131200      93.600000     -72.305685 
 46131200      93.600000     -72.303543 
 46131200      93.600000     -72.304074 
 46131200      93.600000     -72.309467 
 46131200      93.600000     -72.304536 
 46131200      93.600000     -72.306743 
 46131200      93.600000     -72.304255 
 46131200      93.600000     -72.302169 
 46131200      93.600000     -72.307451 
 46131200      93.600000     -72.306008 
 46131200      93.600000     -72.308719 
 46131200      93.600000     -72.309519 
 46131200      93.600000     -72.308292 
 46131200      93.600000     -72.304344 
 46131200      93.600000     -72.307594 
 46131200      93.600000     -72.307236 
 46131200      93.600000     -72.307415 
 46131200      93.600000     -72.301848 
 46131200      93.600000     -72.307441 
 46131200      93.600000     -72.309350 
 46131200      93.600000     -72.304672 
 46131200      93.600000     -72.307974 
 46131200      93.600000     -72.311721 
 46131200      93.600000     -72.312387 
 46131200      93.600000     -72.306915 
 46131200      93.600000     -72.305076 
 46131200      93.600000     -72.308230 
 46131200      93.600000     -72.309138 
 46131200      93.600000     -72.304939 
 46131200      93.600000     -72.310341 
 46131200      93.600000     -72.305018 
 46131200      93.600000     -72.302728 
 46131200      93.600000     -72.309640 
 46131200      93.600000     -72.309797 
 46131200      93.600000     -72.310079 
 46131200      93.600000     -72.306510 
 46131200      93.600000     -72.304502 
 46131200      93.600000     -72.307355 
 46131200      93.600000     -72.304903 
 46131200      93.600000     -72.306284 
 46131200      93.600000     -72.310760 
 46131200      93.600000     -72.309852 
 46131200      93.600000     -72.304062 
 46131200      10.400000     -72.302538 
 46131200      93.600000     -72.302798 
 46131200      93.600000     -72.304057 
 46131200      93.600000     -72.299411 
 46131200      93.600000     -72.302945 
 46131200      93.600000     -72.303236 
 46131200      93.600000     -72.303059 
 46131200      93.600000     -72.305136 
 46131200      93.600000     -72.302260 
 46131200      93.600000     -72.300902 
 46131200      93.600000     -72.305205 
 46131200      93.600000     -72.304485 
 46131200      93.600000     -72.303497 
 46131200      93.600000     -72.300204 
 46131200      93.600000     -72.300695 
 46131200      93.600000     -72.305033 
 46131200      93.600000     -72.303559 
 46131200      93.600000     -72.304583 
 46131200      93.600000     -72.302143 
 46131200      93.600000     -72.306602 
 46131200      93.600000     -72.299894 
 46131200      93.600000     -72.303718 
 46131200      93.600000     -72.306418 
 46131200      93.600000     -72.302372 
 46131200      93.600000     -72.297951 
 46131200      93.600000     -72.301333 
 46131200      93.600000     -72.298877 
 46131200      93.600000     -72.299149 
 46131200      93.600000     -72.303829 
 46131200      93.600000     -72.298907 
 46131200      93.600000     -72.301996 
 46131200      93.600000     -72.303398 
 46131200      93.600000     -72.302164 
 46131200      93.600000     -72.301171 
 46131200      93.600000     -72.307055 
 46131200      93.600000     -72.295057 
 46131200      93.600000     -72.301618 
 46131200      93.600000     -72.302276 
 46131200      93.600000     -72.305177 
 46131200      93.600000     -72.304972 
 46131200      93.600000     -72.303182 
 46131200      93.600000     -72.300700 
 46131200      93.600000     -72.306944 
 46131200      93.600000     -72.303009 
 46131200      93.600000     -72.309366 
 46131200      93.600000     -72.302305 
 46131200      93.600000     -72.305185 
 46131200      93.600000     -72.303450 
 46131200      93.600000     -72.307217 
 46131200      93.600000     -72.306951 
 46131200      93.600000     -72.302282 
 46131200      93.600000     -72.305518 
 46131200      93.600000     -72.299340 
 46131200      93.600000     -72.303691 
 46131200      93.600000     -72.303637 
 46131200      93.600000     -72.312798 
 46131200      93.600000     -72.306470 
 46131200      93.600000     -72.310374 
 46131200      93.600000     -72.308663 
 46131200      93.600000     -72.309250 
 46131200      93.600000     -72.301589 
 46131200      93.600000     -72.303116 
 46131200      93.600000     -72.303661 
 46131200      93.600000     -72.305304 
 46131200      93.600000     -72.307027 
 46131200      93.600000     -72.301515 
 46131200      93.600000     -72.302741 
 46131200      93.600000     -72.305660 
 46131200      93.600000     -72.309908 
 46131200      93.600000     -72.311718 
 46131200      93.600000     -72.307743 
 46131200      93.600000     -72.308081 
 46131200      93.600000     -72.308919 
 46131200      93.600000     -72.303177 
 46131200      93.600000     -72.303695 
 46131200      93.600000     -72.305634 
 46131200      93.600000     -72.303355 
 46131200      93.600000     -72.310089 
 46131200      93.600000     -72.306909 
 46131200      93.600000     -72.310205 
 46131200      93.600000     -72.303972 
 46131200      93.600000     -72.309685 
 46131200      93.600000     -72.306655 
 46131200      93.600000     -72.305539 
 46131200      93.600000     -72.309578 
 46131200      93.600000     -72.303625 
 46131200      93.600000     -72.306936 
 46131200      93.600000     -72.306416 
 46131200      93.600000     -72.306894 
 46131200      93.600000     -72.306285 
 46131200      93.600000     -72.306961 
 46131200      93.600000     -72.299252 
 46131200      93.600000     -72.304555 
 46131200      93.600000     -72.307438 
 46131200      93.600000     -72.310741 
 46131200      93.600000     -72.302322 
 46131200      93.600000     -72.302075 
 46131200      93.600000     -72.304528 
 46131200      93.600000     -72.303522 
 46131200      93.600000     -72.304488 
 46131200      93.600000     -72.302948 
 46131200      93.600000     -72.308077 
 46131200      93.600000     -72.307854 
 46131200      93.600000     -72.308044 
 46131200      93.600000     -72.305595 
 46131200      93.600000     -72.305117 
 46131200      93.600000     -72.309420 
 46131200      93.600000     -72.302220 
 46131200      93.600000     -72.305717 
 46131200      93.600000     -72.311176 
 46131200      93.600000     -72.316439 
 46131200      93.600000     -72.314288 
 46131200      93.600000     -72.302647 
 46131200      93.600000     -72.300324 
 46131200      93.600000     -72.301984 
 46131200      93.600000     -72.299516 
 46131200      93.600000     -72.302597 
 46131200      93.600000     -72.300415 
 46131200      93.600000     -72.304587 
 46131200      93.600000     -72.307309 
 46131200      93.600000     -72.304946 
 46131200      93.600000     -72.302992 
 46131200      93.600000     -72.303747 
 46131200      93.600000     -72.304092 
 46131200      93.600000     -72.300623 
 46131200      93.600000     -72.300008 
 46131200      93.600000     -72.300187 
 46131200      93.600000     -72.302498 
 46131200      93.600000     -72.303167 
 46131200      93.600000     -72.303551 
 46131200      93.600000     -72.299082 
 46131200      93.600000     -72.301688 
 46131200      93.600000     -72.305505 
 46131200      93.600000     -72.303428 
 46131200      93.600000     -72.300710 
 46131200      93.600000     -72.302444 
 46131200      93.600000     -72.300700 
 46131200      93.600000     -72.297639 
 46131200      93.600000     -72.301879 
 46131200      93.600000     -72.305100 
 46131200      93.600000     -72.303821 
 46131200      93.600000     -72.299593 
 46131200      93.600000     -72.304215 
 46131200      93.600000     -72.298397 
 46131200      93.600000     -72.300649 
 46131200      93.600000     -72.301196 
 46131200      93.600000     -72.303976 
 46131200      93.600000     -72.298612 
 46131200      93.600000     -72.304979 
 46131200      93.600000     -72.303829 
 46131200      93.600000     -72.299893 
 46131200      93.600000     -72.302302 
 46131200      93.600000     -72.303689 
 46131200      93.600000     -72.305302 
 46131200      93.600000     -72.303310 
 46131200      93.600000     -72.304071 
 46131200      93.600000     -72.301503 
 46131200      93.600000     -72.301533 
 46131200      93.600000     -72.304880 
 46131200      93.600000     -72.304739 
 46131200      93.600000     -72.303683 
 46131200      93.600000     -72.299910 
 46131200      93.600000     -72.301608 
 46131200      93.600000     -72.301338 
 46131200      93.600000     -72.301798 
 46131200      93.600000     -72.295988 
 46131200      93.600000     -72.299683 
 46131200      93.600000     -72.306280 
 46131200      93.600000     -72.300055 
 46131200      93.600000     -72.304585 
 46131200      93.600000     -72.307806 
 46131200      93.600000     -72.307870 
 46131200      93.600000     -72.309195 
 46131200      93.600000     -72.310468 
 46131200      93.600000     -72.312277 
 46131200      93.600000     -72.308056 
 46131200      93.600000     -72.311262 
 46131200      93.600000     -72.304333 
 46131200      93.600000     -72.309266 
 46131200      93.600000     -72.306420 
 46131200      93.600000     -72.308589 
 46131200      93.600000     -72.299966 
 46131200      93.600000     -72.303934 
 46131200      93.600000     -72.304578 
 46131200      93.600000     -72.309133 
 46131200      93.600000     -72.304684 
 46131200      93.600000     -72.305699 
 46131200      93.600000     -72.303848 
 46131200      93.600000     -72.308901 
 46131200      93.600000     -72.307981 
 46131200      93.600000     -72.306666 
 46131200      93.600000     -72.306054 
 46131200      93.600000     -72.310616 
 46131200      93.600000     -72.304245 
 46131200      93.600000     -72.311276 
 46131200      93.600000     -72.308391 
 46131200      93.600000     -72.304596 
 46131200      93.600000     -72.309857 
 46131200      93.600000     -72.307287 
 46131200      93.600000     -72.308036 
 46131200      93.600000     -72.307988 
 46131200      93.600000     -72.311064 
 46131200      93.600000     -72.309841 
 46131200      93.600000     -72.309677 
 46131200      93.600000     -72.301392 
 46131200      93.600000     -72.308624 
 46131200      93.600000     -72.305030 
 46131200      93.600000     -72.305846 
 46131200      93.600000     -72.306840 
 46131200      93.600000     -72.306333 
 46131200      93.600000     -72.303966 
 46131200      93.600000     -72.302512 
 46131200      93.600000     -72.305972 
 46131200      93.600000     -72.307618 
 46131200      93.600000     -72.309846 
 46131200      93.600000     -72.310231 
 46131200      93.600000     -72.312422 
 46131200      93.600000     -72.309302 
 46131200      93.600000     -72.299730 
 46131200      93.600000     -72.300630 
 46131200      93.600000     -72.307054 
 46131200      93.600000     -72.306652 
 46131200      93.600000     -72.304959 
 46131200      93.600000     -72.303859 
 46131200      93.600000     -72.307102 
 46131200      93.600000     -72.308139 
 46131200      93.600000     -72.307175 
 46131200      93.600000     -72.306544 
 46128640      93.600000     -73.294415 
 46128640      93.600000     -73.294537 
 46128640      93.600000     -73.293407 
 46128640      93.600000     -73.296266 
 46128640      93.600000     -73.294731 
 46128640      93.600000     -73.294176 
 46128640      93.600000     -73.292552 
 46128640      93.600000     -73.291423 
 46128640      93.600000     -73.293434 
 46128640      93.600000     -73.289674 
 46128640      93.600000     -73.297234 
 46128640      93.600000     -73.297150 
 46128640      93.600000     -73.296662 
 46128640      93.600000     -73.294431 
 46128640      93.600000     -73.299453 
 46128640      93.600000     -73.295410 
 46128640      93.600000     -73.291447 
 46128640      93.600000     -73.293513 
 46128640      93.600000     -73.290160 
 46128640      93.600000     -73.292728 
 46128640      93.600000     -73.295348 
 46128640      93.600000     -73.296962 
 46128640      93.600000     -73.292784 
 46128640      93.600000     -73.293228 
 46128640      93.600000     -73.299619 
 46128640      93.600000     -73.297094 
 46128640      93.600000     -73.294298 
 46128640      93.600000     -73.295689 
 46128640      93.600000     -73.294266 
 46128640      93.600000     -73.294048 
 46128640      93.600000     -73.299945 
 46128640      93.600000     -73.299372 
 46128640      93.600000     -73.295607 
 46128640      93.600000     -73.296873 
 46128640      93.600000     -73.296361 
 46128640      93.600000     -73.291735 
 46128640      93.600000     -73.295483 
 46128640      93.600000     -73.295954 
 46128640      93.600000     -73.293690 
 46128640      93.600000     -73.292434 
 46128640      93.600000     -73.293143 
 46128640      93.600000     -73.295670 
 46128640      93.600000     -73.292951 
 46128640      93.600000     -73.297082 
 46128640      93.600000     -73.298456 
 46128640      93.600000     -73.300896 
 46128640      93.600000     -73.296717 
 46128640      93.600000     -73.295807 
 46128640      93.600000     -73.295706 
 46128640      93.600000     -73.291237 
 46128640      93.600000     -73.291679 
 46128640      93.600000     -73.293974 
 46128640      93.600000     -73.295031 
 46128640      93.600000     -73.294825 
 46128640      93.600000     -73.295135 
 46128640      93.600000     -73.292703 
 46128640      93.600000     -73.290311 
 46128640      93.600000     -73.293862 
 46128640      93.600000     -73.295442 
 46128640      93.600000     -73.297099 
 46128640      93.600000     -73.294627 
 46128640      93.600000     -73.297564 
 46128640      93.600000     -73.295058 
 46128640      93.600000     -73.293258 
 46128640      93.600000     -73.299163 
 46128640      93.600000     -73.293028 
 46128640      93.600000     -73.294541 
 46128640      93.600000     -73.299704 
 46128640      93.600000     -73.300512 
 46128640      93.600000     -73.299590 
 46128640      93.600000     -73.300669 
 46128640      93.600000     -73.297066 
 46128640      93.600000     -73.297928 
 46128640      93.600000     -73.302293 
 46128640      93.600000     -73.300651 
 46128640      93.600000     -73.298803 
 46128640      93.600000     -73.301214 
 46128640      93.600000     -73.300272 
 46128640      93.600000     -73.300501 
 46128640      93.600000     -73.301464 
 46128640      93.600000     -73.300859 
 46128640      93.600000     -73.303941 
 46128640      93.600000     -73.303115 
 46128640      93.600000     -73.299571 
 46128640      93.600000     -73.298626 
 46128640      93.600000     -73.299491 
 46128640      93.600000     -73.299139 
 46128640      93.600000     -73.301588 
 46128640      93.600000     -73.300414 
 46128640      93.600000     -73.303706 
 46128640      93.600000     -73.300702 
 46128640      93.600000     -73.298378 
 46128640      93.600000     -73.300370 
 46128640      93.600000     -73.298045 
 46128640      93.600000     -73.298802 
 46128640      93.600000     -73.298656 
 46128640      93.600000     -73.297812 
 46128640      93.600000     -73.300143 
 46128640      93.600000     -73.296688 
 46128640      93.600000     -73.302455 
 46128640      93.600000     -73.300985 
 46128640      93.600000     -73.300083 
 46128640      93.600000     -73.299077 
 46128640      93.600000     -73.298322 
 46128640      93.600000     -73.299967 
 46128640      93.600000     -73.300135 
 46128640      93.600000     -73.299774 
 46128640      93.600000     -73.302783 
 46128640      93.600000     -73.298089 
 46128640      93.600000     -73.303751 
 46128640      93.600000     -73.300585 
 46128640      93.600000     -73.303845 
 46128640      93.600000     -73.300191 
 46128640      93.600000     -73.297372 
 46128640      93.600000     -73.299422 
 46128640      93.600000     -73.298698 
 46128640      93.600000     -73.298580 
 46128640      93.600000     -73.301061 
 46128640      93.600000     -73.301234 
 46128640      93.600000     -73.300352 
 46128640      93.600000     -73.298702 
 46128640      93.600000     -73.301692 
 46128640      93.600000     -73.298811 
 46128640       0.400000     -73.294367 
 46128640      93.600000     -73.300864 
 46128640      93.600000     -73.293822 
 46128640      93.600000     -73.296518 
 46128640      93.600000     -73.294465 
 46128640      93.600000     -73.295072 
 46128640      93.600000     -73.298140 
 46128640      93.600000     -73.301676 
 46128640      93.600000     -73.302018 
 46128640      93.600000     -73.298774 
 46128640      93.600000     -73.293927 
 46128640      93.600000     -73.293901 
 46128640      93.600000     -73.293378 
 46128640      93.600000     -73.295465 
 46128640      93.600000     -73.295287 
 46128640      93.600000     -73.294346 
 46128640      93.600000     -73.296969 
 46128640      93.600000     -73.299052 
 46128640      93.600000     -73.293416 
 46128640      93.600000     -73.295114 
 46128640      93.600000     -73.295542 
 46128640      93.600000     -73.295659 
 46128640      93.600000     -73.299230 
 46128640      93.600000     -73.295861 
 46128640      93.600000     -73.299868 
 46128640      93.600000     -73.302807 
 46128640      93.600000     -73.301017 
 46128640      93.600000     -73.297776 
 46128640      93.600000     -73.295129 
 46128640      93.600000     -73.296930 
 46128640      93.600000     -73.294813 
 46128640      93.600000     -73.297307 
 46128640      93.600000     -73.294270 
 46128640      93.600000     -73.294699 
 46128640      93.600000     -73.292945 
 46128640      93.600000     -73.297386 
 46128640      93.600000     -73.296928 
 46128640      93.600000     -73.296821 
 46128640      93.600000     -73.296165 
 46128640      93.600000     -73.295446 
 46128640      93.600000     -73.294327 
 46128640      93.600000     -73.295936 
 46128640      93.600000     -73.292176 
 46128640      93.600000     -73.294411 
 46128640      93.600000     -73.291933 
 46128640      93.600000     -73.294697 
 46128640      93.600000     -73.293973 
 46128640      93.600000     -73.292172 
 46128640      93.600000     -73.293639 
 46128640      93.600000     -73.293841 
 46128640      93.600000     -73.292550 
 46128640      93.600000     -73.294146 
 46128640      93.600000     -73.298532 
 46128640      93.600000     -73.298111 
 46128640      93.600000     -73.295678 
 46128640      93.600000     -73.296401 
 46128640      93.600000     -73.294864 
 46128640      93.600000     -73.299028 
 46128640      93.600000     -73.299243 
 46128640      93.600000     -73.296649 
 46128640      93.600000     -73.299270 
 46128640      93.600000     -73.298366 
 46128640      93.600000     -73.297732 
 46128640      93.600000     -73.300254 
 46128640      93.600000     -73.296855 
 46128640      93.600000     -73.299492 
 46128640      93.600000     -73.301418 
 46128640      93.600000     -73.303809 
 46128640      93.600000     -73.300973 
 46128640      93.600000     -73.297197 
 46128640      93.600000     -73.296071 
 46128640      93.600000     -73.293041 
 46128640      93.600000     -73.302583 
 46128640      93.600000     -73.300593 
 46128640      93.600000     -73.304450 
 46128640      93.600000     -73.303979 
 46128640      93.600000     -73.301367 
 46128640      93.600000     -73.294160 
 46128640      93.600000     -73.297433 
 46128640      93.600000     -73.302509 
 46128640      93.600000     -73.298211 
 46128640      93.600000     -73.298018 
 46128640      93.600000     -73.298263 
 46128640      93.600000     -73.302592 
 46128640      93.600000     -73.301026 
 46128640      93.600000     -73.298902 
 46128640      93.600000     -73.299526 
 46128640      93.600000     -73.301788 
 46128640      93.600000     -73.303287 
 46128640      93.600000     -73.300630 
 46128640      93.600000     -73.298543 
 46128640      93.600000     -73.299148 
 46128640      93.600000     -73.301937 
 46128640      93.600000     -73.298124 
 46128640      93.600000     -73.298736 
 46128640      93.600000     -73.299747 
 46128640      93.600000     -73.298305 
 46128640      93.600000     -73.299780 
 46128640      93.600000     -73.297072 
 46128640      93.600000     -73.299874 
 46128640      93.600000     -73.295381 
 46128640      93.600000     -73.299572 
 46128640      93.600000     -73.299690 
 46128640      93.600000     -73.299590 
 46128640      93.600000     -73.295750 
 46128640      93.600000     -73.298273 
 46128640      93.600000     -73.303862 
 46128640      93.600000     -73.305042 
 46128640      93.600000     -73.298487 
 46128640      93.600000     -73.301633 
 46128640      93.600000     -73.298617 
 46128640      93.600000     -73.296507 
 46128640      93.600000     -73.295927 
 46128640      93.600000     -73.294810 
 46128640      93.600000     -73.299956 
 46128640      93.600000     -73.302475 
 46128640      93.600000     -73.296230 
 46128640      93.600000     -73.298183 
 46128640      93.600000     -73.296163 
 46128640      93.600000     -73.303024 
 46128640      93.600000     -73.298014 
 46128640      93.600000     -73.295661 
 46128640      93.600000     -73.295475 
 46128640      93.600000     -73.288646 
 46128640      93.600000     -73.292367 
 46128640      93.600000     -73.296580 
 46128640      93.600000     -73.293032 
 46128640      93.600000     -73.296992 
 46128640      93.600000     -73.294121 
 46128640      93.600000     -73.295980 
 46128640      93.600000     -73.298935 
 46128640      93.600000     -73.290178 
 46128640      93.600000     -73.290114 
 46128640      93.600000     -73.287812 
 46128640      93.600000     -73.294032 
 46128640      93.600000     -73.291966 
 46128640      93.600000     -73.294707 
 46128640      93.600000     -73.293798 
 46128640      93.600000     -73.295322 
 46128640      93.600000     -73.295847 
 46128640      93.600000     -73.293092 
 46128640      93.600000     -73.293795 
 46128640      93.600000     -73.298441 
 46128640      93.600000     -73.293019 
 46128640      93.600000     -73.295650 
 46128640      93.600000     -73.296548 
 46128640      93.600000     -73.298395 
 46128640      93.600000     -73.297456 
 46128640      93.600000     -73.296360 
 46128640      93.600000     -73.301032 
 46128640      93.600000     -73.299076 
 46128640      93.600000     -73.295463 
 46128640      93.600000     -73.296925 
 46128640      93.600000     -73.295031 
 46128640      93.600000     -73.296851 
 46128640      93.600000     -73.297037 
 46128640      93.600000     -73.294036 
 46128640      93.600000     -73.297331 
 46128640      93.600000     -73.301802 
 46128640      93.600000     -73.296438 
 46128640      93.600000     -73.295832 
 46128640      93.600000     -73.293070 
 46128640      93.600000     -73.292202 
 46128640      93.600000     -73.294562 
 46128640      93.600000     -73.293169 
 46128640      93.600000     -73.292826 
 46128640      93.600000     -73.296206 
 46128640      93.600000     -73.289830 
 46128640      93.600000     -73.295004 
 46128640      93.600000     -73.293893 
 46128640      93.600000     -73.292727 
 46128640      93.600000     -73.293091 
 46128640      93.600000     -73.297539 
 46128640      93.600000     -73.289427 
 46128640      93.600000     -73.297542 
 46128640      93.600000     -73.292662 
 46128640      93.600000     -73.297432 
 46128640      93.600000     -73.297066 
 46128640      93.600000     -73.293649 
 46128640      93.600000     -73.296812 
 46128640      93.600000     -73.301553 
 46128640      93.600000     -73.301035 
 46128640      93.600000     -73.296607 
 46128640      93.600000     -73.300528 
 46128640      93.600000     -73.293403 
 46128640      93.600000     -73.297315 
 46128640      93.600000     -73.300584 
 46128640      93.600000     -73.301321 
 46128640      93.600000     -73.300919 
 46128640      93.600000     -73.297658 
 46128640      93.600000     -73.299261 
 46128640      93.600000     -73.297427 
 46128640      93.600000     -73.297423 
 46128640      93.600000     -73.302676 
 46128640      93.600000     -73.301247 
 46128640      93.600000     -73.303034 
 46128640      93.600000     -73.300683 
 46128640      93.600000     -73.300685 
 46128640      93.600000     -73.299339 
 46128640      93.600000     -73.297956 
 46128640      93.600000     -73.298557 
 46128640      93.600000     -73.302148 
 46128640      93.600000     -73.299762 
 46128640      93.600000     -73.298182 
 46128640      93.600000     -73.301188 
 46128640      93.600000     -73.297896 
 46128640      93.600000     -73.293626 
 46128640      93.600000     -73.297554 
 46128640      93.600000     -73.298112 
 46128640      93.600000     -73.297682 
 46128640      93.600000     -73.297992 
 46128640      93.600000     -73.297820 
 46128640      93.600000     -73.297919 
 46128640      93.600000     -73.297906 
 46128640      93.600000     -73.293468 
 46128640      93.600000     -73.297396 
 46128640      93.600000     -73.299333 
 46128640      93.600000     -73.299191 
 46128640      93.600000     -73.297494 
 46128640      93.600000     -73.298470 
 46128640      93.600000     -73.302739 
 46128640      93.600000     -73.297172 
 46128640      93.600000     -73.301005 
 46128640      93.600000     -73.298406 
 46128640      93.600000     -73.301034 
 46128640      93.600000     -73.299019 
 46128640      93.600000     -73.299269 
 46128640      93.600000     -73.296903 
 46128640      93.600000     -73.296732 
 46128640      93.600000     -73.292625 
 46128640      93.600000     -73.304838 
 46128640      93.600000     -73.299524 
 46128640      93.600000     -73.300723 
 46128640      93.600000     -73.299519 
 46128640      93.600000     -73.300476 
 46128640      93.600000     -73.298737 
 46128640      93.600000     -73.300186 
 46128640      10.400000     -73.294372 
 46128640      93.600000     -73.293634 
 46128640      93.600000     -73.293800 
 46128640      93.600000     -73.298462 
 46128640      93.600000     -73.295570 
 46128640      93.600000     -73.290839 
 46128640      93.600000     -73.292778 
 46128640      93.600000     -73.292629 
 46128640      93.600000     -73.295060 
 46128640      93.600000     -73.298288 
 46128640      93.600000     -73.295832 
 46128640      93.600000     -73.294615 
 46128640      93.600000     -73.296792 
 46128640      93.600000     -73.294864 
 46128640      93.600000     -73.294036 
 46128640      93.600000     -73.288578 
 46128640      93.600000     -73.290048 
 46128640      93.600000     -73.290479 
 46128640      93.600000     -73.293686 
 46128640      93.600000     -73.295270 
 46128640      93.600000     -73.296191 
 46128640      93.600000     -73.292505 
 46128640      93.600000     -73.295250 
 46128640      93.600000     -73.296024 
 46128640      93.600000     -73.296852 
 46128640      93.600000     -73.298733 
 46128640      93.600000     -73.296701 
 46128640      93.600000     -73.295826 
 46128640      93.600000     -73.294130 
 46128640      93.600000     -73.297657 
 46128640      93.600000     -73.297236 
 46128640      93.600000     -73.297565 
 46128640      93.600000     -73.293259 
 46128640      93.600000     -73.293900 
 46128640      93.600000     -73.294454 
 46128640      93.600000     -73.293346 
 46128640      93.600000     -73.297832 
 46128640      93.600000     -73.294388 
 46128640      93.600000     -73.295006 
 46128640      93.600000     -73.296826 
 46128640      93.600000     -73.296140 
 46128640      93.600000     -73.300291 
 46128640      93.600000     -73.292546 
 46128640      93.600000     -73.297639 
 46128640      93.600000     -73.297830 
 46128640      93.600000     -73.296684 
 46128640      93.600000     -73.293628 
 46128640      93.600000     -73.293038 
 46128640      93.600000     -73.295355 
 46128640      93.600000     -73.291644 
 46128640      93.600000     -73.293845 
 46128640      93.600000     -73.295358 
 46128640      93.600000     -73.295207 
 46128640      93.600000     -73.293177 
 46128640      93.600000     -73.293078 
 46128640      93.600000     -73.291491 
 46128640      93.600000     -73.295303 
 46128640      93.600000     -73.298678 
 46128640      93.600000     -73.291465 
 46128640      93.600000     -73.293148 
 46128640      93.600000     -73.298366 
 46128640      93.600000     -73.297419 
 46128640      93.600000     -73.296202 
 46128640      93.600000     -73.298757 
 46128640      93.600000     -73.297264 
 46128640      93.600000     -73.296936 
 46128640      93.600000     -73.298210 
 46128640      93.600000     -73.297874 
 46128640      93.600000     -73.296808 
 46128640      93.600000     -73.297119 
 46128640      93.600000     -73.300674 
 46128640      93.600000     -73.299414 
 46128640      93.600000     -73.303153 
 46128640      93.600000     -73.299131 
 46128640      93.600000     -73.300314 
 46128640      93.600000     -73.298816 
 46128640      93.600000     -73.302830 
 46128640      93.600000     -73.300340 
 46128640      93.600000     -73.298206 
 46128640      93.600000     -73.297706 
 46128640      93.600000     -73.302360 
 46128640      93.600000     -73.300687 
 46128640      93.600000     -73.302404 
 46128640      93.600000     -73.305221 
 46128640      93.600000     -73.303474 
 46128640      93.600000     -73.301747 
 46128640      93.600000     -73.298016 
 46128640      93.600000     -73.303427 
 46128640      93.600000     -73.300919 
 46128640      93.600000     -73.301145 
 46128640      93.600000     -73.300167 
 46128640      93.600000     -73.298707 
 46128640      93.600000     -73.300295 
 46128640      93.600000     -73.303054 
 46128640      93.600000     -73.298042 
 46128640      93.600000     -73.297043 
 46128640      93.600000     -73.300410 
 46128640      93.600000     -73.297603 
 46128640      93.600000     -73.301323 
 46128640      93.600000     -73.302267 
 46128640      93.600000     -73.300465 
 46128640      93.600000     -73.298424 
 46128640      93.600000     -73.300476 
 46128640      93.600000     -73.299879 
 46128640      93.600000     -73.299285 
 46128640      93.600000     -73.301818 
 46128640      93.600000     -73.299995 
 46128640      93.600000     -73.303275 
 46128640      93.600000     -73.295505 
 46128640      93.600000     -73.303764 
 46128640      93.600000     -73.302521 
 46128640      93.600000     -73.298404 
 46128640      93.600000     -73.299910 
 46128640      93.600000     -73.297020 
 46128640      93.600000     -73.297997 
 46128640      93.600000     -73.299776 
 46128640      93.600000     -73.297846 
 46128640      93.600000     -73.300161 
 46128640      93.600000     -73.297314 
 46128640      93.600000     -73.299695 
 46128640      93.600000     -73.300542 
 46128640      93.600000     -73.298378 
 37855744      10.400000     -74.652472 
 37855744      93.600000     -74.654305 
 37855744      93.600000     -74.650577 
 37855744      93.600000     -74.653274 
 37855744      93.600000     -74.653054 
 37855744      93.600000     -74.653690 
 37855744      93.600000     -74.656475 
 37855744      93.600000     -74.651195 
 37855744      93.600000     -74.652464 
 37855744      93.600000     -74.650669 
 37855744      93.600000     -74.652115 
 37855744      93.600000     -74.651950 
 37855744      93.600000     -74.653874 
 37855744      93.600000     -74.650213 
 37855744      93.600000     -74.653946 
 37855744      93.600000     -74.651846 
 37855744      93.600000     -74.654505 
 37855744      93.600000     -74.655508 
 37855744      93.600000     -74.652842 
 37855744      93.600000     -74.655596 
 37855744      93.600000     -74.652633 
 37855744      93.600000     -74.653849 
 37855744      93.600000     -74.660878 
 37855744      93.600000     -74.658097 
 37855744      93.600000     -74.656378 
 37855744      93.600000     -74.659192 
 37855744      93.600000     -74.656915 
 37855744      93.600000     -74.659285 
 37855744      93.600000     -74.656775 
 37855744      93.600000     -74.660000 
 37855744      93.600000     -74.660584 
 37855744      93.600000     -74.657403 
 37855744      93.600000     -74.658881 
 37855744      93.600000     -74.657943 
 37855744      93.600000     -74.658660 
 37855744      93.600000     -74.657656 
 37855744      93.600000     -74.658374 
 37855744      93.600000     -74.655943 
 37855744      93.600000     -74.659965 
 37855744      93.600000     -74.658655 
 37855744      93.600000     -74.658534 
 37855744      93.600000     -74.654875 
 37855744      93.600000     -74.657137 
 37855744      93.600000     -74.656270 
 37855744      93.600000     -74.654255 
 37855744      93.600000     -74.654973 
 37855744      93.600000     -74.657627 
 37855744      93.600000     -74.656426 
 37855744      93.600000     -74.653018 
 37855744      93.600000     -74.654128 
 37855744      93.600000     -74.652781 
 37855744      93.600000     -74.651181 
 37855744      93.600000     -74.652094 
 37855744      93.600000     -74.653661 
 37855744      93.600000     -74.656055 
 37855744      93.600000     -74.652583 
 37855744      93.600000     -74.654174 
 37855744      93.600000     -74.652701 
 37855744      93.600000     -74.651190 
 37855744      93.600000     -74.653082 
 37855744      93.600000     -74.650812 
 37855744      93.600000     -74.652614 
 37855744      93.600000     -74.657021 
 37855744      93.600000     -74.655339 
 37855744      93.600000     -74.656411 
 37855744      93.600000     -74.653205 
 37855744      93.600000     -74.653140 
 37855744      93.600000     -74.651746 
 37855744      93.600000     -74.654026 
 37855744      93.600000     -74.660034 
 37855744      93.600000     -74.658093 
 37855744      93.600000     -74.656494 
 37855744      93.600000     -74.659065 
 37855744      93.600000     -74.659508 
 37855744      93.600000     -74.654370 
 37855744      93.600000     -74.659518 
 37855744      93.600000     -74.658392 
 37855744      93.600000     -74.651920 
 37855744      93.600000     -74.657294 
 37855744      93.600000     -74.659817 
 37855744      93.600000     -74.659556 
 37855744      93.600000     -74.659409 
 37855744      93.600000     -74.659738 
 37855744      93.600000     -74.657733 
 37855744      93.600000     -74.660101 
 37855744      93.600000     -74.655279 
 37855744      93.600000     -74.660137 
 37855744      93.600000     -74.659431 
 37855744      93.600000     -74.659539 
 37855744      93.600000     -74.659336 
 37855744      93.600000     -74.657745 
 37855744      93.600000     -74.652550 
 37855744      93.600000     -74.654329 
 37855744      93.600000     -74.654324 
 37855744      93.600000     -74.656101 
 37855744      93.600000     -74.654162 
 37855744      93.600000     -74.653664 
 37855744      93.600000     -74.651040 
 37855744      93.600000     -74.654106 
 37855744      93.600000     -74.652424 
 37855744      93.600000     -74.650302 
 37855744      93.600000     -74.653416 
 37855744      93.600000     -74.652803 
 37855744      93.600000     -74.656726 
 37855744      93.600000     -74.651465 
 37855744      93.600000     -74.654168 
 37855744      93.600000     -74.656237 
 37855744      93.600000     -74.652059 
 37855744      93.600000     -74.653789 
 37855744      93.600000     -74.655064 
 37855744      93.600000     -74.654239 
 37855744      93.600000     -74.655383 
 37855744      93.600000     -74.658478 
 37855744      93.600000     -74.656980 
 37855744      93.600000     -74.656386 
 37855744      93.600000     -74.660150 
 37855744      93.600000     -74.654855 
 37855744      93.600000     -74.657314 
 37855744      93.600000     -74.657868 
 37855744      93.600000     -74.657487 
 37855744      93.600000     -74.658287 
 37855744      93.600000     -74.660005 
 37855744      93.600000     -74.661120 
 37855744      93.600000     -74.658766 
 37855744      93.600000     -74.657802 
 37855744      93.600000     -74.657746 
 37855744      93.600000     -74.660134 
 37855744      93.600000     -74.660073 
 37855744      93.600000     -74.659919 
 37855744      93.600000     -74.660616 
 37855744      93.600000     -74.660286 
 37855744      93.600000     -74.658359 
 37855744      93.600000     -74.658042 
 37855744      93.600000     -74.658889 
 37855744      93.600000     -74.658053 
 37855744      93.600000     -74.657204 
 37855744      93.600000     -74.658368 
 37855744      93.600000     -74.655389 
 37855744      93.600000     -74.656977 
 37855744      93.600000     -74.656750 
 37855744       0.400000     -74.651876 
 37855744      93.600000     -74.660624 
 37855744      93.600000     -74.657254 
 37855744      93.600000     -74.651599 
 37855744      93.600000     -74.655085 
 37855744      93.600000     -74.649511 
 37855744      93.600000     -74.654254 
 37855744      93.600000     -74.650915 
 37855744      93.600000     -74.654738 
 37855744      93.600000     -74.652440 
 37855744      93.600000     -74.655366 
 37855744      93.600000     -74.650536 
 37855744      93.600000     -74.657011 
 37855744      93.600000     -74.655783 
 37855744      93.600000     -74.653248 
 37855744      93.600000     -74.653716 
 37855744      93.600000     -74.656668 
 37855744      93.600000     -74.651695 
 37855744      93.600000     -74.654189 
 37855744      93.600000     -74.656618 
 37855744      93.600000     -74.652662 
 37855744      93.600000     -74.655288 
 37855744      93.600000     -74.655127 
 37855744      93.600000     -74.657216 
 37855744      93.600000     -74.658901 
 37855744      93.600000     -74.659081 
 37855744      93.600000     -74.657315 
 37855744      93.600000     -74.659540 
 37855744      93.600000     -74.658081 
 37855744      93.600000     -74.655327 
 37855744      93.600000     -74.655995 
 37855744      93.600000     -74.657674 
 37855744      93.600000     -74.658048 
 37855744      93.600000     -74.662212 
 37855744      93.600000     -74.661566 
 37855744      93.600000     -74.655229 
 37855744      93.600000     -74.657811 
 37855744      93.600000     -74.659471 
 37855744      93.600000     -74.658869 
 37855744      93.600000     -74.652442 
 37855744      93.600000     -74.656728 
 37855744      93.600000     -74.657835 
 37855488       0.400000     109.847422 
 37855488      10.400000     109.847595 
 37855488      93.600000     109.848929 
 37855488      93.600000     109.845918 
 37855488      93.600000     109.842918 
 37855488      93.600000     109.846540 
 37855488      93.600000     109.846180 
 37855488      93.600000     109.847969 
 37855488      93.600000     109.843754 
 37855488      93.600000     109.843893 
 37855488      93.600000     109.843770 
 37855488      93.600000     109.849590 
 37855488      93.600000     109.842451 
 37855488      93.600000     109.844874 
 37855488      93.600000     109.846891 
 37855488      93.600000     109.848429 
 37855488      93.600000     109.850783 
 37855488      93.600000     109.850445 
 37855488      93.600000     109.850268 
 37855488      93.600000     109.843221 
 37855488      93.600000     109.847071 
 37855488      93.600000     109.847217 
 37855488      93.600000     109.843477 
 37855488      93.600000     109.846025 
 37855488      93.600000     109.849277 
 37855488      93.600000     109.846565 
 37855488      93.600000     109.847332 
 37855488      93.600000     109.853688 
 37855488      93.600000     109.853160 
 37855488      93.600000     109.854056 
 37855488      93.600000     109.853723 
 37855488      93.600000     109.853792 
 37855488      93.600000     109.851459 
 37855488      93.600000     109.852959 
 37855488      93.600000     109.853310 
 37855488      93.600000     109.850404 
 37855488      93.600000     109.851485 
 37855488      93.600000     109.852017 
 37855488      93.600000     109.852643 
 37855488      93.600000     109.851626 
 37855488      93.600000     109.852790 
 37855488      93.600000     109.854017 
 37855488      93.600000     109.854922 
 37855488      93.600000     109.855854 
 37855488      93.600000     109.854405 
 37855488      93.600000     109.853665 
 37855488      93.600000     109.852019 
 37855488      93.600000     109.850408 
 37855488      93.600000     109.853189 
 37855488      93.600000     109.851843 
 37855488      93.600000     109.847546 
 37855488      93.600000     109.848055 
 37855488      93.600000     109.846747 
 37855488      93.600000     109.848091 
 37855488      93.600000     109.846663 
 37855488      93.600000     109.845747 
 37855488      93.600000     109.842607 
 37855488      93.600000     109.849347 
 37855488      93.600000     109.845126 
 37855488      93.600000     109.847907 
 37855488      93.600000     109.845442 
 37855488      93.600000     109.847063 
 37855488      93.600000     109.843304 
 37855488      93.600000     109.848158 
 37855488      93.600000     109.849852 
 37855488      93.600000     109.842983 
 37855488      93.600000     109.844054 
 37855488      93.600000     109.845609 
 37855488      93.600000     109.846391 
 37855488      93.600000     109.849115 
 37855488      93.600000     109.849680 
 37855488      93.600000     109.847065 
 37855488      93.600000     109.849095 
 37855488      93.600000     109.847665 
 37855488      93.600000     109.846334 
 37855488      93.600000     109.854562 
 37855488      93.600000     109.851144 
 37855488      93.600000     109.849625 
 37855488      93.600000     109.856617 
 37855488      93.600000     109.850856 
 37855488      93.600000     109.848338 
 37855488      93.600000     109.852362 
 37855488      93.600000     109.853298 
 37855488      93.600000     109.853873 
 37855488      93.600000     109.854400 
 37855488      93.600000     109.848152 
 37855488      93.600000     109.855357 
 37855488      93.600000     109.856972 
 37855488      93.600000     109.859712 
 37855488      93.600000     109.856721 
 37855488      93.600000     109.854274 
 37855488      93.600000     109.855160 
 37855488      93.600000     109.852802 
 37855488      93.600000     109.854264 
 37855488      93.600000     109.850494 
 37855488      93.600000     109.848789 
 37855488      93.600000     109.848014 
 37855488      93.600000     109.849189 
 37855488      93.600000     109.843720 
 37855488      93.600000     109.848814 
 37855488      93.600000     109.845814 
 37855488      93.600000     109.850149 
 37855488      93.600000     109.848383 
 37855488      93.600000     109.847263 
 37855488      93.600000     109.848722 
 37855488      93.600000     109.842091 
 37855488      93.600000     109.842155 
 37855488      93.600000     109.846106 
 37855488      93.600000     109.848740 
 37855488      93.600000     109.850573 
 37855488      93.600000     109.852149 
 37855488      93.600000     109.849923 
 37855488      93.600000     109.847148 
 37855488      93.600000     109.843567 
 37855488      93.600000     109.844910 
 37855488      93.600000     109.846770 
 37855488      93.600000     109.845920 
 37855488      93.600000     109.850310 
 37855488      93.600000     109.852974 
 37855488      93.600000     109.853344 
 37855488      93.600000     109.849471 
 37855488      93.600000     109.852578 
 37855488      93.600000     109.852315 
 37855488      93.600000     109.851093 
 37855488      93.600000     109.848983 
 37855488      93.600000     109.853594 
 37855488      93.600000     109.852564 
 37855488      93.600000     109.855669 
 37855488      93.600000     109.853449 
 37855488      93.600000     109.850209 
 37855488      93.600000     109.850672 
 37855488      93.600000     109.854107 
 37855488      93.600000     109.850699 
 37855488      93.600000     109.852031 
 37855488      93.600000     109.852136 
 37855488      93.600000     109.853013 
 37855488      93.600000     109.848530 
 37855488      93.600000     109.852665 
 37855488      93.600000     109.856091 
 37855488      93.600000     109.850143 
 37855488      93.600000     109.849055 
 37855488      93.600000     109.847692 
 37855488      93.600000     109.851318 
 37855488      93.600000     109.844394 
 37855488      93.600000     109.845178 
 37855488      93.600000     109.846029 
 37855488      93.600000     109.847718 
 37855488      93.600000     109.852298 
 37855488      93.600000     109.848020 
 37855488      93.600000     109.845874 
 37855488      93.600000     109.847835 
 37855488      93.600000     109.851733 
 37855488      93.600000     109.850204 
 37855488      93.600000     109.856514 
 37855488      93.600000     109.848220 
 37855488      93.600000     109.851639 
 37855488      93.600000     109.846109 
 37855488      93.600000     109.843881 
 37855488      93.600000     109.843448 
 37855488      93.600000     109.851825 
 37855488      93.600000     109.847754 
 37855488      93.600000     109.855038 
 37855488      93.600000     109.851753 
 37855488      93.600000     109.851448 
 37855488      93.600000     109.853368 
 37855488      93.600000     109.852568 
 37855488      93.600000     109.855390 
 37855488      93.600000     109.853232 
 37855488      93.600000     109.849640 
 37855488      93.600000     109.854466 
 37855488      93.600000     109.851063 
 37855488      93.600000     109.853978 
 37855488      93.600000     109.857261 
 37855488      93.600000     109.854446 
 37855488      93.600000     109.849864 
 37855488      93.600000     109.855567 
 37855488      93.600000     109.853671 
 37855488      93.600000     109.857900 
 37855488      93.600000     109.849133 
 37855488      93.600000     109.853892 
 37855488      93.600000     109.852410 
 37855488      93.600000     109.853252 
 46133760      93.600000     108.559503 
 46133760      93.600000     108.564330 
 46133760      93.600000     108.568157 
 46133760      93.600000     108.569149 
 46133760      93.600000     108.568955 
 46133760      93.600000     108.567838 
 46133760      93.600000     108.564251 
 46133760      93.600000     108.570064 
 46133760      93.600000     108.567316 
 46133760      93.600000     108.568024 
 46133760      93.600000     108.570151 
 46133760      93.600000     108.563289 
 46133760      93.600000     108.564900 
 46133760      93.600000     108.568997 
 46133760      93.600000     108.568291 
 46133760      93.600000     108.568548 
 46133760      93.600000     108.569907 
 46133760      93.600000     108.565526 
 46133760      93.600000     108.569608 
 46133760      93.600000     108.569353 
 46133760      93.600000     108.559644 
 46133760      93.600000     108.567544 
 46133760      93.600000     108.565335 
 46133760      93.600000     108.566416 
 46133760      93.600000     108.566179 
 46133760      93.600000     108.564914 
 46133760      93.600000     108.569390 
 46133760      93.600000     108.569134 
 46133760      93.600000     108.568497 
 46133760      93.600000     108.564157 
 46133760      93.600000     108.564457 
 46133760      93.600000     108.568364 
 46133760      93.600000     108.566476 
 46133760      93.600000     108.572950 
 46133760      93.600000     108.562999 
 46133760      93.600000     108.565533 
 46133760      93.600000     108.567415 
 46133760      93.600000     108.566830 
 46133760      93.600000     108.565356 
 46133760      93.600000     108.566909 
 46133760      93.600000     108.569685 
 46133760      93.600000     108.561225 
 46133760      93.600000     108.570300 
 46133760      93.600000     108.569781 
 46133760      93.600000     108.566704 
 46133760      93.600000     108.571394 
 46133760      93.600000     108.569105 
 46133760      93.600000     108.561820 
 46133760      93.600000     108.564444 
 46133760      93.600000     108.568473 
 46133760      93.600000     108.565708 
 46133760      93.600000     108.570772 
 46133760      93.600000     108.568519 
 46133760      93.600000     108.577687 
 46133760      93.600000     108.575377 
 46133760      93.600000     108.574928 
 46133760      93.600000     108.566169 
 46133760      93.600000     108.570781 
 46133760      93.600000     108.573854 
 46133760      93.600000     108.568665 
 46133760      93.600000     108.573320 
 46133760      93.600000     108.568610 
 46133760      93.600000     108.566826 
 46133760      93.600000     108.570538 
 46133760      93.600000     108.575868 
 46133760      93.600000     108.567213 
 46133760      93.600000     108.570848 
 46133760      93.600000     108.568230 
 46133760      93.600000     108.574349 
 46133760      93.600000     108.573577 
 46133760      93.600000     108.566880 
 46133760      93.600000     108.571038 
 46133760      93.600000     108.575020 
 46133760      93.600000     108.571089 
 46133760      93.600000     108.572645 
 46133760      93.600000     108.572530 
 46133760      93.600000     108.574069 
 46133760      93.600000     108.576481 
 46133760      93.600000     108.567724 
 46133760      93.600000     108.569596 
 46133760      93.600000     108.572573 
 46133760      93.600000     108.566479 
 46133760      93.600000     108.569780 
 46133760      93.600000     108.570297 
 46133760      93.600000     108.568483 
 46133760      93.600000     108.568436 
 46133760      93.600000     108.570931 
 46133760      93.600000     108.566234 
 46133760      93.600000     108.570292 
 46133760      93.600000     108.571624 
 46133760      93.600000     108.573110 
 46133760      93.600000     108.570762 
 46133760      93.600000     108.571562 
 46133760      93.600000     108.571029 
 46133760      93.600000     108.573888 
 46133760      93.600000     108.569203 
 46133760      93.600000     108.576272 
 46133760      93.600000     108.569959 
 46133760      93.600000     108.573283 
 46133760      93.600000     108.572317 
 46133760      93.600000     108.572424 
 46133760      93.600000     108.571982 
 46133760      93.600000     108.570225 
 46133760      93.600000     108.575701 
 46133760      93.600000     108.573048 
 46133760      93.600000     108.576987 
 46133760      93.600000     108.569065 
 46133760      93.600000     108.572096 
 46133760      93.600000     108.575975 
 46133760      93.600000     108.574410 
 46133760      93.600000     108.569466 
 46133760      93.600000     108.574625 
 46133760      93.600000     108.576630 
 46133760      93.600000     108.571475 
 46133760      93.600000     108.567186 
 46133760      93.600000     108.576112 
 46133760      93.600000     108.570629 
 46133760      93.600000     108.572881 
 46133760      93.600000     108.572698 
 46133760      10.400000     108.559557 
 46133760      93.600000     108.566232 
 46133760      93.600000     108.564458 
 46133760      93.600000     108.567099 
 46133760      93.600000     108.562706 
 46133760      93.600000     108.567158 
 46133760      93.600000     108.568741 
 46133760      93.600000     108.566109 
 46133760      93.600000     108.566721 
 46133760      93.600000     108.564953 
 46133760      93.600000     108.567577 
 46133760      93.600000     108.566037 
 46133760      93.600000     108.571179 
 46133760      93.600000     108.567159 
 46133760      93.600000     108.566710 
 46133760      93.600000     108.568294 
 46133760      93.600000     108.570222 
 46133760      93.600000     108.568681 
 46133760      93.600000     108.569806 
 46133760      93.600000     108.563103 
 46133760      93.600000     108.569587 
 46133760      93.600000     108.566552 
 46133760      93.600000     108.564801 
 46133760      93.600000     108.567251 
 46133760      93.600000     108.569488 
 46133760      93.600000     108.563735 
 46133760      93.600000     108.568692 
 46133760      93.600000     108.569485 
 46133760      93.600000     108.570527 
 46133760      93.600000     108.564697 
 46133760      93.600000     108.563810 
 46133760      93.600000     108.564564 
 46133760      93.600000     108.565976 
 46133760      93.600000     108.566969 
 46133760      93.600000     108.565956 
 46133760      93.600000     108.565107 
 46133760      93.600000     108.561908 
 46133760      93.600000     108.565042 
 46133760      93.600000     108.565176 
 46133760      93.600000     108.562156 
 46133760      93.600000     108.568075 
 46133760      93.600000     108.569745 
 46133760      93.600000     108.568662 
 46133760      93.600000     108.569022 
 46133760      93.600000     108.574068 
 46133760      93.600000     108.565373 
 46133760      93.600000     108.566596 
 46133760      93.600000     108.564778 
 46133760      93.600000     108.565171 
 46133760      93.600000     108.571935 
 46133760      93.600000     108.567833 
 46133760      93.600000     108.564676 
 46133760      93.600000     108.560821 
 46133760      93.600000     108.563939 
 46133760      93.600000     108.563668 
 46133760      93.600000     108.573591 
 46133760      93.600000     108.568815 
 46133760      93.600000     108.575310 
 46133760      93.600000     108.567480 
 46133760      93.600000     108.571617 
 46133760      93.600000     108.570216 
 46133760      93.600000     108.567036 
 46133760      93.600000     108.568864 
 46133760      93.600000     108.569213 
 46133760      93.600000     108.569692 
 46133760      93.600000     108.568072 
 46133760      93.600000     108.570629 
 46133760      93.600000     108.569068 
 46133760      93.600000     108.568981 
 46133760      93.600000     108.573555 
 46133760      93.600000     108.567125 
 46133760      93.600000     108.567280 
 46133760      93.600000     108.569254 
 46133760      93.600000     108.565864 
 46133760      93.600000     108.573104 
 46133760      93.600000     108.569819 
 46133760      93.600000     108.569409 
 46133760      93.600000     108.570027 
 46133760      93.600000     108.575088 
 46133760      93.600000     108.569556 
 46133760      93.600000     108.568074 
 46133760      93.600000     108.572570 
 46133760      93.600000     108.572319 
 46133760      93.600000     108.574965 
 46133760      93.600000     108.574884 
 46133760      93.600000     108.567885 
 46133760      93.600000     108.569454 
 46133760      93.600000     108.570259 
 46133760      93.600000     108.571639 
 46133760      93.600000     108.569602 
 46133760      93.600000     108.569086 
 46133760      93.600000     108.567884 
 46133760      93.600000     108.571993 
 46133760      93.600000     108.576973 
 46133760      93.600000     108.574888 
 46133760      93.600000     108.572845 
 46133760      93.600000     108.576720 
 46133760      93.600000     108.571436 
 46133760      93.600000     108.574144 
 46133760      93.600000     108.572645 
 46133760      93.600000     108.574037 
 46133760      93.600000     108.577257 
 46133760      93.600000     108.568714 
 46133760      93.600000     108.571390 
 46133760      93.600000     108.570288 
 46133760      93.600000     108.570751 
 46133760      93.600000     108.572576 
 46133760      93.600000     108.571628 
 46133760      93.600000     108.567318 
 46133760      93.600000     108.572822 
 46133760      93.600000     108.575722 
 46133760      93.600000     108.576040 
 46133760      93.600000     108.565761 
 46133760      93.600000     108.568541 
 46133760      93.600000     108.571077 
 46133760       0.400000     108.559427 
 46133760      93.600000     108.563939 
 46133760      93.600000     108.565137 
 46133760      93.600000     108.563910 
 46133760      93.600000     108.567915 
 46133760      93.600000     108.566532 
 46133760      93.600000     108.568581 
 46133760      93.600000     108.568273 
 46133760      93.600000     108.567703 
 46133760      93.600000     108.567142 
 46133760      93.600000     108.569459 
 46133760      93.600000     108.569193 
 46133760      93.600000     108.566818 
 46133760      93.600000     108.567302 
 46133760      93.600000     108.571533 
 46133760      93.600000     108.569287 
 46133760      93.600000     108.564189 
 46133760      93.600000     108.567676 
 46133760      93.600000     108.567165 
 46133760      93.600000     108.564428 
 46133760      93.600000     108.570052 
 46133760      93.600000     108.567558 
 46133760      93.600000     108.567941 
 46133760      93.600000     108.570254 
 46133760      93.600000     108.565792 
 46133760      93.600000     108.564532 
 46133760      93.600000     108.572220 
 46133760      93.600000     108.560416 
 46133760      93.600000     108.569583 
 46133760      93.600000     108.569708 
 46133760      93.600000     108.566761 
 46133760      93.600000     108.570649 
 46133760      93.600000     108.560455 
 46133760      93.600000     108.567269 
 46133760      93.600000     108.565116 
 46133760      93.600000     108.567993 
 46133760      93.600000     108.567809 
 46133760      93.600000     108.566226 
 46133760      93.600000     108.566033 
 46133760      93.600000     108.570292 
 46133760      93.600000     108.570919 
 46133760      93.600000     108.568649 
 46133760      93.600000     108.564247 
 46133760      93.600000     108.567298 
 46133760      93.600000     108.569191 
 46133760      93.600000     108.565226 
 46133760      93.600000     108.569099 
 46133760      93.600000     108.566889 
 46133760      93.600000     108.563530 
 46133760      93.600000     108.564994 
 46133760      93.600000     108.568547 
 46133760      93.600000     108.564929 
 46133760      93.600000     108.568662 
 46133760      93.600000     108.565591 
 46133760      93.600000     108.561064 
 46133760      93.600000     108.566471 
 46133760      93.600000     108.567177 
 46133760      93.600000     108.567916 
 46133760      93.600000     108.565052 
 46133760      93.600000     108.577728 
 46133760      93.600000     108.577403 
 46133760      93.600000     108.566537 
 46133760      93.600000     108.569445 
 46133760      93.600000     108.572794 
 46133760      93.600000     108.569285 
 46133760      93.600000     108.573558 
 46133760      93.600000     108.570816 
 46133760      93.600000     108.566561 
 46133760      93.600000     108.574296 
 46133760      93.600000     108.566972 
 46133760      93.600000     108.571273 
 46133760      93.600000     108.566444 
 46133760      93.600000     108.572197 
 46133760      93.600000     108.569766 
 46133760      93.600000     108.569940 
 46133760      93.600000     108.569357 
 46133760      93.600000     108.577106 
 46133760      93.600000     108.570128 
 46133760      93.600000     108.575423 
 46133760      93.600000     108.573912 
 46133760      93.600000     108.569455 
 46133760      93.600000     108.573164 
 46133760      93.600000     108.574061 
 46133760      93.600000     108.576848 
 46133760      93.600000     108.570019 
 46133760      93.600000     108.566151 
 46133760      93.600000     108.575027 
 46133760      93.600000     108.573051 
 46133760      93.600000     108.572902 
 46133760      93.600000     108.568999 
 46133760      93.600000     108.577623 
 46133760      93.600000     108.564639 
 46133760      93.600000     108.570973 
 46133760      93.600000     108.572764 
 46133760      93.600000     108.564014 
 46133760      93.600000     108.567373 
 46133760      93.600000     108.566993 
 46133760      93.600000     108.570145 
 46133760      93.600000     108.570388 
 46133760      93.600000     108.572218 
 46133760      93.600000     108.566245 
 46133760      93.600000     108.571663 
 46133760      93.600000     108.576520 
 46133760      93.600000     108.568993 
 46133760      93.600000     108.568852 
 46133760      93.600000     108.571740 
 46133760      93.600000     108.569430 
 46133760      93.600000     108.563066 
 46133760      93.600000     108.564258 
 46133760      93.600000     108.567160 
 46133760      93.600000     108.566058 
 46133760      93.600000     108.563583 
 46133760      93.600000     108.565636 
 46133760      93.600000     108.566957 
 46133760      93.600000     108.564634 
 46133760      93.600000     108.569994 
 46133760      93.600000     108.565597 
 46133760      93.600000     108.568577 
 46133760      93.600000     108.562254 
 46133760      93.600000     108.565904 
 46133760      93.600000     108.563643 
 46133760      93.600000     108.564340 
 46133760      93.600000     108.565642 
 46133760      93.600000     108.571828 
 46133760      93.600000     108.568513 
 46133760      93.600000     108.569313 
 46133760      93.600000     108.563706 
 46133760      93.600000     108.566921 
 46133760      93.600000     108.570244 
 46133760      93.600000     108.567921 
 46133760      93.600000     108.572126 
 46133760      93.600000     108.564670 
 46133760      93.600000     108.564013 
 46133760      93.600000     108.573023 
 46133760      93.600000     108.564684 
 46133760      93.600000     108.568180 
 46133760      93.600000     108.564402 
 46133760      93.600000     108.568845 
 46133760      93.600000     108.564270 
 46133760      93.600000     108.566547 
 46133760      93.600000     108.565498 
 46133760      93.600000     108.567233 
 46133760      93.600000     108.568855 
 46133760      93.600000     108.563567 
 46133760      93.600000     108.568764 
 46133760      93.600000     108.567372 
 46133760      93.600000     108.564569 
 46133760      93.600000     108.563905 
 46133760      93.600000     108.566193 
 46133760      93.600000     108.566737 
 46133760      93.600000     108.569350 
 46133760      93.600000     108.570656 
 46133760      93.600000     108.569503 
 46133760      93.600000     108.565237 
 46133760      93.600000     108.561948 
 46133760      93.600000     108.566161 
 46133760      93.600000     108.565518 
 46133760      93.600000     108.564966 
 46133760      93.600000     108.563882 
 46133760      93.600000     108.568128 
 46133760      93.600000     108.564043 
 46133760      93.600000     108.566092 
 46133760      93.600000     108.561915 
 46133760      93.600000     108.562899 
 46133760      93.600000     108.563316 
 46133760      93.600000     108.565594 
 46133760      93.600000     108.577503 
 46133760      93.600000     108.579970 
 46133760      93.600000     108.569166 
 46133760      93.600000     108.567587 
 46133760      93.600000     108.573896 
 46133760      93.600000     108.572923 
 46133760      93.600000     108.574435 
 46133760      93.600000     108.570750 
 46133760      93.600000     108.570004 
 46133760      93.600000     108.568408 
 46133760      93.600000     108.570763 
 46133760      93.600000     108.569728 
 46133760      93.600000     108.570821 
 46133760      93.600000     108.574394 
 46133760      93.600000     108.571651 
 46133760      93.600000     108.574629 
 46133760      93.600000     108.572925 
 46133760      93.600000     108.570132 
 46133760      93.600000     108.570246 
 46133760      93.600000     108.573328 
 46133760      93.600000     108.565746 
 46133760      93.600000     108.565650 
 46133760      93.600000     108.570285 
 46133760      93.600000     108.569611 
 46133760      93.600000     108.571101 
 46133760      93.600000     108.565059 
 46133760      93.600000     108.570985 
 46133760      93.600000     108.572882 
 46133760      93.600000     108.574511 
 46133760      93.600000     108.573484 
 46133760      93.600000     108.569755 
 46133760      93.600000     108.573145 
 46133760      93.600000     108.575135 
 46133760      93.600000     108.575854 
 46133760      93.600000     108.566649 
 46133760      93.600000     108.574887 
 46133760      93.600000     108.575124 
 46133760      93.600000     108.563703 
 46133760      93.600000     108.567132 
 46133760      93.600000     108.569319 
 46133760      93.600000     108.568748 
 46133760      93.600000     108.572212 
 46133760      93.600000     108.568004 
 46133760      93.600000     108.569564 
 46133760      93.600000     108.571938 
 46133760      93.600000     108.569269 
 46133760      93.600000     108.571086 
 46133760      93.600000     108.573502 
 46133760      93.600000     108.569053 
 46133760      93.600000     108.573742 
 46133760      93.600000     108.569504 
 46133760      93.600000     108.569196 
 46136320      93.600000     110.045712 
 46136320      93.600000     110.048266 
 46136320      93.600000     110.047950 
 46136320      93.600000     110.047854 
 46136320      93.600000     110.044482 
 46136320      93.600000     110.044847 
 46136320      93.600000     110.048255 
 46136320      93.600000     110.044614 
 46136320      93.600000     110.049450 
 46136320      93.600000     110.044972 
 46136320      93.600000     110.045082 
 46136320      93.600000     110.045318 
 46136320      93.600000     110.045508 
 46136320      93.600000     110.040885 
 46136320      93.600000     110.044886 
 46136320      93.600000     110.047737 
 46136320      93.600000     110.044447 
 46136320      93.600000     110.047821 
 46136320      93.600000     110.046021 
 46136320      93.600000     110.046758 
 46136320      93.600000     110.045270 
 46136320      93.600000     110.046725 
 46136320      93.600000     110.047045 
 46136320      93.600000     110.047226 
 46136320      93.600000     110.044995 
 46136320      93.600000     110.044306 
 46136320      93.600000     110.043907 
 46136320      93.600000     110.043349 
 46136320      93.600000     110.047163 
 46136320      93.600000     110.045152 
 46136320      93.600000     110.042525 
 46136320      93.600000     110.045903 
 46136320      93.600000     110.045311 
 46136320      93.600000     110.043955 
 46136320      93.600000     110.045712 
 46136320      93.600000     110.045727 
 46136320      93.600000     110.049077 
 46136320      93.600000     110.044229 
 46136320      93.600000     110.046912 
 46136320      93.600000     110.043713 
 46136320      93.600000     110.046478 
 46136320      93.600000     110.047592 
 46136320      93.600000     110.042413 
 46136320      93.600000     110.040609 
 46136320      93.600000     110.045523 
 46136320      93.600000     110.046092 
 46136320      93.600000     110.048496 
 46136320      93.600000     110.045161 
 46136320      93.600000     110.046582 
 46136320      93.600000     110.045641 
 46136320      93.600000     110.047757 
 46136320      93.600000     110.046395 
 46136320      93.600000     110.044619 
 46136320      93.600000     110.045454 
 46136320      93.600000     110.044785 
 46136320      93.600000     110.045605 
 46136320      93.600000     110.042291 
 46136320      93.600000     110.047087 
 46136320      93.600000     110.046811 
 46136320      93.600000     110.051008 
 46136320      93.600000     110.052912 
 46136320      93.600000     110.050240 
 46136320      93.600000     110.049742 
 46136320      93.600000     110.048716 
 46136320      93.600000     110.054881 
 46136320      93.600000     110.053784 
 46136320      93.600000     110.051315 
 46136320      93.600000     110.049607 
 46136320      93.600000     110.048588 
 46136320      93.600000     110.052619 
 46136320      93.600000     110.050942 
 46136320      93.600000     110.050113 
 46136320      93.600000     110.047635 
 46136320      93.600000     110.049971 
 46136320      93.600000     110.049830 
 46136320      93.600000     110.048699 
 46136320      93.600000     110.056499 
 46136320      93.600000     110.051267 
 46136320      93.600000     110.047187 
 46136320      93.600000     110.050402 
 46136320      93.600000     110.050486 
 46136320      93.600000     110.048816 
 46136320      93.600000     110.047281 
 46136320      93.600000     110.049239 
 46136320      93.600000     110.050183 
 46136320      93.600000     110.048345 
 46136320      93.600000     110.048598 
 46136320      93.600000     110.050755 
 46136320      93.600000     110.052943 
 46136320      93.600000     110.049471 
 46136320      93.600000     110.051424 
 46136320      93.600000     110.050921 
 46136320      93.600000     110.049139 
 46136320      93.600000     110.050090 
 46136320      93.600000     110.048634 
 46136320      93.600000     110.048585 
 46136320      93.600000     110.050479 
 46136320      93.600000     110.049363 
 46136320      93.600000     110.047319 
 46136320      93.600000     110.050720 
 46136320      93.600000     110.048076 
 46136320      93.600000     110.051312 
 46136320      93.600000     110.053024 
 46136320      93.600000     110.051999 
 46136320      93.600000     110.046559 
 46136320      93.600000     110.048767 
 46136320      93.600000     110.052104 
 46136320      93.600000     110.050214 
 46136320      93.600000     110.053762 
 46136320      93.600000     110.053779 
 46136320      93.600000     110.055424 
 46136320      93.600000     110.053190 
 46136320      93.600000     110.048762 
 46136320      93.600000     110.052179 
 46136320      93.600000     110.048400 
 46136320      93.600000     110.051564 
 46136320       0.400000     110.045547 
 46136320      93.600000     110.049743 
 46136320      93.600000     110.045300 
 46136320      93.600000     110.048104 
 46136320      93.600000     110.044907 
 46136320      93.600000     110.049617 
 46136320      93.600000     110.049283 
 46136320      93.600000     110.044884 
 46136320      93.600000     110.046453 
 46136320      93.600000     110.046688 
 46136320      93.600000     110.044316 
 46136320      93.600000     110.044838 
 46136320      93.600000     110.048527 
 46136320      93.600000     110.045446 
 46136320      93.600000     110.041300 
 46136320      93.600000     110.050311 
 46136320      93.600000     110.046399 
 46136320      93.600000     110.047231 
 46136320      93.600000     110.044374 
 46136320      93.600000     110.048301 
 46136320      93.600000     110.043780 
 46136320      93.600000     110.045095 
 46136320      93.600000     110.045726 
 46136320      93.600000     110.048655 
 46136320      93.600000     110.044904 
 46136320      93.600000     110.044272 
 46136320      93.600000     110.042019 
 46136320      93.600000     110.045641 
 46136320      93.600000     110.047360 
 46136320      93.600000     110.046242 
 46136320      93.600000     110.044283 
 46136320      93.600000     110.048557 
 46136320      93.600000     110.047640 
 46136320      93.600000     110.045507 
 46136320      93.600000     110.047504 
 46136320      93.600000     110.046064 
 46136320      93.600000     110.043698 
 46136320      93.600000     110.039791 
 46136320      93.600000     110.043397 
 46136320      93.600000     110.046471 
 46136320      93.600000     110.042610 
 46136320      93.600000     110.043300 
 46136320      93.600000     110.048394 
 46136320      93.600000     110.047229 
 46136320      93.600000     110.043654 
 46136320      93.600000     110.048267 
 46136320      93.600000     110.047085 
 46136320      93.600000     110.046434 
 46136320      93.600000     110.044698 
 46136320      93.600000     110.045111 
 46136320      93.600000     110.047164 
 46136320      93.600000     110.041725 
 46136320      93.600000     110.044575 
 46136320      93.600000     110.040400 
 46136320      93.600000     110.040909 
 46136320      93.600000     110.046488 
 46136320      93.600000     110.046471 
 46136320      93.600000     110.048008 
 46136320      93.600000     110.041208 
 46136320      93.600000     110.047535 
 46136320      93.600000     110.051069 
 46136320      93.600000     110.053279 
 46136320      93.600000     110.048373 
 46136320      93.600000     110.050094 
 46136320      93.600000     110.051755 
 46136320      93.600000     110.046849 
 46136320      93.600000     110.049837 
 46136320      93.600000     110.052505 
 46136320      93.600000     110.051706 
 46136320      93.600000     110.050693 
 46136320      93.600000     110.049611 
 46136320      93.600000     110.048807 
 46136320      93.600000     110.050993 
 46136320      93.600000     110.054435 
 46136320      93.600000     110.047834 
 46136320      93.600000     110.053818 
 46136320      93.600000     110.048444 
 46136320      93.600000     110.049354 
 46136320      93.600000     110.050046 
 46136320      93.600000     110.050490 
 46136320      93.600000     110.049191 
 46136320      93.600000     110.053994 
 46136320      93.600000     110.050902 
 46136320      93.600000     110.048569 
 46136320      93.600000     110.051249 
 46136320      93.600000     110.049386 
 46136320      93.600000     110.048188 
 46136320      93.600000     110.050177 
 46136320      93.600000     110.049934 
 46136320      93.600000     110.051625 
 46136320      93.600000     110.049453 
 46136320      93.600000     110.051390 
 46136320      93.600000     110.050947 
 46136320      93.600000     110.050053 
 46136320      93.600000     110.049664 
 46136320      93.600000     110.048911 
 46136320      93.600000     110.052142 
 46136320      93.600000     110.049202 
 46136320      93.600000     110.044153 
 46136320      93.600000     110.051011 
 46136320      93.600000     110.050397 
 46136320      93.600000     110.047403 
 46136320      93.600000     110.052284 
 46136320      93.600000     110.052494 
 46136320      93.600000     110.051222 
 46136320      93.600000     110.054784 
 46136320      93.600000     110.049882 
 46136320      93.600000     110.053435 
 46136320      93.600000     110.053327 
 46136320      93.600000     110.047346 
 46136320      93.600000     110.053509 
 46136320      93.600000     110.051052 
 46136320      93.600000     110.051280 
 46136320      93.600000     110.051891 
 46136320      93.600000     110.048182 
 46136320      93.600000     110.046967 
 46136320      93.600000     110.044817 
 46136320      93.600000     110.045520 
 46136320      93.600000     110.046516 
 46136320      93.600000     110.048034 
 46136320      93.600000     110.044324 
 46136320      93.600000     110.046763 
 46136320      93.600000     110.043651 
 46136320      93.600000     110.046169 
 46136320      93.600000     110.044948 
 46136320      93.600000     110.048009 
 46136320      93.600000     110.042933 
 46136320      93.600000     110.045008 
 46136320      93.600000     110.045449 
 46136320      93.600000     110.045523 
 46136320      93.600000     110.040989 
 46136320      93.600000     110.046174 
 46136320      93.600000     110.047663 
 46136320      93.600000     110.047240 
 46136320      93.600000     110.045057 
 46136320      93.600000     110.046963 
 46136320      93.600000     110.043208 
 46136320      93.600000     110.042074 
 46136320      93.600000     110.042326 
 46136320      93.600000     110.046720 
 46136320      93.600000     110.042606 
 46136320      93.600000     110.042416 
 46136320      93.600000     110.044885 
 46136320      93.600000     110.047926 
 46136320      93.600000     110.043033 
 46136320      93.600000     110.043022 
 46136320      93.600000     110.044244 
 46136320      93.600000     110.045208 
 46136320      93.600000     110.041507 
 46136320      93.600000     110.048201 
 46136320      93.600000     110.042298 
 46136320      93.600000     110.044697 
 46136320      93.600000     110.047341 
 46136320      93.600000     110.043257 
 46136320      93.600000     110.045964 
 46136320      93.600000     110.048238 
 46136320      93.600000     110.044782 
 46136320      93.600000     110.047314 
 46136320      93.600000     110.043990 
 46136320      93.600000     110.044105 
 46136320      93.600000     110.045372 
 46136320      93.600000     110.047853 
 46136320      93.600000     110.046539 
 46136320      93.600000     110.044434 
 46136320      93.600000     110.042856 
 46136320      93.600000     110.045592 
 46136320      93.600000     110.045092 
 46136320      93.600000     110.048470 
 46136320      93.600000     110.054477 
 46136320      93.600000     110.048649 
 46136320      93.600000     110.054076 
 46136320      93.600000     110.050353 
 46136320      93.600000     110.053704 
 46136320      93.600000     110.049790 
 46136320      93.600000     110.051336 
 46136320      93.600000     110.050814 
 46136320      93.600000     110.052083 
 46136320      93.600000     110.051819 
 46136320      93.600000     110.050107 
 46136320      93.600000     110.044194 
 46136320      93.600000     110.048689 
 46136320      93.600000     110.051645 
 46136320      93.600000     110.051401 
 46136320      93.600000     110.046995 
 46136320      93.600000     110.051034 
 46136320      93.600000     110.051563 
 46136320      93.600000     110.053289 
 46136320      93.600000     110.052752 
 46136320      93.600000     110.047456 
 46136320      93.600000     110.050419 
 46136320      93.600000     110.048503 
 46136320      93.600000     110.049920 
 46136320      93.600000     110.052394 
 46136320      93.600000     110.050502 
 46136320      93.600000     110.051266 
 46136320      93.600000     110.050441 
 46136320      93.600000     110.049598 
 46136320      93.600000     110.050819 
 46136320      93.600000     110.048801 
 46136320      93.600000     110.053528 
 46136320      93.600000     110.050733 
 46136320      93.600000     110.050352 
 46136320      93.600000     110.050268 
 46136320      93.600000     110.052135 
 46136320      93.600000     110.052679 
 46136320      93.600000     110.051433 
 46136320      93.600000     110.048409 
 46136320      93.600000     110.049593 
 46136320      93.600000     110.053020 
 46136320      93.600000     110.048785 
 46136320      93.600000     110.048510 
 46136320      93.600000     110.048664 
 46136320      93.600000     110.048720 
 46136320      93.600000     110.049798 
 46136320      93.600000     110.051142 
 46136320      93.600000     110.045768 
 46136320      93.600000     110.052495 
 46136320      93.600000     110.051286 
 46136320      93.600000     110.051939 
 46136320      93.600000     110.051199 
 46136320      93.600000     110.047630 
 46136320      93.600000     110.053812 
 46136320      93.600000     110.051490 
 46136320      93.600000     110.051342 
 46136320      93.600000     110.052286 
 46136320      93.600000     110.049937 
 46136320      93.600000     110.049582 
 46136320      93.600000     110.050158 
 46136320      93.600000     110.051898 
 46136320      10.400000     110.045670 
 46136320      93.600000     110.052523 
 46136320      93.600000     110.045489 
 46136320      93.600000     110.045559 
 46136320      93.600000     110.045431 
 46136320      93.600000     110.044455 
 46136320      93.600000     110.047033 
 46136320      93.600000     110.046876 
 46136320      93.600000     110.045219 
 46136320      93.600000     110.049639 
 46136320      93.600000     110.046184 
 46136320      93.600000     110.048399 
 46136320      93.600000     110.044931 
 46136320      93.600000     110.041203 
 46136320      93.600000     110.040742 
 46136320      93.600000     110.043246 
 46136320      93.600000     110.047211 
 46136320      93.600000     110.047514 
 46136320      93.600000     110.044925 
 46136320      93.600000     110.043285 
 46136320      93.600000     110.040952 
 46136320      93.600000     110.043797 
 46136320      93.600000     110.046148 
 46136320      93.600000     110.044479 
 46136320      93.600000     110.044984 
 46136320      93.600000     110.047517 
 46136320      93.600000     110.048105 
 46136320      93.600000     110.046196 
 46136320      93.600000     110.042548 
 46136320      93.600000     110.045057 
 46136320      93.600000     110.045970 
 46136320      93.600000     110.038806 
 46136320      93.600000     110.046413 
 46136320      93.600000     110.047341 
 46136320      93.600000     110.050249 
 46136320      93.600000     110.047404 
 46136320      93.600000     110.041709 
 46136320      93.600000     110.047036 
 46136320      93.600000     110.045458 
 46136320      93.600000     110.042895 
 46136320      93.600000     110.047293 
 46136320      93.600000     110.049267 
 46136320      93.600000     110.047630 
 46136320      93.600000     110.047098 
 46136320      93.600000     110.043006 
 46136320      93.600000     110.048541 
 46136320      93.600000     110.044060 
 46136320      93.600000     110.052153 
 46136320      93.600000     110.047079 
 46136320      93.600000     110.044261 
 46136320      93.600000     110.048991 
 46136320      93.600000     110.045638 
 46136320      93.600000     110.047153 
 46136320      93.600000     110.050204 
 46136320      93.600000     110.040565 
 46136320      93.600000     110.048957 
 46136320      93.600000     110.049985 
 46136320      93.600000     110.053750 
 46136320      93.600000     110.051340 
 46136320      93.600000     110.050637 
 46136320      93.600000     110.051997 
 46136320      93.600000     110.049387 
 46136320      93.600000     110.048105 
 46136320      93.600000     110.049262 
 46136320      93.600000     110.047824 
 46136320      93.600000     110.051692 
 46136320      93.600000     110.047586 
 46136320      93.600000     110.050955 
 46136320      93.600000     110.049163 
 46136320      93.600000     110.049309 
 46136320      93.600000     110.054086 
 46136320      93.600000     110.047382 
 46136320      93.600000     110.051489 
 46136320      93.600000     110.051289 
 46136320      93.600000     110.045324 
 46136320      93.600000     110.052300 
 46136320      93.600000     110.050588 
 46136320      93.600000     110.048962 
 46136320      93.600000     110.052189 
 46136320      93.600000     110.050433 
 46136320      93.600000     110.048259 
 46136320      93.600000     110.048598 
 46136320      93.600000     110.051028 
 46136320      93.600000     110.053925 
 46136320      93.600000     110.050744 
 46136320      93.600000     110.049396 
 46136320      93.600000     110.051814 
 46136320      93.600000     110.051104 
 46136320      93.600000     110.052524 
 46136320      93.600000     110.049813 
 46136320      93.600000     110.048095 
 46136320      93.600000     110.048991 
 46136320      93.600000     110.047172 
 46136320      93.600000     110.051918 
 46136320      93.600000     110.047450 
 46136320      93.600000     110.052634 
 46136320      93.600000     110.049711 
 46136320      93.600000     110.050765 
 46136320      93.600000     110.047054 
 46136320      93.600000     110.054977 
 46136320      93.600000     110.050587 
 46136320      93.600000     110.051853 
 46136320      93.600000     110.053310 
 46136320      93.600000     110.050530 
 46136320      93.600000     110.053364 
 46136320      93.600000     110.052524 
 46136320      93.600000     110.053594 
