## MACS1149 IRAC ch1 observations
# 1 AOR
# 2 EXPTIME
# 3 CROTA2
 46129920      93.600000      72.980028 
 46129920      93.600000      72.980885 
 46129920      93.600000      72.978908 
 46129920      93.600000      72.978771 
 46129920      93.600000      72.976491 
 46129920      93.600000      72.988199 
 46129920      93.600000      72.988250 
 46129920      93.600000      72.977807 
 46129920      93.600000      72.982226 
 46129920      93.600000      72.986855 
 46129920      93.600000      72.991905 
 46129920      93.600000      72.991434 
 46129920      93.600000      72.983037 
 46129920      93.600000      72.980343 
 46129920      93.600000      72.987635 
 46129920      93.600000      72.985141 
 46129920      93.600000      72.986886 
 46129920      93.600000      72.976653 
 46129920      93.600000      72.978401 
 46129920      93.600000      72.978047 
 46129920      93.600000      72.986713 
 46129920      93.600000      72.992087 
 46129920      93.600000      72.985243 
 46129920      93.600000      72.990250 
 46129920      93.600000      72.983949 
 46129920      93.600000      72.989572 
 46129920      93.600000      72.981812 
 46129920      93.600000      72.984966 
 46129920      93.600000      72.973584 
 46129920      93.600000      72.981546 
 46129920      93.600000      72.987906 
 46129920      93.600000      72.986660 
 46129920      93.600000      72.977965 
 46129920      93.600000      72.983353 
 46129920      93.600000      72.986150 
 46129920      93.600000      72.981202 
 46129920      93.600000      72.989510 
 46129920      93.600000      72.977817 
 46129920      93.600000      72.987936 
 46129920      93.600000      72.988257 
 46129920      93.600000      72.986473 
 46129920      93.600000      72.985905 
 46129920      93.600000      72.981895 
 46129920      93.600000      72.991111 
 46129920      93.600000      72.986516 
 46129920      93.600000      72.984220 
 46129920      93.600000      72.980889 
 46129920      93.600000      72.981669 
 46129920      93.600000      72.982016 
 46129920      93.600000      72.991654 
 46129920      93.600000      72.975081 
 46129920      93.600000      72.996321 
 46129920      93.600000      72.987496 
 46129920      93.600000      72.987861 
 46129920      93.600000      72.984026 
 46129920      93.600000      72.986769 
 46129920      93.600000      72.984805 
 46129920      93.600000      72.998331 
 46129920      93.600000      72.993203 
 46129920      93.600000      73.002592 
 46129920      93.600000      72.993877 
 46129920      93.600000      72.990662 
 46129920      93.600000      72.985145 
 46129920      93.600000      73.001224 
 46129920      93.600000      72.997058 
 46129920      93.600000      72.997944 
 46129920      93.600000      72.989153 
 46129920      93.600000      72.993871 
 46129920      93.600000      72.996746 
 46129920      93.600000      73.001982 
 46129920      93.600000      72.999166 
 46129920      93.600000      72.992420 
 46129920      93.600000      72.999300 
 46129920      93.600000      72.994335 
 46129920      93.600000      72.993007 
 46129920      93.600000      73.002895 
 46129920      93.600000      72.986931 
 46129920      93.600000      72.999418 
 46129920      93.600000      72.989587 
 46129920      93.600000      72.999280 
 46129920      93.600000      72.992226 
 46129920      93.600000      73.002014 
 46129920      93.600000      72.991018 
 46129920      93.600000      73.001001 
 46129920      93.600000      72.992978 
 46129920      93.600000      72.998902 
 46129920      93.600000      72.992599 
 46129920      93.600000      73.004001 
 46129920      93.600000      72.996046 
 46129920      93.600000      73.001763 
 46129920      93.600000      72.992554 
 46129920      93.600000      72.982169 
 46129920      93.600000      72.995898 
 46129920      93.600000      72.991074 
 46129920      93.600000      72.995254 
 46129920      93.600000      72.990255 
 46129920      93.600000      73.002620 
 46129920      93.600000      73.002879 
 46129920      93.600000      72.997363 
 46129920      93.600000      73.001159 
 46129920      93.600000      73.002431 
 46129920      93.600000      72.989166 
 46129920      93.600000      72.989494 
 46129920      93.600000      72.993479 
 46129920      93.600000      72.996308 
 46129920      93.600000      72.996049 
 46129920      93.600000      72.991677 
 46129920      93.600000      73.006046 
 46129920      93.600000      72.988811 
 46129920      93.600000      73.001283 
 46129920      93.600000      72.993330 
 46129920      93.600000      72.992245 
 46129920       0.400000      72.983933 
 46129920      93.600000      72.982547 
 46129920      93.600000      72.983774 
 46129920      93.600000      72.996597 
 46129920      93.600000      72.977908 
 46129920      93.600000      72.992999 
 46129920      93.600000      72.984720 
 46129920      93.600000      72.993720 
 46129920      93.600000      72.979454 
 46129920      93.600000      72.991024 
 46129920      93.600000      72.985165 
 46129920      93.600000      72.987675 
 46129920      93.600000      72.987520 
 46129920      93.600000      72.981144 
 46129920      93.600000      72.988731 
 46129920      93.600000      72.990957 
 46129920      93.600000      72.991390 
 46129920      93.600000      72.985877 
 46129920      93.600000      72.978028 
 46129920      93.600000      72.990387 
 46129920      93.600000      72.981170 
 46129920      93.600000      72.986716 
 46129920      93.600000      72.995053 
 46129920      93.600000      72.987689 
 46129920      93.600000      72.985402 
 46129920      93.600000      72.979142 
 46129920      93.600000      72.986493 
 46129920      93.600000      72.980427 
 46129920      93.600000      72.988528 
 46129920      93.600000      72.986915 
 46129920      93.600000      72.986266 
 46129920      93.600000      72.977165 
 46129920      93.600000      72.984032 
 46129920      93.600000      72.976703 
 46129920      93.600000      72.985944 
 46129920      93.600000      72.986907 
 46129920      93.600000      72.976972 
 46129920      93.600000      72.982498 
 46129920      93.600000      72.981887 
 46129920      93.600000      72.982032 
 46129920      93.600000      72.984971 
 46129920      93.600000      72.981428 
 46129920      93.600000      73.004033 
 46129920      93.600000      72.988978 
 46129920      93.600000      72.988823 
 46129920      93.600000      72.988229 
 46129920      93.600000      72.988112 
 46129920      93.600000      72.986708 
 46129920      93.600000      72.985144 
 46129920      93.600000      72.988010 
 46129920      93.600000      72.980139 
 46129920      93.600000      72.986807 
 46129920      93.600000      72.986229 
 46129920      93.600000      72.981853 
 46129920      93.600000      72.986955 
 46129920      93.600000      72.983117 
 46129920      93.600000      72.982897 
 46129920      93.600000      72.999923 
 46129920      93.600000      73.001640 
 46129920      93.600000      72.986293 
 46129920      93.600000      72.997163 
 46129920      93.600000      72.991932 
 46129920      93.600000      72.992181 
 46129920      93.600000      73.002616 
 46129920      93.600000      73.005841 
 46129920      93.600000      72.997330 
 46129920      93.600000      72.990506 
 46129920      93.600000      73.005155 
 46129920      93.600000      72.987601 
 46129920      93.600000      72.988159 
 46129920      93.600000      72.995009 
 46129920      93.600000      72.991009 
 46129920      93.600000      72.994048 
 46129920      93.600000      73.003942 
 46129920      93.600000      72.998563 
 46129920      93.600000      72.997634 
 46129920      93.600000      72.999770 
 46129920      93.600000      72.998146 
 46129920      93.600000      73.009791 
 46129920      93.600000      72.994540 
 46129920      93.600000      73.003527 
 46129920      93.600000      72.993888 
 46129920      93.600000      72.996864 
 46129920      93.600000      73.001138 
 46129920      93.600000      72.994724 
 46129920      93.600000      72.987475 
 46129920      93.600000      73.002453 
 46129920      93.600000      72.994646 
 46129920      93.600000      72.992878 
 46129920      93.600000      73.004507 
 46129920      93.600000      73.003012 
 46129920      93.600000      72.999377 
 46129920      93.600000      72.996815 
 46129920      93.600000      72.998567 
 46129920      93.600000      73.004124 
 46129920      93.600000      72.995720 
 46129920      93.600000      73.003312 
 46129920      93.600000      72.994807 
 46129920      93.600000      73.005587 
 46129920      93.600000      72.997608 
 46129920      93.600000      72.996864 
 46129920      93.600000      73.000618 
 46129920      93.600000      72.991512 
 46129920      93.600000      72.995093 
 46129920      93.600000      73.001007 
 46129920      93.600000      72.995398 
 46129920      93.600000      73.007444 
 46129920      93.600000      73.001743 
 46129920      93.600000      73.003935 
 46129920      93.600000      72.998756 
 46129920      93.600000      73.006080 
 46129920      93.600000      72.983723 
 46129920      93.600000      72.986019 
 46129920      93.600000      72.987766 
 46129920      93.600000      72.992096 
 46129920      93.600000      72.992091 
 46129920      93.600000      72.992217 
 46129920      93.600000      72.980446 
 46129920      93.600000      72.983338 
 46129920      93.600000      72.986604 
 46129920      93.600000      72.993001 
 46129920      93.600000      72.988678 
 46129920      93.600000      72.989985 
 46129920      93.600000      72.983096 
 46129920      93.600000      72.983923 
 46129920      93.600000      72.978139 
 46129920      93.600000      72.983879 
 46129920      93.600000      72.977439 
 46129920      93.600000      72.988236 
 46129920      93.600000      72.981363 
 46129920      93.600000      72.981678 
 46129920      93.600000      72.984652 
 46129920      93.600000      72.987490 
 46129920      93.600000      72.976648 
 46129920      93.600000      72.981020 
 46129920      93.600000      72.990418 
 46129920      93.600000      72.982149 
 46129920      93.600000      72.984868 
 46129920      93.600000      72.983734 
 46129920      93.600000      72.980206 
 46129920      93.600000      72.986515 
 46129920      93.600000      72.993804 
 46129920      93.600000      72.984808 
 46129920      93.600000      72.988663 
 46129920      93.600000      72.987954 
 46129920      93.600000      72.982359 
 46129920      93.600000      72.986496 
 46129920      93.600000      72.985635 
 46129920      93.600000      72.979785 
 46129920      93.600000      72.977612 
 46129920      93.600000      72.988019 
 46129920      93.600000      72.987373 
 46129920      93.600000      72.978929 
 46129920      93.600000      72.984261 
 46129920      93.600000      72.985278 
 46129920      93.600000      72.978579 
 46129920      93.600000      72.982534 
 46129920      93.600000      72.980358 
 46129920      93.600000      72.981779 
 46129920      93.600000      72.982309 
 46129920      93.600000      72.975923 
 46129920      93.600000      72.993706 
 46129920      93.600000      72.984204 
 46129920      93.600000      72.985184 
 46129920      93.600000      72.983723 
 46129920      93.600000      72.987328 
 46129920      93.600000      72.999790 
 46129920      93.600000      72.991164 
 46129920      93.600000      72.993777 
 46129920      93.600000      72.999756 
 46129920      93.600000      72.992999 
 46129920      93.600000      72.987369 
 46129920      93.600000      72.993212 
 46129920      93.600000      72.992438 
 46129920      93.600000      72.994003 
 46129920      93.600000      72.998283 
 46129920      93.600000      72.989502 
 46129920      93.600000      72.994630 
 46129920      93.600000      72.992218 
 46129920      93.600000      73.005391 
 46129920      93.600000      72.998821 
 46129920      93.600000      72.994232 
 46129920      93.600000      72.990920 
 46129920      93.600000      72.993859 
 46129920      93.600000      72.999980 
 46129920      93.600000      72.997057 
 46129920      93.600000      72.999760 
 46129920      93.600000      73.005261 
 46129920      93.600000      72.996652 
 46129920      93.600000      72.991311 
 46129920      93.600000      72.994833 
 46129920      93.600000      72.997330 
 46129920      93.600000      72.998512 
 46129920      93.600000      72.998287 
 46129920      93.600000      73.000099 
 46129920      93.600000      72.993240 
 46129920      93.600000      72.994766 
 46129920      93.600000      72.999398 
 46129920      93.600000      72.993741 
 46129920      93.600000      73.004822 
 46129920      93.600000      72.995588 
 46129920      93.600000      72.991153 
 46129920      93.600000      72.995395 
 46129920      93.600000      72.995258 
 46129920      93.600000      72.998791 
 46129920      93.600000      72.998503 
 46129920      93.600000      72.995750 
 46129920      93.600000      72.998504 
 46129920      93.600000      73.005985 
 46129920      93.600000      73.001487 
 46129920      93.600000      72.993939 
 46129920      93.600000      73.007903 
 46129920      93.600000      73.006439 
 46129920      93.600000      72.995957 
 46129920      93.600000      73.002345 
 46129920      93.600000      72.995426 
 46129920      93.600000      72.996123 
 46129920      93.600000      72.999868 
 46129920      93.600000      73.001459 
 46129920      93.600000      73.001188 
 46129920      93.600000      73.003438 
 46129920      10.400000      72.983683 
 46129920      93.600000      72.979316 
 46129920      93.600000      72.981105 
 46129920      93.600000      72.991596 
 46129920      93.600000      72.979452 
 46129920      93.600000      72.989820 
 46129920      93.600000      72.982783 
 46129920      93.600000      72.986772 
 46129920      93.600000      72.984674 
 46129920      93.600000      72.980831 
 46129920      93.600000      72.986492 
 46129920      93.600000      72.990586 
 46129920      93.600000      72.986120 
 46129920      93.600000      72.983807 
 46129920      93.600000      72.976774 
 46129920      93.600000      72.986469 
 46129920      93.600000      72.988117 
 46129920      93.600000      72.982675 
 46129920      93.600000      72.978615 
 46129920      93.600000      72.976632 
 46129920      93.600000      72.985303 
 46129920      93.600000      72.970529 
 46129920      93.600000      72.982461 
 46129920      93.600000      72.980177 
 46129920      93.600000      72.988724 
 46129920      93.600000      72.991803 
 46129920      93.600000      72.982069 
 46129920      93.600000      72.985660 
 46129920      93.600000      72.982487 
 46129920      93.600000      72.983859 
 46129920      93.600000      72.983474 
 46129920      93.600000      72.985863 
 46129920      93.600000      72.986806 
 46129920      93.600000      72.975919 
 46129920      93.600000      72.987185 
 46129920      93.600000      72.986660 
 46129920      93.600000      72.981400 
 46129920      93.600000      72.976628 
 46129920      93.600000      72.987094 
 46129920      93.600000      72.980018 
 46129920      93.600000      72.988954 
 46129920      93.600000      72.982788 
 46129920      93.600000      72.982520 
 46129920      93.600000      72.982960 
 46129920      93.600000      72.988848 
 46129920      93.600000      72.990036 
 46129920      93.600000      72.993935 
 46129920      93.600000      72.979946 
 46129920      93.600000      72.987707 
 46129920      93.600000      72.977505 
 46129920      93.600000      72.977795 
 46129920      93.600000      72.981802 
 46129920      93.600000      72.979997 
 46129920      93.600000      72.977538 
 46129920      93.600000      72.988944 
 46129920      93.600000      72.990913 
 46129920      93.600000      72.988626 
 46129920      93.600000      72.992961 
 46129920      93.600000      72.993309 
 46129920      93.600000      72.990250 
 46129920      93.600000      72.994127 
 46129920      93.600000      73.001763 
 46129920      93.600000      73.001473 
 46129920      93.600000      72.998655 
 46129920      93.600000      72.995581 
 46129920      93.600000      72.993763 
 46129920      93.600000      73.005971 
 46129920      93.600000      73.003941 
 46129920      93.600000      72.992230 
 46129920      93.600000      72.993696 
 46129920      93.600000      72.993024 
 46129920      93.600000      73.001707 
 46129920      93.600000      72.994567 
 46129920      93.600000      72.993077 
 46129920      93.600000      73.008071 
 46129920      93.600000      72.999373 
 46129920      93.600000      73.004205 
 46129920      93.600000      73.002466 
 46129920      93.600000      72.996759 
 46129920      93.600000      72.992981 
 46129920      93.600000      72.984577 
 46129920      93.600000      72.996390 
 46129920      93.600000      72.998911 
 46129920      93.600000      73.001817 
 46129920      93.600000      73.001251 
 46129920      93.600000      72.999424 
 46129920      93.600000      72.994409 
 46129920      93.600000      72.988694 
 46129920      93.600000      72.997962 
 46129920      93.600000      72.992799 
 46129920      93.600000      73.004286 
 46129920      93.600000      72.994398 
 46129920      93.600000      72.997466 
 46129920      93.600000      73.005810 
 46129920      93.600000      72.994821 
 46129920      93.600000      72.990343 
 46129920      93.600000      73.000405 
 46129920      93.600000      72.994502 
 46129920      93.600000      72.994974 
 46129920      93.600000      72.998542 
 46129920      93.600000      73.001890 
 46129920      93.600000      72.992333 
 46129920      93.600000      72.990094 
 46129920      93.600000      73.000441 
 46129920      93.600000      73.008398 
 46129920      93.600000      72.996010 
 46129920      93.600000      73.007122 
 46129920      93.600000      72.995429 
 46129920      93.600000      72.992665 
 46129920      93.600000      72.990941 
 46129920      93.600000      72.994185 
 46129920      93.600000      73.001964 
 46129920      93.600000      73.000105 
 46129920      93.600000      72.996580 
 46129920      93.600000      72.999038 
 46129920      93.600000      72.993984 
 46129920      93.600000      72.996504 
 46129920      93.600000      72.991262 
 46129920      93.600000      73.000577 
 46127360       0.400000      68.397843 
 46127360      93.600000      68.397746 
 46127360      93.600000      68.396085 
 46127360      93.600000      68.390731 
 46127360      93.600000      68.401833 
 46127360      93.600000      68.390763 
 46127360      93.600000      68.388126 
 46127360      93.600000      68.386306 
 46127360      93.600000      68.380279 
 46127360      93.600000      68.393570 
 46127360      93.600000      68.393323 
 46127360      93.600000      68.387513 
 46127360      93.600000      68.387824 
 46127360      93.600000      68.387766 
 46127360      93.600000      68.386842 
 46127360      93.600000      68.389022 
 46127360      93.600000      68.395231 
 46127360      93.600000      68.390364 
 46127360      93.600000      68.392931 
 46127360      93.600000      68.390714 
 46127360      93.600000      68.394114 
 46127360      93.600000      68.390330 
 46127360      93.600000      68.394735 
 46127360      93.600000      68.389842 
 46127360      93.600000      68.399929 
 46127360      93.600000      68.392394 
 46127360      93.600000      68.383734 
 46127360      93.600000      68.399072 
 46127360      93.600000      68.392536 
 46127360      93.600000      68.398439 
 46127360      93.600000      68.398559 
 46127360      93.600000      68.392670 
 46127360      93.600000      68.388469 
 46127360      93.600000      68.386431 
 46127360      93.600000      68.394072 
 46127360      93.600000      68.386078 
 46127360      93.600000      68.385666 
 46127360      93.600000      68.396143 
 46127360      93.600000      68.385346 
 46127360      93.600000      68.387949 
 46127360      93.600000      68.391167 
 46127360      93.600000      68.382497 
 46127360      93.600000      68.406129 
 46127360      93.600000      68.395443 
 46127360      93.600000      68.385513 
 46127360      93.600000      68.392324 
 46127360      93.600000      68.388136 
 46127360      93.600000      68.390294 
 46127360      93.600000      68.381490 
 46127360      93.600000      68.396166 
 46127360      93.600000      68.389199 
 46127360      93.600000      68.388791 
 46127360      93.600000      68.389223 
 46127360      93.600000      68.411590 
 46127360      93.600000      68.405676 
 46127360      93.600000      68.405502 
 46127360      93.600000      68.398350 
 46127360      93.600000      68.398765 
 46127360      93.600000      68.403287 
 46127360      93.600000      68.408809 
 46127360      93.600000      68.407917 
 46127360      93.600000      68.412284 
 46127360      93.600000      68.412731 
 46127360      93.600000      68.410439 
 46127360      93.600000      68.408221 
 46127360      93.600000      68.407601 
 46127360      93.600000      68.407460 
 46127360      93.600000      68.411794 
 46127360      93.600000      68.396359 
 46127360      93.600000      68.400598 
 46127360      93.600000      68.404559 
 46127360      93.600000      68.400968 
 46127360      93.600000      68.403665 
 46127360      93.600000      68.408311 
 46127360      93.600000      68.410977 
 46127360      93.600000      68.408431 
 46127360      93.600000      68.408349 
 46127360      93.600000      68.405170 
 46127360      93.600000      68.404572 
 46127360      93.600000      68.402912 
 46127360      93.600000      68.403948 
 46127360      93.600000      68.418156 
 46127360      93.600000      68.400788 
 46127360      93.600000      68.403016 
 46127360      93.600000      68.404341 
 46127360      93.600000      68.405684 
 46127360      93.600000      68.406694 
 46127360      93.600000      68.404335 
 46127360      93.600000      68.410361 
 46127360      93.600000      68.405901 
 46127360      93.600000      68.405641 
 46127360      93.600000      68.404220 
 46127360      93.600000      68.407948 
 46127360      93.600000      68.400452 
 46127360      93.600000      68.409276 
 46127360      93.600000      68.403576 
 46127360      93.600000      68.413385 
 46127360      93.600000      68.400352 
 46127360      93.600000      68.401951 
 46127360      93.600000      68.402734 
 46127360      93.600000      68.407890 
 46127360      93.600000      68.410622 
 46127360      93.600000      68.404819 
 46127360      93.600000      68.403461 
 46127360      93.600000      68.412249 
 46127360      93.600000      68.404725 
 46127360      93.600000      68.409393 
 46127360      93.600000      68.410259 
 46127360      93.600000      68.407916 
 46127360      93.600000      68.415817 
 46127360      93.600000      68.404662 
 46127360      93.600000      68.409552 
 46127360      93.600000      68.404002 
 46127360      93.600000      68.401504 
 46127360      93.600000      68.404974 
 46127360      93.600000      68.405897 
 46127360      93.600000      68.399477 
 46127360      93.600000      68.405436 
 46127360      93.600000      68.406224 
 46127360      93.600000      68.411025 
 46127360      10.400000      68.397819 
 46127360      93.600000      68.385128 
 46127360      93.600000      68.386381 
 46127360      93.600000      68.386230 
 46127360      93.600000      68.391103 
 46127360      93.600000      68.381672 
 46127360      93.600000      68.389657 
 46127360      93.600000      68.391434 
 46127360      93.600000      68.399075 
 46127360      93.600000      68.379304 
 46127360      93.600000      68.390684 
 46127360      93.600000      68.381991 
 46127360      93.600000      68.389775 
 46127360      93.600000      68.383351 
 46127360      93.600000      68.390825 
 46127360      93.600000      68.391588 
 46127360      93.600000      68.394901 
 46127360      93.600000      68.385322 
 46127360      93.600000      68.386408 
 46127360      93.600000      68.395773 
 46127360      93.600000      68.394831 
 46127360      93.600000      68.392026 
 46127360      93.600000      68.385178 
 46127360      93.600000      68.379854 
 46127360      93.600000      68.386362 
 46127360      93.600000      68.390946 
 46127360      93.600000      68.383707 
 46127360      93.600000      68.384562 
 46127360      93.600000      68.386995 
 46127360      93.600000      68.392422 
 46127360      93.600000      68.394644 
 46127360      93.600000      68.390468 
 46127360      93.600000      68.394266 
 46127360      93.600000      68.392903 
 46127360      93.600000      68.391737 
 46127360      93.600000      68.393871 
 46127360      93.600000      68.393233 
 46127360      93.600000      68.394988 
 46127360      93.600000      68.397228 
 46127360      93.600000      68.384449 
 46127360      93.600000      68.378298 
 46127360      93.600000      68.385004 
 46127360      93.600000      68.397988 
 46127360      93.600000      68.391571 
 46127360      93.600000      68.397914 
 46127360      93.600000      68.389659 
 46127360      93.600000      68.395502 
 46127360      93.600000      68.385900 
 46127360      93.600000      68.389123 
 46127360      93.600000      68.401413 
 46127360      93.600000      68.393466 
 46127360      93.600000      68.389404 
 46127360      93.600000      68.390257 
 46127360      93.600000      68.390796 
 46127360      93.600000      68.388243 
 46127360      93.600000      68.385597 
 46127360      93.600000      68.386999 
 46127360      93.600000      68.390812 
 46127360      93.600000      68.389338 
 46127360      93.600000      68.395057 
 46127360      93.600000      68.390410 
 46127360      93.600000      68.386271 
 46127360      93.600000      68.403161 
 46127360      93.600000      68.396817 
 46127360      93.600000      68.412560 
 46127360      93.600000      68.408757 
 46127360      93.600000      68.404304 
 46127360      93.600000      68.402131 
 46127360      93.600000      68.398054 
 46127360      93.600000      68.413477 
 46127360      93.600000      68.405346 
 46127360      93.600000      68.404565 
 46127360      93.600000      68.400895 
 46127360      93.600000      68.408516 
 46127360      93.600000      68.409559 
 46127360      93.600000      68.410989 
 46127360      93.600000      68.410854 
 46127360      93.600000      68.406555 
 46127360      93.600000      68.403409 
 46127360      93.600000      68.410998 
 46127360      93.600000      68.413311 
 46127360      93.600000      68.400691 
 46127360      93.600000      68.394733 
 46127360      93.600000      68.408920 
 46127360      93.600000      68.398016 
 46127360      93.600000      68.411654 
 46127360      93.600000      68.414815 
 46127360      93.600000      68.405373 
 46127360      93.600000      68.406283 
 46127360      93.600000      68.404408 
 46127360      93.600000      68.402405 
 46127360      93.600000      68.396147 
 46127360      93.600000      68.409844 
 46127360      93.600000      68.405619 
 46127360      93.600000      68.409680 
 46127360      93.600000      68.412666 
 46127360      93.600000      68.403552 
 46127360      93.600000      68.402875 
 46127360      93.600000      68.409758 
 46127360      93.600000      68.408960 
 46127360      93.600000      68.399876 
 46127360      93.600000      68.409169 
 46127360      93.600000      68.403817 
 46127360      93.600000      68.405652 
 46127360      93.600000      68.408320 
 46127360      93.600000      68.405144 
 46127360      93.600000      68.400277 
 46127360      93.600000      68.401302 
 46127360      93.600000      68.407688 
 46127360      93.600000      68.414851 
 46127360      93.600000      68.409707 
 46127360      93.600000      68.413854 
 46127360      93.600000      68.404557 
 46127360      93.600000      68.405817 
 46127360      93.600000      68.402705 
 46127360      93.600000      68.416651 
 46127360      93.600000      68.406111 
 46127360      93.600000      68.404522 
 46127360      93.600000      68.401599 
 46127360      93.600000      68.406181 
 46127360      93.600000      68.408384 
 46127360      93.600000      68.404763 
 46127360      93.600000      68.408718 
 46127360      93.600000      68.381016 
 46127360      93.600000      68.392616 
 46127360      93.600000      68.391963 
 46127360      93.600000      68.394778 
 46127360      93.600000      68.392485 
 46127360      93.600000      68.386921 
 46127360      93.600000      68.388225 
 46127360      93.600000      68.386702 
 46127360      93.600000      68.386717 
 46127360      93.600000      68.392988 
 46127360      93.600000      68.390598 
 46127360      93.600000      68.392128 
 46127360      93.600000      68.392768 
 46127360      93.600000      68.397770 
 46127360      93.600000      68.389103 
 46127360      93.600000      68.383835 
 46127360      93.600000      68.393727 
 46127360      93.600000      68.387407 
 46127360      93.600000      68.393473 
 46127360      93.600000      68.393891 
 46127360      93.600000      68.392742 
 46127360      93.600000      68.393069 
 46127360      93.600000      68.397513 
 46127360      93.600000      68.395837 
 46127360      93.600000      68.399605 
 46127360      93.600000      68.393470 
 46127360      93.600000      68.387437 
 46127360      93.600000      68.383407 
 46127360      93.600000      68.389122 
 46127360      93.600000      68.399066 
 46127360      93.600000      68.386405 
 46127360      93.600000      68.392710 
 46127360      93.600000      68.391423 
 46127360      93.600000      68.396493 
 46127360      93.600000      68.393880 
 46127360      93.600000      68.393199 
 46127360      93.600000      68.396152 
 46127360      93.600000      68.391760 
 46127360      93.600000      68.399514 
 46127360      93.600000      68.389684 
 46127360      93.600000      68.390547 
 46127360      93.600000      68.386745 
 46127360      93.600000      68.396106 
 46127360      93.600000      68.386645 
 46127360      93.600000      68.387329 
 46127360      93.600000      68.385214 
 46127360      93.600000      68.382638 
 46127360      93.600000      68.384635 
 46127360      93.600000      68.384794 
 46127360      93.600000      68.388163 
 46127360      93.600000      68.390120 
 46127360      93.600000      68.386289 
 46127360      93.600000      68.391291 
 46127360      93.600000      68.385497 
 46127360      93.600000      68.381429 
 46127360      93.600000      68.389244 
 46127360      93.600000      68.388857 
 46127360      93.600000      68.390080 
 46127360      93.600000      68.385177 
 46127360      93.600000      68.387618 
 46127360      93.600000      68.383657 
 46127360      93.600000      68.383256 
 46127360      93.600000      68.392705 
 46127360      93.600000      68.409262 
 46127360      93.600000      68.404555 
 46127360      93.600000      68.407004 
 46127360      93.600000      68.414847 
 46127360      93.600000      68.411021 
 46127360      93.600000      68.411059 
 46127360      93.600000      68.408630 
 46127360      93.600000      68.414064 
 46127360      93.600000      68.412194 
 46127360      93.600000      68.410005 
 46127360      93.600000      68.403357 
 46127360      93.600000      68.411935 
 46127360      93.600000      68.408862 
 46127360      93.600000      68.409022 
 46127360      93.600000      68.401188 
 46127360      93.600000      68.413913 
 46127360      93.600000      68.401972 
 46127360      93.600000      68.405734 
 46127360      93.600000      68.410597 
 46127360      93.600000      68.405714 
 46127360      93.600000      68.408228 
 46127360      93.600000      68.401890 
 46127360      93.600000      68.403633 
 46127360      93.600000      68.406194 
 46127360      93.600000      68.403595 
 46127360      93.600000      68.403540 
 46127360      93.600000      68.407384 
 46127360      93.600000      68.393499 
 46127360      93.600000      68.399343 
 46127360      93.600000      68.420594 
 46127360      93.600000      68.412263 
 46127360      93.600000      68.410526 
 46127360      93.600000      68.403568 
 46127360      93.600000      68.412547 
 46127360      93.600000      68.406601 
 46127360      93.600000      68.405495 
 46127360      93.600000      68.408613 
 46127360      93.600000      68.405912 
 46127360      93.600000      68.403513 
 46127360      93.600000      68.398317 
 46127360      93.600000      68.402434 
 46127360      93.600000      68.406251 
 46127360      93.600000      68.400344 
 46127360      93.600000      68.408091 
 46127360      93.600000      68.406148 
 46127360      93.600000      68.402785 
 46127360      93.600000      68.408066 
 46127360      93.600000      68.420450 
 46127360      93.600000      68.405141 
 46127360      93.600000      68.407771 
 46127360      93.600000      68.409671 
 46127360      93.600000      68.417721 
 46127360      93.600000      68.406592 
 46127360      93.600000      68.408069 
 46127360      93.600000      68.402713 
 46127360      93.600000      68.401290 
 46127360      93.600000      68.393434 
 46127360      93.600000      68.389366 
 46127360      93.600000      68.388269 
 46127360      93.600000      68.395300 
 46127360      93.600000      68.396163 
 46127360      93.600000      68.396653 
 46127360      93.600000      68.390873 
 46127360      93.600000      68.393628 
 46127360      93.600000      68.394547 
 46127360      93.600000      68.386007 
 46127360      93.600000      68.391083 
 46127360      93.600000      68.391254 
 46127360      93.600000      68.390730 
 46127360      93.600000      68.386677 
 46127360      93.600000      68.385396 
 46127360      93.600000      68.386512 
 46127360      93.600000      68.392780 
 46127360      93.600000      68.391564 
 46127360      93.600000      68.382876 
 46127360      93.600000      68.389161 
 46127360      93.600000      68.387708 
 46127360      93.600000      68.390848 
 46127360      93.600000      68.396006 
 46127360      93.600000      68.389526 
 46127360      93.600000      68.412741 
 46127360      93.600000      68.391725 
 46127360      93.600000      68.392078 
 46127360      93.600000      68.393667 
 46127360      93.600000      68.385355 
 46127360      93.600000      68.398139 
 46127360      93.600000      68.383171 
 46127360      93.600000      68.379683 
 46127360      93.600000      68.391118 
 46127360      93.600000      68.389103 
 46127360      93.600000      68.384350 
 46127360      93.600000      68.395749 
 46127360      93.600000      68.388487 
 46127360      93.600000      68.398772 
 46127360      93.600000      68.387767 
 46127360      93.600000      68.395578 
 46127360      93.600000      68.390745 
 46127360      93.600000      68.378734 
 46127360      93.600000      68.388260 
 46127360      93.600000      68.386077 
 46127360      93.600000      68.390035 
 46127360      93.600000      68.386648 
 46127360      93.600000      68.394697 
 46127360      93.600000      68.386767 
 46127360      93.600000      68.394285 
 46127360      93.600000      68.390600 
 46127360      93.600000      68.403702 
 46127360      93.600000      68.399307 
 46127360      93.600000      68.398100 
 46127360      93.600000      68.396351 
 46127360      93.600000      68.399180 
 46127360      93.600000      68.390577 
 46127360      93.600000      68.392028 
 46127360      93.600000      68.391276 
 46127360      93.600000      68.387138 
 46127360      93.600000      68.393487 
 46127360      93.600000      68.387138 
 46127360      93.600000      68.393174 
 46127360      93.600000      68.389537 
 46127360      93.600000      68.397596 
 46127360      93.600000      68.408789 
 46127360      93.600000      68.405400 
 46127360      93.600000      68.408544 
 46127360      93.600000      68.404323 
 46127360      93.600000      68.408643 
 46127360      93.600000      68.410440 
 46127360      93.600000      68.406567 
 46127360      93.600000      68.414068 
 46127360      93.600000      68.415694 
 46127360      93.600000      68.402527 
 46127360      93.600000      68.410312 
 46127360      93.600000      68.414138 
 46127360      93.600000      68.403705 
 46127360      93.600000      68.404628 
 46127360      93.600000      68.411356 
 46127360      93.600000      68.412242 
 46127360      93.600000      68.413395 
 46127360      93.600000      68.414143 
 46127360      93.600000      68.410270 
 46127360      93.600000      68.396665 
 46127360      93.600000      68.409290 
 46127360      93.600000      68.402886 
 46127360      93.600000      68.406062 
 46127360      93.600000      68.400841 
 46127360      93.600000      68.400544 
 46127360      93.600000      68.407926 
 46127360      93.600000      68.399903 
 46127360      93.600000      68.402722 
 46127360      93.600000      68.399841 
 46127360      93.600000      68.407414 
 46127360      93.600000      68.410833 
 46127360      93.600000      68.410024 
 46127360      93.600000      68.409195 
 46127360      93.600000      68.410077 
 46127360      93.600000      68.407130 
 46127360      93.600000      68.404233 
 46127360      93.600000      68.407701 
 46127360      93.600000      68.404225 
 46127360      93.600000      68.412108 
 46127360      93.600000      68.399474 
 46127360      93.600000      68.394960 
 46127360      93.600000      68.400968 
 46127360      93.600000      68.396502 
 46127360      93.600000      68.405743 
 46127360      93.600000      68.414167 
 46127360      93.600000      68.412614 
 46127360      93.600000      68.406959 
 46127360      93.600000      68.408591 
 46127360      93.600000      68.406075 
 46127360      93.600000      68.402491 
 46127360      93.600000      68.406363 
 46127360      93.600000      68.414684 
 46127360      93.600000      68.411942 
 46127360      93.600000      68.410971 
 46127360      93.600000      68.402427 
 46127360      93.600000      68.405896 
 31468288       0.400000      63.217803 
 31468288      93.600000      63.218487 
 31468288      93.600000      63.214817 
 31468288      93.600000      63.213513 
 31468288      93.600000      63.215637 
 31468288      93.600000      63.212022 
 31468288      93.600000      63.224657 
 31468288      93.600000      63.218534 
 31468288      93.600000      63.212876 
 31468288      93.600000      63.214437 
 31468288      93.600000      63.221505 
 31468288      93.600000      63.215035 
 31468288      93.600000      63.217601 
 31468288      93.600000      63.218908 
 31468288      93.600000      63.218965 
 31468288      93.600000      63.206584 
 31468288      93.600000      63.217575 
 31468288      93.600000      63.209154 
 31468288      93.600000      63.203808 
 31468288      93.600000      63.208262 
 31468288      93.600000      63.215273 
 31468288      93.600000      63.217102 
 31468288      93.600000      63.234678 
 31468288      93.600000      63.238232 
 31468288      93.600000      63.230017 
 31468288      93.600000      63.240021 
 31468288      93.600000      63.238192 
 31468288      93.600000      63.228758 
 31468288      93.600000      63.238927 
 31468288      93.600000      63.236877 
 31468288      93.600000      63.238283 
 31468288      93.600000      63.237914 
 31468288      93.600000      63.237731 
 31468288      93.600000      63.231170 
 31468288      93.600000      63.230054 
 31468288      93.600000      63.232744 
 31468288      93.600000      63.237705 
 31468288      93.600000      63.236894 
 31468288      93.600000      63.229403 
 31468288      93.600000      63.240498 
 31468288      93.600000      63.236360 
 31468288      93.600000      63.234101 
 31468288      93.600000      63.235382 
 31468288      93.600000      63.237254 
 31468288      93.600000      63.246997 
 31468288      93.600000      63.244964 
 31468288      93.600000      63.217580 
 31468288      93.600000      63.218054 
 31468288      93.600000      63.213279 
 31468288      93.600000      63.212803 
 31468288      93.600000      63.222698 
 31468288      93.600000      63.210506 
 31468288      93.600000      63.214124 
 31468288      93.600000      63.211483 
 31468288      93.600000      63.215485 
 31468288      93.600000      63.214155 
 31468288      93.600000      63.217290 
 31468288      93.600000      63.213293 
 31468288      93.600000      63.215052 
 31468288      93.600000      63.217964 
 31468288      93.600000      63.220880 
 31468288      93.600000      63.213962 
 31468288      93.600000      63.210202 
 31468288      93.600000      63.209037 
 31468288      93.600000      63.211931 
 31468288      93.600000      63.213940 
 31468288      93.600000      63.209959 
 31468288      93.600000      63.224630 
 31468288      93.600000      63.233544 
 31468288      93.600000      63.235722 
 31468288      93.600000      63.236659 
 31468288      93.600000      63.240602 
 31468288      93.600000      63.235219 
 31468288      93.600000      63.241209 
 31468288      93.600000      63.229416 
 31468288      93.600000      63.237538 
 31468288      93.600000      63.235225 
 31468288      93.600000      63.235011 
 31468288      93.600000      63.240599 
 31468288      93.600000      63.234395 
 31468288      93.600000      63.231574 
 31468288      93.600000      63.226469 
 31468288      93.600000      63.231673 
 31468288      93.600000      63.240649 
 31468288      93.600000      63.247551 
 31468288      93.600000      63.243281 
 31468288      93.600000      63.237229 
 31468288      93.600000      63.218321 
 31468288      93.600000      63.218591 
 31468288      93.600000      63.215848 
 31468288      93.600000      63.219619 
 31468288      93.600000      63.211029 
 31468288      93.600000      63.208051 
 31468288      93.600000      63.223547 
 31468288      93.600000      63.213262 
 31468288      93.600000      63.225770 
 31468288      93.600000      63.207341 
 31468288      93.600000      63.213396 
 31468288      93.600000      63.222818 
 31468288      93.600000      63.218330 
 31468288      93.600000      63.218868 
 31468288      93.600000      63.214686 
 31468288      93.600000      63.222973 
 31468288      93.600000      63.215947 
 31468288      93.600000      63.216662 
 31468288      93.600000      63.216149 
 31468288      93.600000      63.211143 
 31468288      93.600000      63.218558 
 31468288      93.600000      63.216057 
 31468288      93.600000      63.204306 
 31468288      93.600000      63.220979 
 31468288      93.600000      63.212925 
 31468288      93.600000      63.215247 
 31468288      93.600000      63.235795 
 31468288      93.600000      63.236716 
 31468288      93.600000      63.229502 
 31468288      93.600000      63.227984 
 31468288      93.600000      63.235166 
 31468288      93.600000      63.240605 
 31468288      93.600000      63.230811 
 31468288      93.600000      63.244555 
 31468288      93.600000      63.240172 
 31468288      93.600000      63.235783 
 31468288      93.600000      63.240295 
 31468288      93.600000      63.241198 
 31468288      93.600000      63.234257 
 31468288      93.600000      63.239608 
 31468288      93.600000      63.228163 
 31468288      93.600000      63.229782 
 31468288      93.600000      63.230236 
 31468288      93.600000      63.235782 
 31468288      93.600000      63.225593 
 31468288      93.600000      63.229975 
 31468288      93.600000      63.238618 
 31468288      93.600000      63.231809 
 31468288      10.400000      63.217588 
 31468288      93.600000      63.218986 
 31468288      93.600000      63.214894 
 31468288      93.600000      63.212544 
 31468288      93.600000      63.210913 
 31468288      93.600000      63.212748 
 31468288      93.600000      63.222472 
 31468288      93.600000      63.216314 
 31468288      93.600000      63.213804 
 31468288      93.600000      63.211103 
 31468288      93.600000      63.209881 
 31468288      93.600000      63.218691 
 31468288      93.600000      63.215235 
 31468288      93.600000      63.209254 
 31468288      93.600000      63.215067 
 31468288      93.600000      63.218931 
 31468288      93.600000      63.209729 
 31468288      93.600000      63.221524 
 31468288      93.600000      63.217329 
 31468288      93.600000      63.218837 
 31468288      93.600000      63.213385 
 31468288      93.600000      63.209148 
 31468288      93.600000      63.233328 
 31468288      93.600000      63.250076 
 31468288      93.600000      63.248034 
 31468288      93.600000      63.243454 
 31468288      93.600000      63.242271 
 31468288      93.600000      63.238033 
 31468288      93.600000      63.233094 
 31468288      93.600000      63.242054 
 31468288      93.600000      63.232361 
 31468288      93.600000      63.229456 
 31468288      93.600000      63.242617 
 31468288      93.600000      63.236851 
 31468288      93.600000      63.233500 
 31468288      93.600000      63.234568 
 31468288      93.600000      63.238823 
 31468288      93.600000      63.231638 
 31468288      93.600000      63.244398 
 31468288      93.600000      63.239590 
 31468288      93.600000      63.245851 
 31468288      93.600000      63.232142 
 31468288      93.600000      63.233862 
 31468288      93.600000      63.238234 
 31468288      93.600000      63.247736 
 31468288      93.600000      63.231040 
 31468288      93.600000      63.245131 
 31468544      93.600000    -124.700919 
 31468544      93.600000    -124.700246 
 31468544      93.600000    -124.703056 
 31468544      93.600000    -124.696440 
 31468544      93.600000    -124.705843 
 31468544      93.600000    -124.698754 
 31468544      93.600000    -124.694267 
 31468544      93.600000    -124.698657 
 31468544      93.600000    -124.693287 
 31468544      93.600000    -124.702017 
 31468544      93.600000    -124.695880 
 31468544      93.600000    -124.699654 
 31468544      93.600000    -124.696948 
 31468544      93.600000    -124.703824 
 31468544      93.600000    -124.702507 
 31468544      93.600000    -124.705607 
 31468544      93.600000    -124.709439 
 31468544      93.600000    -124.706434 
 31468544      93.600000    -124.730918 
 31468544      93.600000    -124.707021 
 31468544      93.600000    -124.705137 
 31468544      93.600000    -124.728612 
 31468544      93.600000    -124.709727 
 31468544      93.600000    -124.701005 
 31468544      93.600000    -124.724601 
 31468544      93.600000    -124.721414 
 31468544      93.600000    -124.729249 
 31468544      93.600000    -124.724739 
 31468544      93.600000    -124.734776 
 31468544      93.600000    -124.720526 
 31468544      93.600000    -124.726388 
 31468544      93.600000    -124.726625 
 31468544      93.600000    -124.723996 
 31468544      93.600000    -124.720941 
 31468544      93.600000    -124.726359 
 31468544      93.600000    -124.735415 
 31468544      93.600000    -124.715315 
 31468544      93.600000    -124.728347 
 31468544      93.600000    -124.720655 
 31468544      93.600000    -124.724691 
 31468544      93.600000    -124.718784 
 31468544      93.600000    -124.726257 
 31468544      93.600000    -124.731453 
 31468544      93.600000    -124.726633 
 31468544      10.400000    -124.708690 
 31468544      93.600000    -124.700433 
 31468544      93.600000    -124.704918 
 31468544      93.600000    -124.696177 
 31468544      93.600000    -124.703937 
 31468544      93.600000    -124.699295 
 31468544      93.600000    -124.704690 
 31468544      93.600000    -124.696475 
 31468544      93.600000    -124.703309 
 31468544      93.600000    -124.701675 
 31468544      93.600000    -124.697201 
 31468544      93.600000    -124.703803 
 31468544      93.600000    -124.698753 
 31468544      93.600000    -124.708530 
 31468544      93.600000    -124.707995 
 31468544      93.600000    -124.703684 
 31468544      93.600000    -124.704999 
 31468544      93.600000    -124.702953 
 31468544      93.600000    -124.699403 
 31468544      93.600000    -124.724518 
 31468544      93.600000    -124.700645 
 31468544      93.600000    -124.700575 
 31468544      93.600000    -124.704496 
 31468544      93.600000    -124.697313 
 31468544      93.600000    -124.699935 
 31468544      93.600000    -124.725426 
 31468544      93.600000    -124.727094 
 31468544      93.600000    -124.728510 
 31468544      93.600000    -124.719282 
 31468544      93.600000    -124.725585 
 31468544      93.600000    -124.723220 
 31468544      93.600000    -124.730163 
 31468544      93.600000    -124.728880 
 31468544      93.600000    -124.726173 
 31468544      93.600000    -124.722651 
 31468544      93.600000    -124.719374 
 31468544      93.600000    -124.725982 
 31468544      93.600000    -124.728874 
 31468544      93.600000    -124.731256 
 31468544      93.600000    -124.723204 
 31468544      93.600000    -124.725337 
 31468544      93.600000    -124.719731 
 31468544      93.600000    -124.716800 
 31468544      93.600000    -124.732338 
 31468544      93.600000    -124.722961 
 31468544      93.600000    -124.726773 
 31468544      93.600000    -124.725424 
 31468544      93.600000    -124.735957 
 31468544      93.600000    -124.708675 
 31468544      93.600000    -124.686367 
 31468544      93.600000    -124.697047 
 31468544      93.600000    -124.694792 
 31468544      93.600000    -124.702207 
 31468544      93.600000    -124.707935 
 31468544      93.600000    -124.701537 
 31468544      93.600000    -124.698646 
 31468544      93.600000    -124.698397 
 31468544      93.600000    -124.699656 
 31468544      93.600000    -124.704470 
 31468544      93.600000    -124.709161 
 31468544      93.600000    -124.707477 
 31468544      93.600000    -124.704571 
 31468544      93.600000    -124.711402 
 31468544      93.600000    -124.695994 
 31468544      93.600000    -124.698853 
 31468544      93.600000    -124.693293 
 31468544      93.600000    -124.704188 
 31468544      93.600000    -124.730151 
 31468544      93.600000    -124.703359 
 31468544      93.600000    -124.707982 
 31468544      93.600000    -124.716775 
 31468544      93.600000    -124.727985 
 31468544      93.600000    -124.733370 
 31468544      93.600000    -124.727658 
 31468544      93.600000    -124.727810 
 31468544      93.600000    -124.737490 
 31468544      93.600000    -124.725185 
 31468544      93.600000    -124.720485 
 31468544      93.600000    -124.724343 
 31468544      93.600000    -124.733776 
 31468544      93.600000    -124.731445 
 31468544      93.600000    -124.735658 
 31468544      93.600000    -124.725430 
 31468544      93.600000    -124.719330 
 31468544      93.600000    -124.727326 
 31468544      93.600000    -124.727655 
 31468544      93.600000    -124.717153 
 31468544      93.600000    -124.732994 
 31468544      93.600000    -124.721544 
 31468544      93.600000    -124.722351 
 31468544      93.600000    -124.718954 
 31468544      93.600000    -124.729269 
 31468544      93.600000    -124.729730 
 31468544      93.600000    -124.705359 
 31468544      93.600000    -124.697071 
 31468544       0.400000    -124.708765 
 31468544      93.600000    -124.709871 
 31468544      93.600000    -124.715181 
 31468544      93.600000    -124.700739 
 31468544      93.600000    -124.708144 
 31468544      93.600000    -124.692471 
 31468544      93.600000    -124.697938 
 31468544      93.600000    -124.697349 
 31468544      93.600000    -124.705239 
 31468544      93.600000    -124.701581 
 31468544      93.600000    -124.707212 
 31468544      93.600000    -124.696367 
 31468544      93.600000    -124.701788 
 31468544      93.600000    -124.701038 
 31468544      93.600000    -124.700355 
 31468544      93.600000    -124.705365 
 31468544      93.600000    -124.695860 
 31468544      93.600000    -124.697468 
 31468544      93.600000    -124.707722 
 31468544      93.600000    -124.700675 
 31468544      93.600000    -124.704058 
 31468544      93.600000    -124.705014 
 31468544      93.600000    -124.727982 
 31468544      93.600000    -124.725029 
 31468544      93.600000    -124.722736 
 31468544      93.600000    -124.724638 
 31468544      93.600000    -124.736018 
 31468544      93.600000    -124.724279 
 31468544      93.600000    -124.727493 
 31468544      93.600000    -124.728510 
 31468544      93.600000    -124.726766 
 31468544      93.600000    -124.726308 
 31468544      93.600000    -124.728622 
 31468544      93.600000    -124.732729 
 31468544      93.600000    -124.728333 
 31468544      93.600000    -124.718374 
 31468544      93.600000    -124.725166 
 31468544      93.600000    -124.736108 
 31468544      93.600000    -124.721791 
 31468544      93.600000    -124.722878 
 31468544      93.600000    -124.722388 
 31468544      93.600000    -124.723033 
 31468544      93.600000    -124.719492 
