## MACS2214 IRAC ch2 observation
# 1 AOR
# 2 EXPTIME
# 3 CROTA
 46131456      96.800000     -67.787754 
 46131456      96.800000     -67.787034 
 46131456      96.800000     -67.784613 
 46131456      96.800000     -67.784346 
 46131456      96.800000     -67.786001 
 46131456      96.800000     -67.790700 
 46131456      96.800000     -67.784280 
 46131456      96.800000     -67.781720 
 46131456      96.800000     -67.786554 
 46131456      96.800000     -67.783596 
 46131456      96.800000     -67.780183 
 46131456      96.800000     -67.783510 
 46131456      96.800000     -67.782342 
 46131456      96.800000     -67.777838 
 46131456      96.800000     -67.779556 
 46131456      96.800000     -67.783248 
 46131456      96.800000     -67.791142 
 46131456      96.800000     -67.792942 
 46131456      96.800000     -67.784936 
 46131456      96.800000     -67.786187 
 46131456      96.800000     -67.782916 
 46131456      96.800000     -67.783799 
 46131456      96.800000     -67.786520 
 46131456      96.800000     -67.785756 
 46131456      96.800000     -67.787803 
 46131456      96.800000     -67.781376 
 46131456      96.800000     -67.785165 
 46131456      96.800000     -67.788376 
 46131456      96.800000     -67.785391 
 46131456      96.800000     -67.783554 
 46131456      96.800000     -67.778975 
 46131456      96.800000     -67.786506 
 46131456      96.800000     -67.784563 
 46131456      96.800000     -67.784524 
 46131456      96.800000     -67.780764 
 46131456      96.800000     -67.781668 
 46131456      96.800000     -67.783583 
 46131456      96.800000     -67.788252 
 46131456      96.800000     -67.777606 
 46131456      96.800000     -67.778001 
 46131456      96.800000     -67.779710 
 46131456      96.800000     -67.783998 
 46131456      96.800000     -67.787652 
 46131456      96.800000     -67.784144 
 46131456      96.800000     -67.779806 
 46131456      96.800000     -67.778621 
 46131456      96.800000     -67.790813 
 46131456      96.800000     -67.781454 
 46131456      96.800000     -67.787345 
 46131456      96.800000     -67.788844 
 46131456      96.800000     -67.787669 
 46131456      96.800000     -67.789416 
 46131456      96.800000     -67.789660 
 46131456      10.400000     -67.774539 
 46131456      96.800000     -67.776129 
 46131456      96.800000     -67.772687 
 46131456      96.800000     -67.771957 
 46131456      96.800000     -67.785650 
 46131456      96.800000     -67.774693 
 46131456      96.800000     -67.769921 
 46131456      96.800000     -67.772055 
 46131456      96.800000     -67.766394 
 46131456      96.800000     -67.768483 
 46131456      96.800000     -67.775202 
 46131456      96.800000     -67.765379 
 46131456      96.800000     -67.791282 
 46131456      96.800000     -67.770427 
 46131456      96.800000     -67.774597 
 46131456      96.800000     -67.770239 
 46131456      96.800000     -67.785154 
 46131456      96.800000     -67.774403 
 46131456      96.800000     -67.784715 
 46131456      96.800000     -67.788175 
 46131456      96.800000     -67.775806 
 46131456      96.800000     -67.772520 
 46131456      96.800000     -67.771991 
 46131456      96.800000     -67.770990 
 46131456      96.800000     -67.775916 
 46131456      96.800000     -67.776200 
 46131456      96.800000     -67.780426 
 46131456      96.800000     -67.776851 
 46131456      96.800000     -67.774828 
 46131456      96.800000     -67.773076 
 46131456      96.800000     -67.774032 
 46131456      96.800000     -67.772534 
 46131456      96.800000     -67.777065 
 46131456      96.800000     -67.773151 
 46131456      96.800000     -67.773034 
 46131456      96.800000     -67.773769 
 46131456      96.800000     -67.772465 
 46131456      96.800000     -67.771174 
 46131456      96.800000     -67.768574 
 46131456      96.800000     -67.774566 
 46131456      96.800000     -67.776102 
 46131456      96.800000     -67.776686 
 46131456      96.800000     -67.771015 
 46131456      96.800000     -67.770503 
 46131456      96.800000     -67.772096 
 46131456      96.800000     -67.774038 
 46131456      96.800000     -67.768879 
 46131456      96.800000     -67.770122 
 46131456      96.800000     -67.774650 
 46131456      96.800000     -67.772686 
 46131456      96.800000     -67.774208 
 46131456      96.800000     -67.776147 
 46131456      96.800000     -67.766336 
 46131456      96.800000     -67.775574 
 46131456      96.800000     -67.774956 
 46131456      96.800000     -67.772083 
 46131456      96.800000     -67.771890 
 46131456      96.800000     -67.772814 
 46131456      96.800000     -67.775056 
 46131456      96.800000     -67.789752 
 46131456      96.800000     -67.780338 
 46131456      96.800000     -67.779572 
 46131456      96.800000     -67.790897 
 46131456      96.800000     -67.789568 
 46131456      96.800000     -67.786702 
 46131456      96.800000     -67.780746 
 46131456      96.800000     -67.781757 
 46131456      96.800000     -67.782587 
 46131456      96.800000     -67.782962 
 46131456      96.800000     -67.782561 
 46131456      96.800000     -67.778839 
 46131456      96.800000     -67.780758 
 46131456      96.800000     -67.777089 
 46131456      96.800000     -67.778186 
 46131456      96.800000     -67.790356 
 46131456      96.800000     -67.785276 
 46131456      96.800000     -67.784115 
 46131456      96.800000     -67.789752 
 46131456      96.800000     -67.786219 
 46131456      96.800000     -67.784768 
 46131456      96.800000     -67.783623 
 46131456      96.800000     -67.786153 
 46131456      96.800000     -67.784157 
 46131456      96.800000     -67.785029 
 46131456      96.800000     -67.784257 
 46131456      96.800000     -67.780417 
 46131456      96.800000     -67.787753 
 46131456      96.800000     -67.786443 
 46131456      96.800000     -67.784019 
 46131456      96.800000     -67.783324 
 46131456      96.800000     -67.785816 
 46131456      96.800000     -67.779147 
 46131456      96.800000     -67.786788 
 46131456      96.800000     -67.787553 
 46131456      96.800000     -67.786256 
 46131456      96.800000     -67.782778 
 46131456      96.800000     -67.778689 
 46131456      96.800000     -67.788696 
 46131456      96.800000     -67.785321 
 46131456      96.800000     -67.793963 
 46131456      96.800000     -67.782691 
 46131456      96.800000     -67.786606 
 46131456      96.800000     -67.784234 
 46131456      96.800000     -67.788041 
 46131456      96.800000     -67.783899 
 46131456      96.800000     -67.781620 
 46131456      96.800000     -67.784970 
 46131456       0.400000     -67.774373 
 46131456      96.800000     -67.774686 
 46131456      96.800000     -67.772494 
 46131456      96.800000     -67.780546 
 46131456      96.800000     -67.774341 
 46131456      96.800000     -67.778002 
 46131456      96.800000     -67.770410 
 46131456      96.800000     -67.772867 
 46131456      96.800000     -67.773541 
 46131456      96.800000     -67.769488 
 46131456      96.800000     -67.770510 
 46131456      96.800000     -67.771446 
 46131456      96.800000     -67.776834 
 46131456      96.800000     -67.774215 
 46131456      96.800000     -67.774567 
 46131456      96.800000     -67.774330 
 46131456      96.800000     -67.774570 
 46131456      96.800000     -67.780953 
 46131456      96.800000     -67.788158 
 46131456      96.800000     -67.793866 
 46131456      96.800000     -67.770449 
 46131456      96.800000     -67.774881 
 46131456      96.800000     -67.776949 
 46131456      96.800000     -67.769580 
 46131456      96.800000     -67.774425 
 46131456      96.800000     -67.766853 
 46131456      96.800000     -67.776014 
 46131456      96.800000     -67.763910 
 46131456      96.800000     -67.774304 
 46131456      96.800000     -67.772016 
 46131456      96.800000     -67.772752 
 46131456      96.800000     -67.774019 
 46131456      96.800000     -67.775870 
 46131456      96.800000     -67.779083 
 46131456      96.800000     -67.777495 
 46131456      96.800000     -67.780866 
 46131456      96.800000     -67.771844 
 46131456      96.800000     -67.771725 
 46131456      96.800000     -67.771946 
 46131456      96.800000     -67.772316 
 46131456      96.800000     -67.776921 
 46131456      96.800000     -67.773373 
 46131456      96.800000     -67.768802 
 46131456      96.800000     -67.778839 
 46131456      96.800000     -67.778195 
 46131456      96.800000     -67.773041 
 46131456      96.800000     -67.775610 
 46131456      96.800000     -67.776213 
 46131456      96.800000     -67.768509 
 46131456      96.800000     -67.772543 
 46131456      96.800000     -67.765691 
 46131456      96.800000     -67.767526 
 46131456      96.800000     -67.771591 
 46131456      96.800000     -67.773263 
 46131456      96.800000     -67.771422 
 46131456      96.800000     -67.782525 
 46131456      96.800000     -67.777440 
 46131456      96.800000     -67.773603 
 46131456      96.800000     -67.778851 
 46131456      96.800000     -67.774170 
 46131456      96.800000     -67.770726 
 46131456      96.800000     -67.775989 
 46131456      96.800000     -67.775669 
 46131456      96.800000     -67.779490 
 46131456      96.800000     -67.788487 
 46131456      96.800000     -67.786663 
 46131456      96.800000     -67.791300 
 46131456      96.800000     -67.790496 
 46131456      96.800000     -67.783743 
 46131456      96.800000     -67.795121 
 46131456      96.800000     -67.785790 
 46131456      96.800000     -67.786514 
 46131456      96.800000     -67.787114 
 46131456      96.800000     -67.780984 
 46131456      96.800000     -67.780577 
 46131456      96.800000     -67.781521 
 46131456      96.800000     -67.787685 
 46131456      96.800000     -67.781812 
 46131456      96.800000     -67.779626 
 46131456      96.800000     -67.791654 
 46131456      96.800000     -67.789206 
 46131456      96.800000     -67.790597 
 46131456      96.800000     -67.783640 
 46131456      96.800000     -67.791723 
 46131456      96.800000     -67.783804 
 46131456      96.800000     -67.789982 
 46131456      96.800000     -67.781547 
 46131456      96.800000     -67.786263 
 46131456      96.800000     -67.785258 
 46131456      96.800000     -67.780993 
 46131456      96.800000     -67.783691 
 46131456      96.800000     -67.785219 
 46131456      96.800000     -67.790881 
 46131456      96.800000     -67.784751 
 46131456      96.800000     -67.783518 
 46131456      96.800000     -67.782584 
 46131456      96.800000     -67.786249 
 46131456      96.800000     -67.783358 
 46131456      96.800000     -67.782123 
 46131456      96.800000     -67.784387 
 46131456      96.800000     -67.783961 
 46131456      96.800000     -67.789107 
 46131456      96.800000     -67.784335 
 46131456      96.800000     -67.777926 
 46131456      96.800000     -67.780484 
 46131456      96.800000     -67.782015 
 46131456      96.800000     -67.785089 
 46131456      96.800000     -67.783812 
 46131456      96.800000     -67.784568 
 46131456      96.800000     -67.786519 
 46131456      96.800000     -67.778103 
 46131456      96.800000     -67.782329 
 46131456      96.800000     -67.784908 
 46131456      96.800000     -67.779599 
 46131456      96.800000     -67.778697 
 46131456      96.800000     -67.782895 
 46131456      96.800000     -67.784772 
 46131456      96.800000     -67.773739 
 46131456      96.800000     -67.773450 
 46131456      96.800000     -67.777565 
 46131456      96.800000     -67.769588 
 46131456      96.800000     -67.777373 
 46131456      96.800000     -67.775049 
 46131456      96.800000     -67.771337 
 46131456      96.800000     -67.772164 
 46131456      96.800000     -67.784830 
 46131456      96.800000     -67.778842 
 46131456      96.800000     -67.782754 
 46131456      96.800000     -67.772446 
 46131456      96.800000     -67.790087 
 46131456      96.800000     -67.773618 
 46131456      96.800000     -67.789054 
 46131456      96.800000     -67.784609 
 46131456      96.800000     -67.778213 
 46131456      96.800000     -67.774388 
 46131456      96.800000     -67.770236 
 46131456      96.800000     -67.775824 
 46131456      96.800000     -67.770340 
 46131456      96.800000     -67.776202 
 46131456      96.800000     -67.774658 
 46131456      96.800000     -67.773401 
 46131456      96.800000     -67.779256 
 46131456      96.800000     -67.774396 
 46131456      96.800000     -67.775725 
 46131456      96.800000     -67.779086 
 46131456      96.800000     -67.774040 
 46131456      96.800000     -67.778391 
 46131456      96.800000     -67.772430 
 46131456      96.800000     -67.775238 
 46131456      96.800000     -67.772306 
 46131456      96.800000     -67.768546 
 46131456      96.800000     -67.778584 
 46131456      96.800000     -67.778432 
 46131456      96.800000     -67.774128 
 46131456      96.800000     -67.775466 
 46131456      96.800000     -67.772673 
 46131456      96.800000     -67.775992 
 46131456      96.800000     -67.768966 
 46131456      96.800000     -67.773866 
 46131456      96.800000     -67.772638 
 46131456      96.800000     -67.777579 
 46131456      96.800000     -67.771291 
 46131456      96.800000     -67.772451 
 46131456      96.800000     -67.769714 
 46131456      96.800000     -67.783900 
 46131456      96.800000     -67.779613 
 46131456      96.800000     -67.766299 
 46131456      96.800000     -67.769879 
 46131456      96.800000     -67.771278 
 46131456      96.800000     -67.768965 
 46131456      96.800000     -67.777687 
 46131456      96.800000     -67.769139 
 46131456      96.800000     -67.772229 
 46131456      96.800000     -67.773140 
 46131456      96.800000     -67.766070 
 46131456      96.800000     -67.779720 
 46131456      96.800000     -67.774513 
 46131456      96.800000     -67.775712 
 46131456      96.800000     -67.774835 
 46131456      96.800000     -67.777842 
 46131456      96.800000     -67.776284 
 46131456      96.800000     -67.780845 
 46131456      96.800000     -67.785486 
 46131456      96.800000     -67.784579 
 46131456      96.800000     -67.786854 
 46131456      96.800000     -67.786797 
 46131456      96.800000     -67.788624 
 46131456      96.800000     -67.789123 
 46131456      96.800000     -67.787246 
 46131456      96.800000     -67.786876 
 46131456      96.800000     -67.786392 
 46131456      96.800000     -67.783661 
 46131456      96.800000     -67.777768 
 46131456      96.800000     -67.785622 
 46131456      96.800000     -67.780143 
 46131456      96.800000     -67.784854 
 46131456      96.800000     -67.788251 
 46131456      96.800000     -67.786329 
 46131456      96.800000     -67.790867 
 46131456      96.800000     -67.787102 
 46131456      96.800000     -67.780373 
 46131456      96.800000     -67.782225 
 46131456      96.800000     -67.786948 
 46131456      96.800000     -67.785186 
 46131456      96.800000     -67.785352 
 46131456      96.800000     -67.783707 
 46131456      96.800000     -67.783370 
 46131456      96.800000     -67.787085 
 46131456      96.800000     -67.781077 
 46131456      96.800000     -67.787046 
 46131456      96.800000     -67.790869 
 46131456      96.800000     -67.778433 
 46131456      96.800000     -67.778514 
 46131456      96.800000     -67.783452 
 46131456      96.800000     -67.781800 
 46131456      96.800000     -67.781931 
 46131456      96.800000     -67.783850 
 46131456      96.800000     -67.781016 
 46131456      96.800000     -67.777479 
 46131456      96.800000     -67.785099 
 46131456      96.800000     -67.790283 
 46131456      96.800000     -67.781323 
 46131456      96.800000     -67.782453 
 46131456      96.800000     -67.781087 
 46131456      96.800000     -67.787028 
 46131456      96.800000     -67.786478 
 46131456      96.800000     -67.785122 
 46131456      96.800000     -67.789592 
 46131456      96.800000     -67.787962 
 46131456      96.800000     -67.790249 
 46131456      96.800000     -67.786388 
 46131456      96.800000     -67.778699 
 46131456      96.800000     -67.774944 
 46131456      96.800000     -67.769927 
 46131456      96.800000     -67.777833 
 46131456      96.800000     -67.771680 
 46131456      96.800000     -67.781804 
 46131456      96.800000     -67.770761 
 46131456      96.800000     -67.786574 
 46131456      96.800000     -67.784455 
 46131456      96.800000     -67.780498 
 46131456      96.800000     -67.784473 
 46131456      96.800000     -67.788340 
 46131456      96.800000     -67.773879 
 46131456      96.800000     -67.775382 
 46131456      96.800000     -67.786842 
 46131456      96.800000     -67.775590 
 46131456      96.800000     -67.775929 
 46131456      96.800000     -67.771553 
 46131456      96.800000     -67.770327 
 46131456      96.800000     -67.772040 
 46131456      96.800000     -67.768187 
 46131456      96.800000     -67.774422 
 46131456      96.800000     -67.777538 
 46131456      96.800000     -67.774856 
 46131456      96.800000     -67.775096 
 46131456      96.800000     -67.781512 
 46131456      96.800000     -67.768293 
 46131456      96.800000     -67.771273 
 46131456      96.800000     -67.777172 
 46131456      96.800000     -67.771863 
 46131456      96.800000     -67.778836 
 46131456      96.800000     -67.768985 
 46131456      96.800000     -67.780260 
 46131456      96.800000     -67.775393 
 46131456      96.800000     -67.775199 
 46131456      96.800000     -67.768742 
 46131456      96.800000     -67.772385 
 46131456      96.800000     -67.774683 
 46131456      96.800000     -67.770850 
 46131456      96.800000     -67.773947 
 46131456      96.800000     -67.774284 
 46131456      96.800000     -67.772698 
 46131456      96.800000     -67.767218 
 46131456      96.800000     -67.771266 
 46131456      96.800000     -67.768382 
 46131456      96.800000     -67.772173 
 46131456      96.800000     -67.772001 
 46131456      96.800000     -67.766461 
 46131456      96.800000     -67.770040 
 46131456      96.800000     -67.766930 
 46131456      96.800000     -67.768689 
 46131456      96.800000     -67.776697 
 46131456      96.800000     -67.778261 
 46131456      96.800000     -67.780383 
 46131456      96.800000     -67.770890 
 46131456      96.800000     -67.777703 
 46131456      96.800000     -67.770722 
 46131456      96.800000     -67.767466 
 46131456      96.800000     -67.773966 
 46131456      96.800000     -67.776264 
 46131456      96.800000     -67.772828 
 46128896      96.800000     -67.056827 
 46128896      96.800000     -67.059818 
 46128896      96.800000     -67.054648 
 46128896      96.800000     -67.058049 
 46128896      96.800000     -67.059853 
 46128896      96.800000     -67.054788 
 46128896      96.800000     -67.055962 
 46128896      96.800000     -67.059013 
 46128896      96.800000     -67.059655 
 46128896      96.800000     -67.061306 
 46128896      96.800000     -67.055292 
 46128896      96.800000     -67.063148 
 46128896      96.800000     -67.065219 
 46128896      96.800000     -67.064970 
 46128896      96.800000     -67.062802 
 46128896      96.800000     -67.058047 
 46128896      96.800000     -67.052852 
 46128896      96.800000     -67.061392 
 46128896      96.800000     -67.063406 
 46128896      96.800000     -67.054205 
 46128896      96.800000     -67.063108 
 46128896      96.800000     -67.063667 
 46128896      96.800000     -67.061398 
 46128896      96.800000     -67.059753 
 46128896      96.800000     -67.055595 
 46128896      96.800000     -67.057628 
 46128896      96.800000     -67.063737 
 46128896      96.800000     -67.061988 
 46128896      96.800000     -67.053041 
 46128896      96.800000     -67.056785 
 46128896      96.800000     -67.057530 
 46128896      96.800000     -67.058240 
 46128896      96.800000     -67.060643 
 46128896      96.800000     -67.062751 
 46128896      96.800000     -67.058737 
 46128896      96.800000     -67.062545 
 46128896      96.800000     -67.056708 
 46128896      96.800000     -67.055999 
 46128896      96.800000     -67.062361 
 46128896      96.800000     -67.063357 
 46128896      96.800000     -67.064400 
 46128896      96.800000     -67.062230 
 46128896      96.800000     -67.061840 
 46128896      96.800000     -67.058518 
 46128896      96.800000     -67.054514 
 46128896      96.800000     -67.061184 
 46128896      96.800000     -67.055439 
 46128896      96.800000     -67.062526 
 46128896      96.800000     -67.059780 
 46128896      96.800000     -67.054307 
 46128896      96.800000     -67.058842 
 46128896      96.800000     -67.064168 
 46128896      96.800000     -67.054460 
 46128896      96.800000     -67.060095 
 46128896      96.800000     -67.059333 
 46128896      96.800000     -67.059575 
 46128896      96.800000     -67.050813 
 46128896      96.800000     -67.046985 
 46128896      96.800000     -67.045363 
 46128896      96.800000     -67.048477 
 46128896      96.800000     -67.047746 
 46128896      96.800000     -67.046310 
 46128896      96.800000     -67.046864 
 46128896      96.800000     -67.050764 
 46128896      96.800000     -67.050723 
 46128896      96.800000     -67.049750 
 46128896      96.800000     -67.054660 
 46128896      96.800000     -67.052281 
 46128896      96.800000     -67.050930 
 46128896      96.800000     -67.046702 
 46128896      96.800000     -67.043704 
 46128896      96.800000     -67.047830 
 46128896      96.800000     -67.051962 
 46128896      96.800000     -67.045497 
 46128896      96.800000     -67.049168 
 46128896      96.800000     -67.052600 
 46128896      96.800000     -67.051768 
 46128896      96.800000     -67.052783 
 46128896      96.800000     -67.049459 
 46128896      96.800000     -67.058170 
 46128896      96.800000     -67.047806 
 46128896      96.800000     -67.051779 
 46128896      96.800000     -67.049645 
 46128896      96.800000     -67.048161 
 46128896      96.800000     -67.050736 
 46128896      96.800000     -67.047459 
 46128896      96.800000     -67.049560 
 46128896      96.800000     -67.046123 
 46128896      96.800000     -67.043605 
 46128896      96.800000     -67.050862 
 46128896      96.800000     -67.050979 
 46128896      96.800000     -67.050357 
 46128896      96.800000     -67.044150 
 46128896      96.800000     -67.045033 
 46128896      96.800000     -67.046464 
 46128896      96.800000     -67.043785 
 46128896      96.800000     -67.041936 
 46128896      96.800000     -67.047578 
 46128896      96.800000     -67.053517 
 46128896      96.800000     -67.049040 
 46128896      96.800000     -67.051238 
 46128896      96.800000     -67.053477 
 46128896      96.800000     -67.048000 
 46128896      96.800000     -67.045500 
 46128896      96.800000     -67.043399 
 46128896      96.800000     -67.043853 
 46128896      96.800000     -67.042933 
 46128896      96.800000     -67.053324 
 46128896      96.800000     -67.048467 
 46128896      96.800000     -67.051462 
 46128896      96.800000     -67.044901 
 46128896      96.800000     -67.046758 
 46128896      96.800000     -67.042492 
 46128896      96.800000     -67.048953 
 46128896      96.800000     -67.050870 
 46128896       0.400000     -67.045814 
 46128896      96.800000     -67.060309 
 46128896      96.800000     -67.062465 
 46128896      96.800000     -67.060398 
 46128896      96.800000     -67.060943 
 46128896      96.800000     -67.060264 
 46128896      96.800000     -67.061324 
 46128896      96.800000     -67.055514 
 46128896      96.800000     -67.060891 
 46128896      96.800000     -67.057436 
 46128896      96.800000     -67.060473 
 46128896      96.800000     -67.059117 
 46128896      96.800000     -67.058165 
 46128896      96.800000     -67.059193 
 46128896      96.800000     -67.058601 
 46128896      96.800000     -67.064252 
 46128896      96.800000     -67.050622 
 46128896      96.800000     -67.063099 
 46128896      96.800000     -67.061762 
 46128896      96.800000     -67.058551 
 46128896      96.800000     -67.056834 
 46128896      96.800000     -67.055252 
 46128896      96.800000     -67.056504 
 46128896      96.800000     -67.060539 
 46128896      96.800000     -67.065568 
 46128896      96.800000     -67.062437 
 46128896      96.800000     -67.059393 
 46128896      96.800000     -67.060685 
 46128896      96.800000     -67.062047 
 46128896      96.800000     -67.059198 
 46128896      96.800000     -67.057006 
 46128896      96.800000     -67.060517 
 46128896      96.800000     -67.060956 
 46128896      96.800000     -67.057330 
 46128896      96.800000     -67.067647 
 46128896      96.800000     -67.063680 
 46128896      96.800000     -67.060357 
 46128896      96.800000     -67.057929 
 46128896      96.800000     -67.054988 
 46128896      96.800000     -67.065320 
 46128896      96.800000     -67.059317 
 46128896      96.800000     -67.057081 
 46128896      96.800000     -67.061231 
 46128896      96.800000     -67.054578 
 46128896      96.800000     -67.058246 
 46128896      96.800000     -67.059512 
 46128896      96.800000     -67.058739 
 46128896      96.800000     -67.059528 
 46128896      96.800000     -67.064142 
 46128896      96.800000     -67.056826 
 46128896      96.800000     -67.059456 
 46128896      96.800000     -67.051060 
 46128896      96.800000     -67.057332 
 46128896      96.800000     -67.061238 
 46128896      96.800000     -67.060713 
 46128896      96.800000     -67.062556 
 46128896      96.800000     -67.064658 
 46128896      96.800000     -67.058001 
 46128896      96.800000     -67.056189 
 46128896      96.800000     -67.059946 
 46128896      96.800000     -67.056096 
 46128896      96.800000     -67.053221 
 46128896      96.800000     -67.064190 
 46128896      96.800000     -67.060414 
 46128896      96.800000     -67.050041 
 46128896      96.800000     -67.061839 
 46128896      96.800000     -67.047075 
 46128896      96.800000     -67.046285 
 46128896      96.800000     -67.050882 
 46128896      96.800000     -67.043675 
 46128896      96.800000     -67.052523 
 46128896      96.800000     -67.048471 
 46128896      96.800000     -67.049287 
 46128896      96.800000     -67.049189 
 46128896      96.800000     -67.053230 
 46128896      96.800000     -67.045700 
 46128896      96.800000     -67.052078 
 46128896      96.800000     -67.047323 
 46128896      96.800000     -67.044010 
 46128896      96.800000     -67.049918 
 46128896      96.800000     -67.049911 
 46128896      96.800000     -67.044748 
 46128896      96.800000     -67.055051 
 46128896      96.800000     -67.046313 
 46128896      96.800000     -67.047815 
 46128896      96.800000     -67.049659 
 46128896      96.800000     -67.046427 
 46128896      96.800000     -67.046963 
 46128896      96.800000     -67.042906 
 46128896      96.800000     -67.045238 
 46128896      96.800000     -67.047485 
 46128896      96.800000     -67.051321 
 46128896      96.800000     -67.049063 
 46128896      96.800000     -67.045886 
 46128896      96.800000     -67.043379 
 46128896      96.800000     -67.047028 
 46128896      96.800000     -67.053383 
 46128896      96.800000     -67.051616 
 46128896      96.800000     -67.047112 
 46128896      96.800000     -67.051616 
 46128896      96.800000     -67.046755 
 46128896      96.800000     -67.047903 
 46128896      96.800000     -67.050452 
 46128896      96.800000     -67.043328 
 46128896      96.800000     -67.051356 
 46128896      96.800000     -67.053576 
 46128896      96.800000     -67.049609 
 46128896      96.800000     -67.045951 
 46128896      96.800000     -67.041537 
 46128896      96.800000     -67.046417 
 46128896      96.800000     -67.050676 
 46128896      96.800000     -67.045087 
 46128896      96.800000     -67.044977 
 46128896      96.800000     -67.048465 
 46128896      96.800000     -67.043170 
 46128896      96.800000     -67.049550 
 46128896      96.800000     -67.046082 
 46128896      96.800000     -67.043942 
 46128896      96.800000     -67.047370 
 46128896      96.800000     -67.049432 
 46128896      96.800000     -67.049821 
 46128896      96.800000     -67.044930 
 46128896      96.800000     -67.047899 
 46128896      10.400000     -67.045603 
 46128896      96.800000     -67.063205 
 46128896      96.800000     -67.064137 
 46128896      96.800000     -67.059995 
 46128896      96.800000     -67.059096 
 46128896      96.800000     -67.058971 
 46128896      96.800000     -67.060013 
 46128896      96.800000     -67.065448 
 46128896      96.800000     -67.062412 
 46128896      96.800000     -67.056632 
 46128896      96.800000     -67.059686 
 46128896      96.800000     -67.060317 
 46128896      96.800000     -67.060546 
 46128896      96.800000     -67.060072 
 46128896      96.800000     -67.064221 
 46128896      96.800000     -67.053478 
 46128896      96.800000     -67.055191 
 46128896      96.800000     -67.059541 
 46128896      96.800000     -67.060098 
 46128896      96.800000     -67.057716 
 46128896      96.800000     -67.062690 
 46128896      96.800000     -67.054482 
 46128896      96.800000     -67.055886 
 46128896      96.800000     -67.058124 
 46128896      96.800000     -67.059196 
 46128896      96.800000     -67.061406 
 46128896      96.800000     -67.055717 
 46128896      96.800000     -67.058308 
 46128896      96.800000     -67.057401 
 46128896      96.800000     -67.062273 
 46128896      96.800000     -67.061074 
 46128896      96.800000     -67.061564 
 46128896      96.800000     -67.059191 
 46128896      96.800000     -67.057098 
 46128896      96.800000     -67.058091 
 46128896      96.800000     -67.063152 
 46128896      96.800000     -67.057940 
 46128896      96.800000     -67.060038 
 46128896      96.800000     -67.057718 
 46128896      96.800000     -67.056279 
 46128896      96.800000     -67.060020 
 46128896      96.800000     -67.059876 
 46128896      96.800000     -67.058397 
 46128896      96.800000     -67.054034 
 46128896      96.800000     -67.063308 
 46128896      96.800000     -67.060668 
 46128896      96.800000     -67.056054 
 46128896      96.800000     -67.060688 
 46128896      96.800000     -67.056839 
 46128896      96.800000     -67.063245 
 46128896      96.800000     -67.062219 
 46128896      96.800000     -67.056070 
 46128896      96.800000     -67.057438 
 46128896      96.800000     -67.061143 
 46128896      96.800000     -67.053950 
 46128896      96.800000     -67.058998 
 46128896      96.800000     -67.058655 
 46128896      96.800000     -67.058775 
 46128896      96.800000     -67.046410 
 46128896      96.800000     -67.045843 
 46128896      96.800000     -67.049014 
 46128896      96.800000     -67.047928 
 46128896      96.800000     -67.049728 
 46128896      96.800000     -67.043254 
 46128896      96.800000     -67.045386 
 46128896      96.800000     -67.045270 
 46128896      96.800000     -67.048622 
 46128896      96.800000     -67.046070 
 46128896      96.800000     -67.045584 
 46128896      96.800000     -67.044894 
 46128896      96.800000     -67.043228 
 46128896      96.800000     -67.044607 
 46128896      96.800000     -67.048013 
 46128896      96.800000     -67.046100 
 46128896      96.800000     -67.053638 
 46128896      96.800000     -67.046148 
 46128896      96.800000     -67.050468 
 46128896      96.800000     -67.046668 
 46128896      96.800000     -67.047523 
 46128896      96.800000     -67.047128 
 46128896      96.800000     -67.050097 
 46128896      96.800000     -67.043255 
 46128896      96.800000     -67.048835 
 46128896      96.800000     -67.044905 
 46128896      96.800000     -67.049646 
 46128896      96.800000     -67.046734 
 46128896      96.800000     -67.051095 
 46128896      96.800000     -67.043448 
 46128896      96.800000     -67.044283 
 46128896      96.800000     -67.046135 
 46128896      96.800000     -67.044498 
 46128896      96.800000     -67.045989 
 46128896      96.800000     -67.044555 
 46128896      96.800000     -67.050039 
 46128896      96.800000     -67.048314 
 46128896      96.800000     -67.049842 
 46128896      96.800000     -67.051329 
 46128896      96.800000     -67.052323 
 46128896      96.800000     -67.051042 
 46128896      96.800000     -67.047032 
 46128896      96.800000     -67.042314 
 46128896      96.800000     -67.051082 
 46128896      96.800000     -67.040128 
 46128896      96.800000     -67.050127 
 46128896      96.800000     -67.047402 
 46128896      96.800000     -67.046656 
 46128896      96.800000     -67.046307 
 46128896      96.800000     -67.048511 
 46128896      96.800000     -67.045407 
 46128896      96.800000     -67.045656 
 46128896      96.800000     -67.047304 
 46128896      96.800000     -67.049074 
 46128896      96.800000     -67.041478 
 46128896      96.800000     -67.048815 
 46128896      96.800000     -67.045620 
 46128896      96.800000     -67.053366 
 46128896      96.800000     -67.045606 
 46128896      96.800000     -67.066177 
 46128896      96.800000     -67.066742 
 46128896      96.800000     -67.058258 
 46128896      96.800000     -67.056540 
 46128896      96.800000     -67.064584 
 46128896      96.800000     -67.061083 
 46128896      96.800000     -67.060244 
 46128896      96.800000     -67.056748 
 46128896      96.800000     -67.060932 
 46128896      96.800000     -67.057262 
 46128896      96.800000     -67.063475 
 46128896      96.800000     -67.066080 
 46128896      96.800000     -67.065366 
 46128896      96.800000     -67.063011 
 46128896      96.800000     -67.054002 
 46128896      96.800000     -67.060312 
 46128896      96.800000     -67.056335 
 46128896      96.800000     -67.061583 
 46128896      96.800000     -67.060950 
 46128896      96.800000     -67.063587 
 46128896      96.800000     -67.058529 
 46128896      96.800000     -67.057726 
 46128896      96.800000     -67.059126 
 46128896      96.800000     -67.057410 
 46128896      96.800000     -67.059994 
 46128896      96.800000     -67.064142 
 46128896      96.800000     -67.055403 
 46128896      96.800000     -67.056882 
 46128896      96.800000     -67.057985 
 46128896      96.800000     -67.058296 
 46128896      96.800000     -67.062420 
 46128896      96.800000     -67.055619 
 46128896      96.800000     -67.060132 
 46128896      96.800000     -67.058158 
 46128896      96.800000     -67.050222 
 46128896      96.800000     -67.059223 
 46128896      96.800000     -67.060309 
 46128896      96.800000     -67.064114 
 46128896      96.800000     -67.059898 
 46128896      96.800000     -67.056917 
 46128896      96.800000     -67.056888 
 46128896      96.800000     -67.059029 
 46128896      96.800000     -67.057720 
 46128896      96.800000     -67.057797 
 46128896      96.800000     -67.061776 
 46128896      96.800000     -67.059512 
 46128896      96.800000     -67.063649 
 46128896      96.800000     -67.058317 
 46128896      96.800000     -67.063717 
 46128896      96.800000     -67.061995 
 46128896      96.800000     -67.060455 
 46128896      96.800000     -67.063521 
 46128896      96.800000     -67.059357 
 46128896      96.800000     -67.060272 
 46128896      96.800000     -67.058910 
 46128896      96.800000     -67.051433 
 46128896      96.800000     -67.058298 
 46128896      96.800000     -67.057678 
 46128896      96.800000     -67.055011 
 46128896      96.800000     -67.064360 
 46128896      96.800000     -67.062712 
 46128896      96.800000     -67.059195 
 46128896      96.800000     -67.053494 
 46128896      96.800000     -67.044741 
 46128896      96.800000     -67.046183 
 46128896      96.800000     -67.044826 
 46128896      96.800000     -67.044722 
 46128896      96.800000     -67.047380 
 46128896      96.800000     -67.047827 
 46128896      96.800000     -67.048531 
 46128896      96.800000     -67.047162 
 46128896      96.800000     -67.050758 
 46128896      96.800000     -67.046304 
 46128896      96.800000     -67.047027 
 46128896      96.800000     -67.045870 
 46128896      96.800000     -67.047288 
 46128896      96.800000     -67.046407 
 46128896      96.800000     -67.051285 
 46128896      96.800000     -67.049166 
 46128896      96.800000     -67.048132 
 46128896      96.800000     -67.051813 
 46128896      96.800000     -67.054008 
 46128896      96.800000     -67.050258 
 46128896      96.800000     -67.049372 
 46128896      96.800000     -67.049312 
 46128896      96.800000     -67.048724 
 46128896      96.800000     -67.049304 
 46128896      96.800000     -67.047771 
 46128896      96.800000     -67.046640 
 46128896      96.800000     -67.049221 
 46128896      96.800000     -67.045993 
 46128896      96.800000     -67.050997 
 46128896      96.800000     -67.045189 
 46128896      96.800000     -67.047477 
 46128896      96.800000     -67.051959 
 46128896      96.800000     -67.039557 
 46128896      96.800000     -67.038205 
 46128896      96.800000     -67.046922 
 46128896      96.800000     -67.049579 
 46128896      96.800000     -67.049031 
 46128896      96.800000     -67.049458 
 46128896      96.800000     -67.048067 
 46128896      96.800000     -67.046896 
 46128896      96.800000     -67.045873 
 46128896      96.800000     -67.049831 
 46128896      96.800000     -67.048603 
 46128896      96.800000     -67.054394 
 46128896      96.800000     -67.048992 
 46128896      96.800000     -67.050596 
 46128896      96.800000     -67.052596 
 46128896      96.800000     -67.049728 
 46128896      96.800000     -67.042555 
 46128896      96.800000     -67.043110 
 46128896      96.800000     -67.044059 
 46128896      96.800000     -67.050605 
 46128896      96.800000     -67.049657 
 46128896      96.800000     -67.048539 
 46128896      96.800000     -67.052917 
 46128896      96.800000     -67.044741 
 46128896      96.800000     -67.043397 
 46128896      96.800000     -67.045812 
 46128896      96.800000     -67.045431 
 46128896      96.800000     -67.047415 
 46128896      96.800000     -67.049251 
 46128896      96.800000     -67.044110 
 46128896      96.800000     -67.045434 
 46128896      96.800000     -67.045831 
 31471616      96.800000     -66.744262 
 31471616      96.800000     -66.749822 
 31471616      96.800000     -66.748812 
 31471616      96.800000     -66.749677 
 31471616      96.800000     -66.748826 
 31471616      96.800000     -66.744495 
 31471616      96.800000     -66.743375 
 31471616      96.800000     -66.743317 
 31471616      96.800000     -66.751652 
 31471616      96.800000     -66.747828 
 31471616      96.800000     -66.749776 
 31471616      96.800000     -66.744315 
 31471616      96.800000     -66.748203 
 31471616      96.800000     -66.751676 
 31471616      96.800000     -66.745843 
 31471616      96.800000     -66.746034 
 31471616      96.800000     -66.743050 
 31471616      96.800000     -66.750184 
 31471616      96.800000     -66.755019 
 31471616      96.800000     -66.752761 
 31471616      96.800000     -66.757416 
 31471616      96.800000     -66.747238 
 31471616      96.800000     -66.758192 
 31471616      96.800000     -66.755366 
 31471616      96.800000     -66.760109 
 31471616      96.800000     -66.762837 
 31471616      96.800000     -66.761980 
 31471616      96.800000     -66.761583 
 31471616      96.800000     -66.759816 
 31471616      96.800000     -66.761147 
 31471616      96.800000     -66.763716 
 31471616      96.800000     -66.753529 
 31471616      96.800000     -66.764592 
 31471616      96.800000     -66.756433 
 31471616      96.800000     -66.760022 
 31471616      96.800000     -66.760587 
 31471616      96.800000     -66.762694 
 31471616      96.800000     -66.762771 
 31471616      96.800000     -66.758773 
 31471616      96.800000     -66.761149 
 31471616      96.800000     -66.759186 
 31471616      96.800000     -66.759005 
 31471616      96.800000     -66.760356 
 31471616      96.800000     -66.757852 
 31471616      96.800000     -66.756789 
 31471616      96.800000     -66.748699 
 31471616      96.800000     -66.743093 
 31471616      96.800000     -66.750756 
 31471616      96.800000     -66.748339 
 31471616      96.800000     -66.747316 
 31471616      96.800000     -66.746482 
 31471616      96.800000     -66.741215 
 31471616      96.800000     -66.752256 
 31471616      96.800000     -66.748178 
 31471616      96.800000     -66.748549 
 31471616      96.800000     -66.749225 
 31471616      96.800000     -66.752977 
 31471616      96.800000     -66.750378 
 31471616      96.800000     -66.749705 
 31471616      96.800000     -66.748282 
 31471616      96.800000     -66.752239 
 31471616      96.800000     -66.745139 
 31471616      96.800000     -66.746124 
 31471616      96.800000     -66.749362 
 31471616      96.800000     -66.763084 
 31471616      96.800000     -66.758879 
 31471616      10.400000     -66.746076 
 31471616      96.800000     -66.746913 
 31471616      96.800000     -66.764541 
 31471616      96.800000     -66.762210 
 31471616      96.800000     -66.762244 
 31471616      96.800000     -66.762033 
 31471616      96.800000     -66.761639 
 31471616      96.800000     -66.765794 
 31471616      96.800000     -66.757234 
 31471616      96.800000     -66.763048 
 31471616      96.800000     -66.759178 
 31471616      96.800000     -66.759693 
 31471616      96.800000     -66.762995 
 31471616      96.800000     -66.760097 
 31471616      96.800000     -66.755512 
 31471616      96.800000     -66.762382 
 31471616      96.800000     -66.760966 
 31471616      96.800000     -66.758789 
 31471616      96.800000     -66.762863 
 31471616      96.800000     -66.758942 
 31471616      96.800000     -66.762851 
 31471616      96.800000     -66.763107 
 31471616      96.800000     -66.758333 
 31471616      96.800000     -66.758567 
 31471616      96.800000     -66.760208 
 31471616      96.800000     -66.748520 
 31471616      96.800000     -66.749451 
 31471616      96.800000     -66.744967 
 31471616      96.800000     -66.748633 
 31471616      96.800000     -66.744308 
 31471616      96.800000     -66.746040 
 31471616      96.800000     -66.743551 
 31471616      96.800000     -66.752285 
 31471616      96.800000     -66.747361 
 31471616      96.800000     -66.746183 
 31471616      96.800000     -66.746473 
 31471616      96.800000     -66.749500 
 31471616      96.800000     -66.752304 
 31471616      96.800000     -66.750316 
 31471616      96.800000     -66.749093 
 31471616      96.800000     -66.750238 
 31471616      96.800000     -66.748209 
 31471616      96.800000     -66.748100 
 31471616      96.800000     -66.748723 
 31471616      96.800000     -66.752030 
 31471616      96.800000     -66.761389 
 31471616      96.800000     -66.749510 
 31471616      96.800000     -66.762024 
 31471616      96.800000     -66.749679 
 31471616      96.800000     -66.766545 
 31471616      96.800000     -66.746502 
 31471616      96.800000     -66.757928 
 31471616      96.800000     -66.761635 
 31471616      96.800000     -66.750878 
 31471616      96.800000     -66.761154 
 31471616      96.800000     -66.763483 
 31471616      96.800000     -66.759186 
 31471616      96.800000     -66.764777 
 31471616      96.800000     -66.758280 
 31471616      96.800000     -66.762205 
 31471616      96.800000     -66.760906 
 31471616      96.800000     -66.760452 
 31471616      96.800000     -66.756471 
 31471616      96.800000     -66.760269 
 31471616      96.800000     -66.756197 
 31471616      96.800000     -66.761219 
 31471616      96.800000     -66.757618 
 31471616      96.800000     -66.759152 
 31471616      96.800000     -66.759793 
 31471616      96.800000     -66.755364 
 31471616       0.400000     -66.745613 
 31471616      96.800000     -66.744783 
 31471616      96.800000     -66.749132 
 31471616      96.800000     -66.749892 
 31471616      96.800000     -66.753636 
 31471616      96.800000     -66.751961 
 31471616      96.800000     -66.748531 
 31471616      96.800000     -66.748260 
 31471616      96.800000     -66.744023 
 31471616      96.800000     -66.753352 
 31471616      96.800000     -66.749438 
 31471616      96.800000     -66.742852 
 31471616      96.800000     -66.749296 
 31471616      96.800000     -66.747056 
 31471616      96.800000     -66.751286 
 31471616      96.800000     -66.748500 
 31471616      96.800000     -66.746390 
 31471616      96.800000     -66.743837 
 31471616      96.800000     -66.746201 
 31471616      96.800000     -66.751160 
 31471616      96.800000     -66.763783 
 31471616      96.800000     -66.753754 
 31471616      96.800000     -66.749374 
 31471616      96.800000     -66.748355 
 31471616      96.800000     -66.763300 
 31471616      96.800000     -66.765633 
 31471616      96.800000     -66.747588 
 31471616      96.800000     -66.744354 
 31471616      96.800000     -66.750340 
 31471616      96.800000     -66.757664 
 31471616      96.800000     -66.763268 
 31471616      96.800000     -66.757672 
 31471616      96.800000     -66.758019 
 31471616      96.800000     -66.757148 
 31471616      96.800000     -66.759555 
 31471616      96.800000     -66.757283 
 31471616      96.800000     -66.760273 
 31471616      96.800000     -66.757442 
 31471616      96.800000     -66.766415 
 31471616      96.800000     -66.768154 
 31471616      96.800000     -66.761313 
 31471616      96.800000     -66.761044 
 31471616      96.800000     -66.758564 
 31471616      96.800000     -66.764010 
 31471616      96.800000     -66.755257 
 31471616      96.800000     -66.759587 
 31471360      96.800000     111.112918 
 31471360      96.800000     111.111824 
 31471360      96.800000     111.103657 
 31471360      96.800000     111.106554 
 31471360      96.800000     111.111975 
 31471360      96.800000     111.105432 
 31471360      96.800000     111.106600 
 31471360      96.800000     111.111071 
 31471360      96.800000     111.104085 
 31471360      96.800000     111.104066 
 31471360      96.800000     111.109929 
 31471360      96.800000     111.110290 
 31471360      96.800000     111.114273 
 31471360      96.800000     111.115310 
 31471360      96.800000     111.114941 
 31471360      96.800000     111.112575 
 31471360      96.800000     111.106619 
 31471360      96.800000     111.108789 
 31471360      96.800000     111.100696 
 31471360      96.800000     111.113971 
 31471360      96.800000     111.111196 
 31471360      96.800000     111.095544 
 31471360      96.800000     111.096946 
 31471360      96.800000     111.101445 
 31471360      96.800000     111.094015 
 31471360      96.800000     111.102320 
 31471360      96.800000     111.097999 
 31471360      96.800000     111.096535 
 31471360      96.800000     111.099664 
 31471360      96.800000     111.101383 
 31471360      96.800000     111.093034 
 31471360      96.800000     111.100261 
 31471360      96.800000     111.101372 
 31471360      96.800000     111.097864 
 31471360      96.800000     111.103673 
 31471360      96.800000     111.101743 
 31471360      96.800000     111.103181 
 31471360      96.800000     111.106596 
 31471360      96.800000     111.104452 
 31471360      96.800000     111.099140 
 31471360      96.800000     111.095914 
 31471360      96.800000     111.109272 
 31471360      96.800000     111.111214 
 31471360      96.800000     111.106782 
 31471360      96.800000     111.105489 
 31471360      96.800000     111.111202 
 31471360      96.800000     111.108769 
 31471360      96.800000     111.099506 
 31471360      96.800000     111.110872 
 31471360      96.800000     111.110646 
 31471360      96.800000     111.110602 
 31471360      96.800000     111.110756 
 31471360      96.800000     111.110497 
 31471360      96.800000     111.115375 
 31471360      96.800000     111.111115 
 31471360      96.800000     111.110266 
 31471360      96.800000     111.110850 
 31471360      96.800000     111.107048 
 31471360      96.800000     111.107483 
 31471360      96.800000     111.108328 
 31471360      96.800000     111.107404 
 31471360      96.800000     111.104618 
 31471360      96.800000     111.115472 
 31471360      96.800000     111.108630 
 31471360      96.800000     111.099105 
 31471360      96.800000     111.099469 
 31471360      96.800000     111.102087 
 31471360      96.800000     111.101880 
 31471360      96.800000     111.099910 
 31471360      96.800000     111.100137 
 31471360      96.800000     111.099336 
 31471360      96.800000     111.099995 
 31471360      96.800000     111.095541 
 31471360      96.800000     111.095346 
 31471360      96.800000     111.099224 
 31471360      96.800000     111.102088 
 31471360      96.800000     111.103708 
 31471360      96.800000     111.098373 
 31471360      96.800000     111.100515 
 31471360      96.800000     111.092349 
 31471360      96.800000     111.106140 
 31471360      96.800000     111.102594 
 31471360      96.800000     111.106858 
 31471360      96.800000     111.104464 
 31471360      96.800000     111.106382 
 31471360      96.800000     111.104104 
 31471360      96.800000     111.102171 
 31471360      96.800000     111.099748 
 31471360      96.800000     111.100184 
 31471360      96.800000     111.099327 
 31471360      96.800000     111.102273 
 31471360      96.800000     111.102136 
 31471360      96.800000     111.106545 
 31471360      96.800000     111.107550 
 31471360      96.800000     111.109569 
 31471360      96.800000     111.106973 
 31471360      96.800000     111.103108 
 31471360      96.800000     111.100259 
 31471360      96.800000     111.112288 
 31471360      96.800000     111.105462 
 31471360      96.800000     111.109471 
 31471360      96.800000     111.104407 
 31471360      96.800000     111.111124 
 31471360      96.800000     111.107693 
 31471360      96.800000     111.108711 
 31471360      96.800000     111.114793 
 31471360      96.800000     111.113927 
 31471360      96.800000     111.108855 
 31471360      96.800000     111.116538 
 31471360      96.800000     111.108429 
 31471360      96.800000     111.113143 
 31471360      96.800000     111.104316 
 31471360      96.800000     111.112896 
 31471360      96.800000     111.110210 
 31471360      96.800000     111.110714 
 31471360      96.800000     111.107611 
 31471360      96.800000     111.098195 
 31471360      96.800000     111.102340 
 31471360      96.800000     111.100615 
 31471360      96.800000     111.097324 
 31471360      96.800000     111.102048 
 31471360      96.800000     111.100020 
 31471360      96.800000     111.101748 
 31471360      96.800000     111.097491 
 31471360      96.800000     111.092998 
 31471360      96.800000     111.100514 
 31471360      96.800000     111.097947 
 31471360      96.800000     111.103523 
 31471360      96.800000     111.101656 
 31471360      96.800000     111.102473 
 31471360      96.800000     111.104294 
 31471360      96.800000     111.092049 
 31471360      96.800000     111.098658 
 31471360      96.800000     111.102462 
 31471360      96.800000     111.097482 
 31471360      10.400000     111.101000 
 31471360      96.800000     111.100915 
 31471360      96.800000     111.105810 
 31471360      96.800000     111.106852 
 31471360      96.800000     111.111540 
 31471360      96.800000     111.105408 
 31471360      96.800000     111.105619 
 31471360      96.800000     111.110007 
 31471360      96.800000     111.105486 
 31471360      96.800000     111.106720 
 31471360      96.800000     111.112183 
 31471360      96.800000     111.110549 
 31471360      96.800000     111.111646 
 31471360      96.800000     111.109110 
 31471360      96.800000     111.107804 
 31471360      96.800000     111.115321 
 31471360      96.800000     111.115902 
 31471360      96.800000     111.117652 
 31471360      96.800000     111.104473 
 31471360      96.800000     111.111410 
 31471360      96.800000     111.108102 
 31471360      96.800000     111.108537 
 31471360      96.800000     111.105072 
 31471360      96.800000     111.104668 
 31471360      96.800000     111.114975 
 31471360      96.800000     111.100759 
 31471360      96.800000     111.104215 
 31471360      96.800000     111.103947 
 31471360      96.800000     111.098224 
 31471360      96.800000     111.097972 
 31471360      96.800000     111.105119 
 31471360      96.800000     111.098125 
 31471360      96.800000     111.097542 
 31471360      96.800000     111.096290 
 31471360      96.800000     111.100696 
 31471360      96.800000     111.102781 
 31471360      96.800000     111.096131 
 31471360      96.800000     111.098212 
 31471360      96.800000     111.100099 
 31471360      96.800000     111.098757 
 31471360      96.800000     111.104275 
 31471360      96.800000     111.105518 
 31471360      96.800000     111.102972 
 31471360      96.800000     111.100373 
 31471360      96.800000     111.096334 
 31471360       0.400000     111.100921 
 31471360      96.800000     111.102962 
 46134016      96.800000     111.783764 
 46134016      96.800000     111.788563 
 46134016      96.800000     111.786047 
 46134016      96.800000     111.787213 
 46134016      96.800000     111.793148 
 46134016      96.800000     111.787863 
 46134016      96.800000     111.783582 
 46134016      96.800000     111.785841 
 46134016      96.800000     111.782365 
 46134016      96.800000     111.790100 
 46134016      96.800000     111.781844 
 46134016      96.800000     111.788965 
 46134016      96.800000     111.785619 
 46134016      96.800000     111.786995 
 46134016      96.800000     111.786281 
 46134016      96.800000     111.779970 
 46134016      96.800000     111.790376 
 46134016      96.800000     111.783116 
 46134016      96.800000     111.795459 
 46134016      96.800000     111.785004 
 46134016      96.800000     111.790633 
 46134016      96.800000     111.793763 
 46134016      96.800000     111.789235 
 46134016      96.800000     111.788167 
 46134016      96.800000     111.789456 
 46134016      96.800000     111.787652 
 46134016      96.800000     111.790612 
 46134016      96.800000     111.789194 
 46134016      96.800000     111.791359 
 46134016      96.800000     111.789642 
 46134016      96.800000     111.793078 
 46134016      96.800000     111.790541 
 46134016      96.800000     111.786304 
 46134016      96.800000     111.792813 
 46134016      96.800000     111.784669 
 46134016      96.800000     111.788512 
 46134016      96.800000     111.798530 
 46134016      10.400000     111.767833 
 46134016      96.800000     111.767751 
 46134016      96.800000     111.774517 
 46134016      96.800000     111.767886 
 46134016      96.800000     111.792963 
 46134016      96.800000     111.773320 
 46134016      96.800000     111.774888 
 46134016      96.800000     111.781411 
 46134016      96.800000     111.785128 
 46134016      96.800000     111.773299 
 46134016      96.800000     111.783809 
 46134016      96.800000     111.781787 
 46134016      96.800000     111.781524 
 46134016      96.800000     111.776647 
 46134016      96.800000     111.785641 
 46134016      96.800000     111.781823 
 46134016      96.800000     111.789757 
 46134016      96.800000     111.788526 
 46134016      96.800000     111.788118 
 46134016      96.800000     111.786455 
 46134016      96.800000     111.791166 
 46134016      96.800000     111.785445 
 46134016      96.800000     111.793030 
 46134016      96.800000     111.793187 
 46134016      96.800000     111.791596 
 46134016      96.800000     111.788604 
 46134016      96.800000     111.790603 
 46134016      96.800000     111.790374 
 46134016      96.800000     111.790557 
 46134016      96.800000     111.789529 
 46134016      96.800000     111.783627 
 46134016      96.800000     111.793277 
 46134016      96.800000     111.793951 
 46134016      96.800000     111.781378 
 46134016      96.800000     111.771771 
 46134016      96.800000     111.781617 
 46134016      96.800000     111.782234 
 46134016      96.800000     111.777910 
 46134016      96.800000     111.782151 
 46134016      96.800000     111.778659 
 46134016      96.800000     111.775419 
 46134016      96.800000     111.781078 
 46134016      96.800000     111.783052 
 46134016      96.800000     111.781823 
 46134016      96.800000     111.783779 
 46134016      96.800000     111.778937 
 46134016      96.800000     111.781529 
 46134016      96.800000     111.781053 
 46134016      96.800000     111.784404 
 46134016      96.800000     111.772704 
 46134016      96.800000     111.771848 
 46134016      96.800000     111.770239 
 46134016      96.800000     111.771653 
 46134016      96.800000     111.779348 
 46134016      96.800000     111.773305 
 46134016      96.800000     111.781792 
 46134016      96.800000     111.778133 
 46134016      96.800000     111.776229 
 46134016      96.800000     111.779536 
 46134016      96.800000     111.774264 
 46134016      96.800000     111.781325 
 46134016      96.800000     111.779822 
 46134016      96.800000     111.775874 
 46134016      96.800000     111.781042 
 46134016      96.800000     111.779910 
 46134016      96.800000     111.778334 
 46134016      96.800000     111.774993 
 46134016      96.800000     111.776111 
 46134016      96.800000     111.773920 
 46134016      96.800000     111.774055 
 46134016      96.800000     111.774260 
 46134016      96.800000     111.771607 
 46134016      96.800000     111.782840 
 46134016      96.800000     111.777607 
 46134016      96.800000     111.775832 
 46134016      96.800000     111.772107 
 46134016      96.800000     111.777145 
 46134016      96.800000     111.778811 
 46134016      96.800000     111.778060 
 46134016      96.800000     111.777455 
 46134016      96.800000     111.773504 
 46134016      96.800000     111.794333 
 46134016      96.800000     111.787831 
 46134016      96.800000     111.790013 
 46134016      96.800000     111.792033 
 46134016      96.800000     111.781908 
 46134016      96.800000     111.786837 
 46134016      96.800000     111.789600 
 46134016      96.800000     111.791333 
 46134016      96.800000     111.789401 
 46134016      96.800000     111.790060 
 46134016      96.800000     111.786180 
 46134016      96.800000     111.784660 
 46134016      96.800000     111.783822 
 46134016      96.800000     111.785836 
 46134016      96.800000     111.785648 
 46134016      96.800000     111.793961 
 46134016      96.800000     111.792970 
 46134016      96.800000     111.793863 
 46134016      96.800000     111.790760 
 46134016      96.800000     111.789751 
 46134016      96.800000     111.790606 
 46134016      96.800000     111.795502 
 46134016      96.800000     111.783578 
 46134016      96.800000     111.792525 
 46134016      96.800000     111.792147 
 46134016      96.800000     111.790660 
 46134016      96.800000     111.779794 
 46134016      96.800000     111.796300 
 46134016      96.800000     111.785754 
 46134016      96.800000     111.790598 
 46134016      96.800000     111.790210 
 46134016      96.800000     111.791722 
 46134016      96.800000     111.792481 
 46134016      96.800000     111.788678 
 46134016      96.800000     111.791042 
 46134016      96.800000     111.783110 
 46134016      96.800000     111.793300 
 46134016      96.800000     111.790715 
 46134016      96.800000     111.789028 
 46134016      96.800000     111.770267 
 46134016      96.800000     111.775730 
 46134016      96.800000     111.777023 
 46134016      96.800000     111.780376 
 46134016      96.800000     111.780801 
 46134016      96.800000     111.780530 
 46134016      96.800000     111.786821 
 46134016      96.800000     111.788985 
 46134016      96.800000     111.790942 
 46134016      96.800000     111.791168 
 46134016      96.800000     111.790098 
 46134016      96.800000     111.790866 
 46134016      96.800000     111.790539 
 46134016      96.800000     111.781205 
 46134016      96.800000     111.789335 
 46134016      96.800000     111.796114 
 46134016      96.800000     111.788896 
 46134016      96.800000     111.793515 
 46134016      96.800000     111.785458 
 46134016      96.800000     111.787912 
 46134016      96.800000     111.787321 
 46134016      96.800000     111.793394 
 46134016      96.800000     111.775168 
 46134016      96.800000     111.777578 
 46134016      96.800000     111.774107 
 46134016      96.800000     111.776804 
 46134016      96.800000     111.773557 
 46134016      96.800000     111.777812 
 46134016      96.800000     111.781334 
 46134016      96.800000     111.785011 
 46134016      96.800000     111.782357 
 46134016      96.800000     111.776653 
 46134016      96.800000     111.781158 
 46134016      96.800000     111.774676 
 46134016      96.800000     111.774795 
 46134016      96.800000     111.778533 
 46134016      96.800000     111.779466 
 46134016      96.800000     111.784798 
 46134016      96.800000     111.782241 
 46134016      96.800000     111.779608 
 46134016      96.800000     111.775818 
 46134016      96.800000     111.782723 
 46134016      96.800000     111.782777 
 46134016      96.800000     111.777741 
 46134016      96.800000     111.777349 
 46134016      96.800000     111.777168 
 46134016      96.800000     111.768585 
 46134016      96.800000     111.777264 
 46134016      96.800000     111.773316 
 46134016      96.800000     111.776320 
 46134016      96.800000     111.773293 
 46134016      96.800000     111.772669 
 46134016      96.800000     111.776736 
 46134016      96.800000     111.779297 
 46134016      96.800000     111.780356 
 46134016      96.800000     111.775754 
 46134016      96.800000     111.778642 
 46134016      96.800000     111.776175 
 46134016      96.800000     111.784150 
 46134016      96.800000     111.781504 
 46134016      96.800000     111.773670 
 46134016      96.800000     111.776987 
 46134016      96.800000     111.775342 
 46134016      96.800000     111.781253 
 46134016      96.800000     111.773777 
 46134016      96.800000     111.777785 
 46134016      96.800000     111.783207 
 46134016      96.800000     111.776725 
 46134016      96.800000     111.773822 
 46134016      96.800000     111.791869 
 46134016      96.800000     111.784945 
 46134016      96.800000     111.781963 
 46134016      96.800000     111.793330 
 46134016      96.800000     111.791456 
 46134016      96.800000     111.789821 
 46134016      96.800000     111.788896 
 46134016      96.800000     111.784680 
 46134016      96.800000     111.787161 
 46134016      96.800000     111.784940 
 46134016      96.800000     111.795327 
 46134016      96.800000     111.785817 
 46134016      96.800000     111.783459 
 46134016      96.800000     111.787485 
 46134016      96.800000     111.781392 
 46134016      96.800000     111.787280 
 46134016      96.800000     111.798527 
 46134016      96.800000     111.791221 
 46134016      96.800000     111.783636 
 46134016      96.800000     111.791415 
 46134016      96.800000     111.793462 
 46134016      96.800000     111.791998 
 46134016      96.800000     111.785170 
 46134016      96.800000     111.794832 
 46134016      96.800000     111.787670 
 46134016      96.800000     111.789469 
 46134016      96.800000     111.791099 
 46134016      96.800000     111.783749 
 46134016      96.800000     111.791413 
 46134016      96.800000     111.790425 
 46134016      96.800000     111.790483 
 46134016      96.800000     111.787327 
 46134016      96.800000     111.784016 
 46134016      96.800000     111.798677 
 46134016      96.800000     111.794805 
 46134016      96.800000     111.787537 
 46134016      96.800000     111.788487 
 46134016      96.800000     111.786289 
 46134016      96.800000     111.791711 
 46134016      96.800000     111.773364 
 46134016      96.800000     111.781170 
 46134016      96.800000     111.793033 
 46134016      96.800000     111.781743 
 46134016      96.800000     111.780615 
 46134016      96.800000     111.790095 
 46134016      96.800000     111.777108 
 46134016      96.800000     111.787341 
 46134016      96.800000     111.786536 
 46134016      96.800000     111.788260 
 46134016      96.800000     111.792792 
 46134016      96.800000     111.789118 
 46134016      96.800000     111.789863 
 46134016      96.800000     111.786828 
 46134016      96.800000     111.797815 
 46134016      96.800000     111.790713 
 46134016      96.800000     111.791235 
 46134016      96.800000     111.785154 
 46134016      96.800000     111.787483 
 46134016      96.800000     111.789303 
 46134016      96.800000     111.786707 
 46134016      96.800000     111.785118 
 46134016      96.800000     111.785803 
 46134016      96.800000     111.784694 
 46134016      96.800000     111.784548 
 46134016      96.800000     111.778687 
 46134016      96.800000     111.794788 
 46134016      96.800000     111.778159 
 46134016      96.800000     111.775337 
 46134016      96.800000     111.782134 
 46134016      96.800000     111.780304 
 46134016      96.800000     111.779295 
 46134016      96.800000     111.784868 
 46134016      96.800000     111.785555 
 46134016      96.800000     111.777230 
 46134016      96.800000     111.775528 
 46134016      96.800000     111.777647 
 46134016      96.800000     111.774774 
 46134016      96.800000     111.779676 
 46134016      96.800000     111.771807 
 46134016      96.800000     111.777740 
 46134016      96.800000     111.782236 
 46134016      96.800000     111.784934 
 46134016      96.800000     111.779060 
 46134016      96.800000     111.769238 
 46134016      96.800000     111.777578 
 46134016      96.800000     111.778048 
 46134016      96.800000     111.781230 
 46134016      96.800000     111.781180 
 46134016      96.800000     111.777622 
 46134016      96.800000     111.768378 
 46134016      96.800000     111.778066 
 46134016      96.800000     111.783814 
 46134016      96.800000     111.784865 
 46134016      96.800000     111.775530 
 46134016      96.800000     111.786118 
 46134016      96.800000     111.773941 
 46134016      96.800000     111.777847 
 46134016      96.800000     111.778396 
 46134016      96.800000     111.773303 
 46134016      96.800000     111.773888 
 46134016      96.800000     111.780265 
 46134016      96.800000     111.770867 
 46134016      96.800000     111.780319 
 46134016      96.800000     111.779284 
 46134016      96.800000     111.774855 
 46134016      96.800000     111.778379 
 46134016      96.800000     111.778259 
 46134016      96.800000     111.771160 
 46134016      96.800000     111.770171 
 46134016      96.800000     111.775033 
 46134016      96.800000     111.783103 
 46134016      96.800000     111.773739 
 46134016      96.800000     111.776844 
 46134016      96.800000     111.778415 
 46134016      96.800000     111.777588 
 46134016      96.800000     111.772686 
 46134016      96.800000     111.795015 
 46134016      96.800000     111.786801 
 46134016      96.800000     111.790931 
 46134016      96.800000     111.788044 
 46134016      96.800000     111.789360 
 46134016      96.800000     111.791884 
 46134016      96.800000     111.783072 
 46134016      96.800000     111.785872 
 46134016      96.800000     111.788052 
 46134016      96.800000     111.788162 
 46134016      96.800000     111.783045 
 46134016      96.800000     111.786202 
 46134016      96.800000     111.784950 
 46134016      96.800000     111.787124 
 46134016      96.800000     111.789398 
 46134016      96.800000     111.790858 
 46134016      96.800000     111.779024 
 46134016      96.800000     111.778741 
 46134016      96.800000     111.791306 
 46134016      96.800000     111.796485 
 46134016      96.800000     111.782743 
 46134016      96.800000     111.788505 
 46134016      96.800000     111.792783 
 46134016      96.800000     111.791865 
 46134016      96.800000     111.792999 
 46134016      96.800000     111.789391 
 46134016      96.800000     111.786408 
 46134016      96.800000     111.790768 
 46134016      96.800000     111.786074 
 46134016      96.800000     111.787563 
 46134016      96.800000     111.788881 
 46134016      96.800000     111.791853 
 46134016      96.800000     111.790179 
 46134016      96.800000     111.785599 
 46134016      96.800000     111.789339 
 46134016       0.400000     111.768291 
 46134016      96.800000     111.777421 
 46134016      96.800000     111.771059 
 46134016      96.800000     111.785846 
 46134016      96.800000     111.789808 
 46134016      96.800000     111.794204 
 46134016      96.800000     111.779798 
 46134016      96.800000     111.780270 
 46134016      96.800000     111.769493 
 46134016      96.800000     111.781197 
 46134016      96.800000     111.782198 
 46134016      96.800000     111.788108 
 46134016      96.800000     111.793645 
 46134016      96.800000     111.789713 
 46134016      96.800000     111.781880 
 46134016      96.800000     111.790892 
 46134016      96.800000     111.792368 
 46134016      96.800000     111.787853 
 46134016      96.800000     111.790155 
 46134016      96.800000     111.794950 
 46134016      96.800000     111.793943 
 46134016      96.800000     111.792622 
 46134016      96.800000     111.791220 
 46134016      96.800000     111.793886 
 46134016      96.800000     111.785460 
 46134016      96.800000     111.783521 
 46134016      96.800000     111.789812 
 46134016      96.800000     111.792533 
 46134016      96.800000     111.786725 
 46134016      96.800000     111.780662 
 46134016      96.800000     111.781206 
 46134016      96.800000     111.776624 
 46134016      96.800000     111.775123 
 46134016      96.800000     111.782855 
 46134016      96.800000     111.778907 
 46134016      96.800000     111.778562 
 46134016      96.800000     111.778784 
 46134016      96.800000     111.775368 
 46134016      96.800000     111.774061 
 46134016      96.800000     111.772776 
 46134016      96.800000     111.773442 
 46134016      96.800000     111.783557 
 46134016      96.800000     111.778809 
 46134016      96.800000     111.784208 
 46134016      96.800000     111.775115 
 46134016      96.800000     111.771763 
 46134016      96.800000     111.779788 
 46134016      96.800000     111.782094 
 46134016      96.800000     111.783624 
 46134016      96.800000     111.776431 
 46134016      96.800000     111.770821 
 46134016      96.800000     111.776979 
 46134016      96.800000     111.774863 
 46134016      96.800000     111.772706 
 46134016      96.800000     111.777241 
 46134016      96.800000     111.779632 
 46134016      96.800000     111.778559 
 46134016      96.800000     111.781909 
 46134016      96.800000     111.779131 
 46134016      96.800000     111.772139 
 46134016      96.800000     111.770580 
 46134016      96.800000     111.772985 
 46134016      96.800000     111.779374 
 46134016      96.800000     111.776752 
 46134016      96.800000     111.776162 
 46134016      96.800000     111.779296 
 46134016      96.800000     111.774457 
 46134016      96.800000     111.775561 
 46134016      96.800000     111.773461 
 46134016      96.800000     111.777600 
 46134016      96.800000     111.772778 
 46134016      96.800000     111.770493 
 46134016      96.800000     111.778871 
 46134016      96.800000     111.779567 
 46134016      96.800000     111.772753 
 46136576      96.800000     111.114333 
 46136576      96.800000     111.119782 
 46136576      96.800000     111.119285 
 46136576      96.800000     111.120032 
 46136576      96.800000     111.117239 
 46136576      96.800000     111.117832 
 46136576      96.800000     111.110141 
 46136576      96.800000     111.117677 
 46136576      96.800000     111.115559 
 46136576      96.800000     111.116262 
 46136576      96.800000     111.121815 
 46136576      96.800000     111.117596 
 46136576      96.800000     111.121586 
 46136576      96.800000     111.119776 
 46136576      96.800000     111.123212 
 46136576      96.800000     111.122114 
 46136576      96.800000     111.125622 
 46136576      96.800000     111.119909 
 46136576      96.800000     111.118961 
 46136576      96.800000     111.113912 
 46136576      96.800000     111.115435 
 46136576      96.800000     111.116983 
 46136576      96.800000     111.117395 
 46136576      96.800000     111.117973 
 46136576      96.800000     111.119318 
 46136576      96.800000     111.120981 
 46136576      96.800000     111.128891 
 46136576      96.800000     111.127165 
 46136576      96.800000     111.118253 
 46136576      96.800000     111.121114 
 46136576      96.800000     111.127022 
 46136576      96.800000     111.122661 
 46136576      96.800000     111.127315 
 46136576      96.800000     111.120716 
 46136576      96.800000     111.127118 
 46136576      96.800000     111.129746 
 46136576      96.800000     111.125481 
 46136576      96.800000     111.126802 
 46136576      96.800000     111.132686 
 46136576      96.800000     111.128266 
 46136576      96.800000     111.129059 
 46136576      96.800000     111.132308 
 46136576      96.800000     111.122271 
 46136576      96.800000     111.127472 
 46136576      96.800000     111.123589 
 46136576      96.800000     111.118815 
 46136576      96.800000     111.124173 
 46136576      96.800000     111.124990 
 46136576      96.800000     111.125866 
 46136576      96.800000     111.117170 
 46136576      96.800000     111.128680 
 46136576      96.800000     111.125657 
 46136576      96.800000     111.116811 
 46136576      96.800000     111.129962 
 46136576      96.800000     111.120114 
 46136576      96.800000     111.119312 
 46136576      96.800000     111.131144 
 46136576      96.800000     111.120919 
 46136576      96.800000     111.123852 
 46136576      96.800000     111.124215 
 46136576      96.800000     111.136807 
 46136576      96.800000     111.120808 
 46136576      96.800000     111.124533 
 46136576      96.800000     111.128245 
 46136576      96.800000     111.126493 
 46136576      96.800000     111.123553 
 46136576      96.800000     111.122205 
 46136576      96.800000     111.127670 
 46136576      96.800000     111.123642 
 46136576      96.800000     111.114047 
 46136576      96.800000     111.119014 
 46136576      96.800000     111.118589 
 46136576      96.800000     111.129719 
 46136576      96.800000     111.126214 
 46136576      96.800000     111.128635 
 46136576      96.800000     111.131862 
 46136576      96.800000     111.123643 
 46136576      96.800000     111.117456 
 46136576      96.800000     111.119346 
 46136576      96.800000     111.127565 
 46136576      96.800000     111.118084 
 46136576      96.800000     111.123059 
 46136576      96.800000     111.118048 
 46136576      96.800000     111.125255 
 46136576      96.800000     111.128915 
 46136576      96.800000     111.121494 
 46136576      96.800000     111.129379 
 46136576      96.800000     111.120639 
 46136576      96.800000     111.128511 
 46136576      96.800000     111.127640 
 46136576      96.800000     111.113044 
 46136576      96.800000     111.116286 
 46136576      96.800000     111.125704 
 46136576      96.800000     111.122138 
 46136576      96.800000     111.133879 
 46136576      96.800000     111.115876 
 46136576      96.800000     111.118927 
 46136576      96.800000     111.116657 
 46136576      96.800000     111.124780 
 46136576      96.800000     111.122374 
 46136576      96.800000     111.121918 
 46136576      96.800000     111.129838 
 46136576      96.800000     111.133207 
 46136576      96.800000     111.131019 
 46136576      96.800000     111.131537 
 46136576      96.800000     111.126755 
 46136576      96.800000     111.127862 
 46136576      96.800000     111.130157 
 46136576      96.800000     111.132565 
 46136576      96.800000     111.127586 
 46136576      96.800000     111.129104 
 46136576      96.800000     111.129244 
 46136576      96.800000     111.130279 
 46136576      10.400000     111.114369 
 46136576      96.800000     111.120650 
 46136576      96.800000     111.121339 
 46136576      96.800000     111.116808 
 46136576      96.800000     111.117443 
 46136576      96.800000     111.112039 
 46136576      96.800000     111.115250 
 46136576      96.800000     111.120620 
 46136576      96.800000     111.116276 
 46136576      96.800000     111.116893 
 46136576      96.800000     111.120972 
 46136576      96.800000     111.117459 
 46136576      96.800000     111.119673 
 46136576      96.800000     111.122251 
 46136576      96.800000     111.121877 
 46136576      96.800000     111.123019 
 46136576      96.800000     111.121465 
 46136576      96.800000     111.123974 
 46136576      96.800000     111.115190 
 46136576      96.800000     111.114544 
 46136576      96.800000     111.115554 
 46136576      96.800000     111.125726 
 46136576      96.800000     111.120808 
 46136576      96.800000     111.120741 
 46136576      96.800000     111.122279 
 46136576      96.800000     111.118626 
 46136576      96.800000     111.122512 
 46136576      96.800000     111.129502 
 46136576      96.800000     111.123657 
 46136576      96.800000     111.128722 
 46136576      96.800000     111.134006 
 46136576      96.800000     111.127642 
 46136576      96.800000     111.129462 
 46136576      96.800000     111.121795 
 46136576      96.800000     111.128406 
 46136576      96.800000     111.129892 
 46136576      96.800000     111.131154 
 46136576      96.800000     111.128530 
 46136576      96.800000     111.128606 
 46136576      96.800000     111.124953 
 46136576      96.800000     111.127934 
 46136576      96.800000     111.116535 
 46136576      96.800000     111.124571 
 46136576      96.800000     111.134375 
 46136576      96.800000     111.130647 
 46136576      96.800000     111.128766 
 46136576      96.800000     111.123505 
 46136576      96.800000     111.131848 
 46136576      96.800000     111.120048 
 46136576      96.800000     111.109445 
 46136576      96.800000     111.121518 
 46136576      96.800000     111.111867 
 46136576      96.800000     111.131326 
 46136576      96.800000     111.124864 
 46136576      96.800000     111.116865 
 46136576      96.800000     111.131787 
 46136576      96.800000     111.127864 
 46136576      96.800000     111.130780 
 46136576      96.800000     111.126448 
 46136576      96.800000     111.112347 
 46136576      96.800000     111.127913 
 46136576      96.800000     111.130660 
 46136576      96.800000     111.120438 
 46136576      96.800000     111.127403 
 46136576      96.800000     111.121033 
 46136576      96.800000     111.124611 
 46136576      96.800000     111.120049 
 46136576      96.800000     111.117271 
 46136576      96.800000     111.129730 
 46136576      96.800000     111.126624 
 46136576      96.800000     111.128270 
 46136576      96.800000     111.112860 
 46136576      96.800000     111.119084 
 46136576      96.800000     111.129724 
 46136576      96.800000     111.111423 
 46136576      96.800000     111.129850 
 46136576      96.800000     111.127553 
 46136576      96.800000     111.118036 
 46136576      96.800000     111.119357 
 46136576      96.800000     111.127886 
 46136576      96.800000     111.123850 
 46136576      96.800000     111.123141 
 46136576      96.800000     111.118772 
 46136576      96.800000     111.119583 
 46136576      96.800000     111.116918 
 46136576      96.800000     111.127747 
 46136576      96.800000     111.118464 
 46136576      96.800000     111.128324 
 46136576      96.800000     111.126340 
 46136576      96.800000     111.117741 
 46136576      96.800000     111.119631 
 46136576      96.800000     111.118145 
 46136576      96.800000     111.125824 
 46136576      96.800000     111.126531 
 46136576      96.800000     111.123288 
 46136576      96.800000     111.116932 
 46136576      96.800000     111.127446 
 46136576      96.800000     111.125559 
 46136576      96.800000     111.133464 
 46136576      96.800000     111.129666 
 46136576      96.800000     111.127590 
 46136576      96.800000     111.121649 
 46136576      96.800000     111.129779 
 46136576      96.800000     111.127954 
 46136576      96.800000     111.125539 
 46136576      96.800000     111.129154 
 46136576      96.800000     111.124316 
 46136576      96.800000     111.125799 
 46136576      96.800000     111.126799 
 46136576      96.800000     111.130680 
 46136576      96.800000     111.129189 
 46136576      96.800000     111.129136 
 46136576      96.800000     111.129868 
 46136576       0.400000     111.114263 
 46136576      96.800000     111.121464 
 46136576      96.800000     111.117432 
 46136576      96.800000     111.117662 
 46136576      96.800000     111.118052 
 46136576      96.800000     111.118707 
 46136576      96.800000     111.115036 
 46136576      96.800000     111.120468 
 46136576      96.800000     111.114149 
 46136576      96.800000     111.117845 
 46136576      96.800000     111.119716 
 46136576      96.800000     111.121830 
 46136576      96.800000     111.120224 
 46136576      96.800000     111.122189 
 46136576      96.800000     111.118906 
 46136576      96.800000     111.121899 
 46136576      96.800000     111.116109 
 46136576      96.800000     111.116816 
 46136576      96.800000     111.118616 
 46136576      96.800000     111.118957 
 46136576      96.800000     111.117787 
 46136576      96.800000     111.111155 
 46136576      96.800000     111.123176 
 46136576      96.800000     111.114794 
 46136576      96.800000     111.118060 
 46136576      96.800000     111.117231 
 46136576      96.800000     111.121234 
 46136576      96.800000     111.132755 
 46136576      96.800000     111.129340 
 46136576      96.800000     111.117117 
 46136576      96.800000     111.127748 
 46136576      96.800000     111.126518 
 46136576      96.800000     111.133014 
 46136576      96.800000     111.119858 
 46136576      96.800000     111.124726 
 46136576      96.800000     111.132020 
 46136576      96.800000     111.127524 
 46136576      96.800000     111.128901 
 46136576      96.800000     111.120424 
 46136576      96.800000     111.125119 
 46136576      96.800000     111.128950 
 46136576      96.800000     111.125621 
 46136576      96.800000     111.133122 
 46136576      96.800000     111.130978 
 46136576      96.800000     111.122277 
 46136576      96.800000     111.117258 
 46136576      96.800000     111.123159 
 46136576      96.800000     111.132328 
 46136576      96.800000     111.126756 
 46136576      96.800000     111.119087 
 46136576      96.800000     111.126347 
 46136576      96.800000     111.118533 
 46136576      96.800000     111.112469 
 46136576      96.800000     111.124979 
 46136576      96.800000     111.129097 
 46136576      96.800000     111.119050 
 46136576      96.800000     111.119731 
 46136576      96.800000     111.128521 
 46136576      96.800000     111.123917 
 46136576      96.800000     111.131034 
 46136576      96.800000     111.129134 
 46136576      96.800000     111.127139 
 46136576      96.800000     111.120822 
 46136576      96.800000     111.130922 
 46136576      96.800000     111.108302 
 46136576      96.800000     111.125611 
 46136576      96.800000     111.114113 
 46136576      96.800000     111.121980 
 46136576      96.800000     111.122590 
 46136576      96.800000     111.122091 
 46136576      96.800000     111.117359 
 46136576      96.800000     111.119303 
 46136576      96.800000     111.133080 
 46136576      96.800000     111.123862 
 46136576      96.800000     111.116542 
 46136576      96.800000     111.119220 
 46136576      96.800000     111.117328 
 46136576      96.800000     111.113697 
 46136576      96.800000     111.115050 
 46136576      96.800000     111.132358 
 46136576      96.800000     111.115518 
 46136576      96.800000     111.124125 
 46136576      96.800000     111.117999 
 46136576      96.800000     111.123050 
 46136576      96.800000     111.131677 
 46136576      96.800000     111.131168 
 46136576      96.800000     111.116289 
 46136576      96.800000     111.128327 
 46136576      96.800000     111.119309 
 46136576      96.800000     111.129798 
 46136576      96.800000     111.116682 
 46136576      96.800000     111.120923 
 46136576      96.800000     111.128647 
 46136576      96.800000     111.126002 
 46136576      96.800000     111.129655 
 46136576      96.800000     111.126186 
 46136576      96.800000     111.124579 
 46136576      96.800000     111.132440 
 46136576      96.800000     111.130342 
 46136576      96.800000     111.128731 
 46136576      96.800000     111.126160 
 46136576      96.800000     111.125358 
 46136576      96.800000     111.127414 
 46136576      96.800000     111.129859 
 46136576      96.800000     111.125470 
 46136576      96.800000     111.123913 
 46136576      96.800000     111.124473 
 46136576      96.800000     111.128412 
 46136576      96.800000     111.125705 
 46136576      96.800000     111.127122 
 46136576      96.800000     111.132913 
 46136576      96.800000     111.130490 
 46136576      96.800000     111.126465 
 46136576      96.800000     111.121333 
 46136576      96.800000     111.117936 
 46136576      96.800000     111.118172 
 46136576      96.800000     111.118211 
 46136576      96.800000     111.117996 
 46136576      96.800000     111.116923 
 46136576      96.800000     111.116399 
 46136576      96.800000     111.117547 
 46136576      96.800000     111.118670 
 46136576      96.800000     111.121381 
 46136576      96.800000     111.124811 
 46136576      96.800000     111.120894 
 46136576      96.800000     111.109908 
 46136576      96.800000     111.115851 
 46136576      96.800000     111.123337 
 46136576      96.800000     111.118788 
 46136576      96.800000     111.119465 
 46136576      96.800000     111.114204 
 46136576      96.800000     111.117106 
 46136576      96.800000     111.121686 
 46136576      96.800000     111.114821 
 46136576      96.800000     111.116155 
 46136576      96.800000     111.121786 
 46136576      96.800000     111.117246 
 46136576      96.800000     111.116418 
 46136576      96.800000     111.116774 
 46136576      96.800000     111.119379 
 46136576      96.800000     111.126851 
 46136576      96.800000     111.118394 
 46136576      96.800000     111.119405 
 46136576      96.800000     111.124167 
 46136576      96.800000     111.128342 
 46136576      96.800000     111.129403 
 46136576      96.800000     111.123882 
 46136576      96.800000     111.126184 
 46136576      96.800000     111.125423 
 46136576      96.800000     111.130058 
 46136576      96.800000     111.127491 
 46136576      96.800000     111.129756 
 46136576      96.800000     111.127653 
 46136576      96.800000     111.126029 
 46136576      96.800000     111.122605 
 46136576      96.800000     111.118101 
 46136576      96.800000     111.117823 
 46136576      96.800000     111.114663 
 46136576      96.800000     111.127981 
 46136576      96.800000     111.128001 
 46136576      96.800000     111.128221 
 46136576      96.800000     111.118645 
 46136576      96.800000     111.125356 
 46136576      96.800000     111.119497 
 46136576      96.800000     111.119956 
 46136576      96.800000     111.124657 
 46136576      96.800000     111.115968 
 46136576      96.800000     111.119225 
 46136576      96.800000     111.130564 
 46136576      96.800000     111.117675 
 46136576      96.800000     111.129839 
 46136576      96.800000     111.131168 
 46136576      96.800000     111.125740 
 46136576      96.800000     111.131323 
 46136576      96.800000     111.116619 
 46136576      96.800000     111.127273 
 46136576      96.800000     111.126543 
 46136576      96.800000     111.123645 
 46136576      96.800000     111.123718 
 46136576      96.800000     111.119806 
 46136576      96.800000     111.118219 
 46136576      96.800000     111.119606 
 46136576      96.800000     111.118359 
 46136576      96.800000     111.114013 
 46136576      96.800000     111.116819 
 46136576      96.800000     111.117305 
 46136576      96.800000     111.113010 
 46136576      96.800000     111.124766 
 46136576      96.800000     111.116260 
 46136576      96.800000     111.116602 
 46136576      96.800000     111.124305 
 46136576      96.800000     111.112276 
 46136576      96.800000     111.128007 
 46136576      96.800000     111.119326 
 46136576      96.800000     111.116668 
 46136576      96.800000     111.132678 
 46136576      96.800000     111.127355 
 46136576      96.800000     111.126862 
 46136576      96.800000     111.130787 
 46136576      96.800000     111.126892 
 46136576      96.800000     111.124100 
 46136576      96.800000     111.131616 
 46136576      96.800000     111.127584 
 46136576      96.800000     111.127674 
 46136576      96.800000     111.112708 
 46136576      96.800000     111.130238 
 46136576      96.800000     111.127912 
 46136576      96.800000     111.115499 
 46136576      96.800000     111.132093 
 46136576      96.800000     111.120457 
 46136576      96.800000     111.118954 
 46136576      96.800000     111.115836 
 46136576      96.800000     111.105304 
 46136576      96.800000     111.129747 
 46136576      96.800000     111.129791 
 46136576      96.800000     111.127239 
 46136576      96.800000     111.128185 
 46136576      96.800000     111.124218 
 46136576      96.800000     111.133265 
 46136576      96.800000     111.131586 
 46136576      96.800000     111.130619 
 46136576      96.800000     111.122221 
 46136576      96.800000     111.125830 
 46136576      96.800000     111.130506 
 46136576      96.800000     111.131416 
 46136576      96.800000     111.132063 
