## Bullet cluster, IRAC ch2 observation 
# 1 AOR
# 2 EXPTIME
# 3 CROTA2 
 12674048      96.800000      25.086607 
 12674048      96.800000      25.086521 
 12674048      96.800000      25.075097 
 12674048      96.800000      25.075187 
 12674048      96.800000      25.083877 
 12674048      96.800000      25.097163 
 12674048      96.800000      25.097837 
 12674048      96.800000      25.085634 
 12674048      96.800000      25.072246 
 12674048      96.800000      25.112141 
 12674048      96.800000      24.927080 
 12674048      96.800000      24.949160 
 12674048      96.800000      25.088403 
 12674048      96.800000      25.112312 
 12674048      96.800000      24.928705 
 12674048      96.800000      24.924347 
 12674048      96.800000      24.918600 
 12674048      96.800000      24.959697 
 12674048      96.800000      24.933756 
 12674048      96.800000      24.943039 
 12674048      96.800000      24.943252 
 12674048      96.800000      24.918706 
 12674048      96.800000      24.960990 
 12674048      96.800000      25.086597 
 12674048      96.800000      25.097915 
 12674048      96.800000      25.073645 
 12674048      96.800000      25.084042 
 12674048      96.800000      25.076099 
 12674048      96.800000      25.078925 
 12674048      96.800000      25.085483 
 12674048      96.800000      25.078733 
 12674048      96.800000      25.078861 
 12674048      96.800000      25.072006 
 12674048      96.800000      24.949290 
 12674048      96.800000      24.939948 
 12674048      96.800000      24.967144 
 12674048      96.800000      24.935108 
 12674048      96.800000      24.934304 
 12674048      96.800000      24.928780 
 12674048      96.800000      24.938450 
 12674048      96.800000      24.918766 
 12674048      96.800000      24.911721 
 12674048      96.800000      24.969667 
 12674048      96.800000      24.900861 
 12674048       0.400000      24.960963 
 12674048      10.400000      24.960972 
 12674048      96.800000      25.097875 
 12674048      96.800000      25.091494 
 12674048      96.800000      25.069342 
 12674048      96.800000      25.098918 
 12674048      96.800000      25.097074 
 12674048      96.800000      25.076199 
 12674048      96.800000      25.086505 
 12674048      96.800000      25.098049 
 12674048      96.800000      24.926900 
 12674048      96.800000      25.086455 
 12674048      96.800000      25.088399 
 12674048      96.800000      24.947390 
 12674048      96.800000      24.938571 
 12674048      96.800000      24.947536 
 12674048      96.800000      24.933074 
 12674048      96.800000      24.911767 
 12674048      96.800000      24.900806 
 12674048      96.800000      24.961011 
 12674048      96.800000      24.918730 
 12674048      96.800000      25.086587 
 12674048      96.800000      25.091229 
 12674048      96.800000      25.073885 
 12674048      96.800000      25.069361 
 12674048      96.800000      25.098976 
 12674048      96.800000      25.097777 
 12674048      96.800000      25.079100 
 12674048      96.800000      25.097935 
 12674048      96.800000      24.967029 
 12674048      96.800000      24.934032 
 12674048      96.800000      24.940045 
 12674048      96.800000      24.934903 
 12674048      96.800000      24.924339 
 12674048      96.800000      24.933258 
 12674048      96.800000      24.959374 
 12674048      96.800000      24.933804 
 12674048      96.800000      24.969969 
 31481344      96.800000     -58.429606 
 31481344      96.800000     -58.416236 
 31481344      96.800000     -58.437544 
 31481344      96.800000     -58.453340 
 31481344      96.800000     -58.432500 
 31481344      96.800000     -58.441421 
 31481344      96.800000     -58.414113 
 31481344      96.800000     -58.394904 
 31481344      96.800000     -58.429415 
 31481344      96.800000     -58.421951 
 31481344      96.800000     -58.440347 
 31481344      96.800000     -58.400094 
 31481344      96.800000     -58.442959 
 31481344      96.800000     -58.427275 
 31481344      96.800000     -58.434662 
 31481344      96.800000     -58.423583 
 31481344      96.800000     -58.416631 
 31481344      96.800000     -58.409141 
 31481344      96.800000     -58.435969 
 31481344      96.800000     -58.452959 
 31481344      96.800000     -58.429198 
 31481344      96.800000     -58.406151 
 31481344      96.800000     -58.406770 
 31481344      96.800000     -58.524767 
 31481344      96.800000     -58.525728 
 31481344      96.800000     -58.485902 
 31481344      96.800000     -58.504226 
 31481344      96.800000     -58.514559 
 31481344      96.800000     -58.541776 
 31481344      96.800000     -58.540547 
 31481344      96.800000     -58.486039 
 31481344      96.800000     -58.507696 
 31481344      96.800000     -58.489251 
 31481344      96.800000     -58.526945 
 31481344      96.800000     -58.502915 
 31481344      96.800000     -58.499453 
 31481344      96.800000     -58.531565 
 31481344      96.800000     -58.515570 
 31481344      96.800000     -58.501892 
 31481344      96.800000     -58.478832 
 31481344      96.800000     -58.516267 
 31481344      96.800000     -58.500401 
 31481344      96.800000     -58.545337 
 31481344      96.800000     -58.506510 
 31481344      96.800000     -58.513759 
 31481344      96.800000     -58.499441 
 31481344      96.800000     -58.490203 
 31481344      96.800000     -58.518162 
 31481344      96.800000     -58.503624 
 31481344      96.800000     -58.418927 
 31481344       0.400000     -58.434926 
 31481344      96.800000     -58.440474 
 31481344      96.800000     -58.404315 
 31481344      96.800000     -58.444745 
 31481344      96.800000     -58.430902 
 31481344      96.800000     -58.442827 
 31481344      96.800000     -58.401110 
 31481344      96.800000     -58.433500 
 31481344      96.800000     -58.426932 
 31481344      96.800000     -58.419581 
 31481344      96.800000     -58.423844 
 31481344      96.800000     -58.424575 
 31481344      96.800000     -58.415039 
 31481344      96.800000     -58.419037 
 31481344      96.800000     -58.465910 
 31481344      96.800000     -58.406933 
 31481344      96.800000     -58.434204 
 31481344      96.800000     -58.429311 
 31481344      96.800000     -58.429948 
 31481344      96.800000     -58.413332 
 31481344      96.800000     -58.435904 
 31481344      96.800000     -58.444915 
 31481344      96.800000     -58.410405 
 31481344      96.800000     -58.505031 
 31481344      96.800000     -58.539438 
 31481344      96.800000     -58.499473 
 31481344      96.800000     -58.512690 
 31481344      96.800000     -58.515285 
 31481344      96.800000     -58.550513 
 31481344      96.800000     -58.528464 
 31481344      96.800000     -58.504052 
 31481344      96.800000     -58.524579 
 31481344      96.800000     -58.545413 
 31481344      96.800000     -58.515788 
 31481344      96.800000     -58.526543 
 31481344      96.800000     -58.526428 
 31481344      96.800000     -58.519441 
 31481344      96.800000     -58.518109 
 31481344      96.800000     -58.507987 
 31481344      96.800000     -58.525503 
 31481344      96.800000     -58.510964 
 31481344      96.800000     -58.511320 
 31481344      96.800000     -58.504417 
 31481344      96.800000     -58.511506 
 31481344      96.800000     -58.504607 
 31481344      96.800000     -58.431922 
 31481344      96.800000     -58.426069 
 31481344      96.800000     -58.391798 
 31481344      96.800000     -58.439910 
 31481344      96.800000     -58.409241 
 31481344      96.800000     -58.400424 
 31481344      96.800000     -58.432678 
 31481344      96.800000     -58.449467 
 31481344      96.800000     -58.437803 
 31481344      96.800000     -58.445325 
 31481344      96.800000     -58.422370 
 31481344      96.800000     -58.430388 
 31481344      96.800000     -58.431620 
 31481344      96.800000     -58.422756 
 31481344      96.800000     -58.397241 
 31481344      96.800000     -58.404271 
 31481344      96.800000     -58.428175 
 31481344      96.800000     -58.448361 
 31481344      96.800000     -58.436068 
 31481344      96.800000     -58.507606 
 31481344      96.800000     -58.531344 
 31481344      96.800000     -58.524723 
 31481344      96.800000     -58.531816 
 31481344      96.800000     -58.503288 
 31481344      96.800000     -58.498891 
 31481344      96.800000     -58.505433 
 31481344      96.800000     -58.532851 
 31481344      96.800000     -58.536129 
 31481344      96.800000     -58.511669 
 31481344      96.800000     -58.511192 
 31481344      96.800000     -58.516271 
 31481344      96.800000     -58.524485 
 31481344      96.800000     -58.519329 
 31481344      96.800000     -58.533783 
 31481344      96.800000     -58.537336 
 31481344      96.800000     -58.532893 
 31481344      96.800000     -58.495031 
 31481344      96.800000     -58.481127 
 31481344      96.800000     -58.517440 
 31481344      96.800000     -58.537833 
 31481344      96.800000     -58.527059 
 31481344      10.400000     -58.434925 
 31481344      96.800000     -58.447689 
 31481344      96.800000     -58.420772 
 31481344      96.800000     -58.419912 
 31481344      96.800000     -58.434888 
 31481344      96.800000     -58.402190 
 31481344      96.800000     -58.438764 
 31481344      96.800000     -58.433726 
 31481344      96.800000     -58.369800 
 31481344      96.800000     -58.425766 
 31481344      96.800000     -58.451544 
 31481344      96.800000     -58.432781 
 31481344      96.800000     -58.414802 
 31481344      96.800000     -58.444949 
 31481344      96.800000     -58.415672 
 31481344      96.800000     -58.433749 
 31481344      96.800000     -58.418117 
 31481344      96.800000     -58.430333 
 31481344      96.800000     -58.406525 
 31481344      96.800000     -58.414645 
 31481344      96.800000     -58.415765 
 31481344      96.800000     -58.421904 
 31481344      96.800000     -58.449129 
 31481344      96.800000     -58.428617 
 31481344      96.800000     -58.424065 
 31481344      96.800000     -58.426386 
 31481344      96.800000     -58.476901 
 31481344      96.800000     -58.493411 
 31481344      96.800000     -58.514229 
 31481344      96.800000     -58.518934 
 31481344      96.800000     -58.526857 
 31481344      96.800000     -58.504566 
 31481344      96.800000     -58.512579 
 31481344      96.800000     -58.530132 
 31481344      96.800000     -58.521477 
 31481344      96.800000     -58.518566 
 31481344      96.800000     -58.516230 
 31481344      96.800000     -58.535189 
 31481344      96.800000     -58.514831 
 31481344      96.800000     -58.523754 
 31481344      96.800000     -58.521355 
 31481344      96.800000     -58.541011 
 31481344      96.800000     -58.516704 
 31481344      96.800000     -58.522305 
 31481344      96.800000     -58.511125 
 31481344      96.800000     -58.483214 
 31481600      96.800000      90.502270 
 31481600      96.800000      90.473700 
 31481600      96.800000      90.502114 
 31481600      96.800000      90.482996 
 31481600      96.800000      90.491445 
 31481600      96.800000      90.501236 
 31481600      96.800000      90.501544 
 31481600      96.800000      90.502568 
 31481600      96.800000      90.491150 
 31481600      96.800000      90.494803 
 31481600      96.800000      90.544323 
 31481600      96.800000      90.515701 
 31481600      96.800000      90.532976 
 31481600      96.800000      90.500828 
 31481600      96.800000      90.504146 
 31481600      96.800000      90.506674 
 31481600      96.800000      90.506962 
 31481600      96.800000      90.470174 
 31481600      96.800000      90.496874 
 31481600      96.800000      90.514660 
 31481600      96.800000      90.518673 
 31481600      96.800000      90.529524 
 31481600      96.800000      90.517619 
 31481600      96.800000      90.527736 
 31481600      96.800000      90.499498 
 31481600      96.800000      90.480167 
 31481600      96.800000      90.506448 
 31481600      96.800000      90.491836 
 31481600      96.800000      90.503306 
 31481600      96.800000      90.495344 
 31481600      96.800000      90.501947 
 31481600      96.800000      90.509598 
 31481600      96.800000      90.495171 
 31481600      96.800000      90.480093 
 31481600      96.800000      90.508804 
 31481600      96.800000      90.473762 
 31481600      96.800000      90.451984 
 31481600      96.800000      90.485197 
 31481600      96.800000      90.492346 
 31481600      96.800000      90.481888 
 31481600      96.800000      90.488173 
 31481600      96.800000      90.495893 
 31481600      96.800000      90.494743 
 31481600      96.800000      90.486661 
 31481600      96.800000      90.499667 
 31481600      96.800000      90.468761 
 31481600      96.800000      90.513426 
 31481600      96.800000      90.518857 
 31481600      96.800000      90.484172 
 31481600      96.800000      90.517699 
 31481600      96.800000      90.515196 
 31481600      96.800000      90.530018 
 31481600      96.800000      90.514939 
 31481600      96.800000      90.509541 
 31481600      96.800000      90.491437 
 31481600      96.800000      90.481857 
 31481600      96.800000      90.498558 
 31481600      96.800000      90.513751 
 31481600      96.800000      90.495091 
 31481600      96.800000      90.488009 
 31481600      96.800000      90.518881 
 31481600      96.800000      90.519736 
 31481600      96.800000      90.499831 
 31481600      96.800000      90.522911 
 31481600      96.800000      90.518040 
 31481600      96.800000      90.498615 
 31481600      96.800000      90.502888 
 31481600      96.800000      90.479440 
 31481600      96.800000      90.500225 
 31481600      96.800000      90.513423 
 31481600      96.800000      90.528678 
 31481600      96.800000      90.482741 
 31481600      96.800000      90.495053 
 31481600      96.800000      90.518024 
 31481600      96.800000      90.504657 
 31481600      96.800000      90.513748 
 31481600      96.800000      90.515197 
 31481600      96.800000      90.484887 
 31481600      96.800000      90.479088 
 31481600      96.800000      90.468738 
 31481600      96.800000      90.501305 
 31481600      96.800000      90.510117 
 31481600      96.800000      90.483565 
 31481600      96.800000      90.530504 
 31481600      96.800000      90.499197 
 31481600      96.800000      90.510560 
 31481600      96.800000      90.494032 
 31481600      96.800000      90.509475 
 31481600      96.800000      90.495179 
 31481600      96.800000      90.485258 
 31481600      96.800000      90.500865 
 31481600      96.800000      90.498819 
 31481600      96.800000      90.500618 
 31481600       0.400000      90.477181 
 31481600      96.800000      90.496224 
 31481600      96.800000      90.502073 
 31481600      96.800000      90.502612 
 31481600      96.800000      90.517710 
 31481600      96.800000      90.537863 
 31481600      96.800000      90.529191 
 31481600      96.800000      90.515824 
 31481600      96.800000      90.485184 
 31481600      96.800000      90.512116 
 31481600      96.800000      90.514756 
 31481600      96.800000      90.486312 
 31481600      96.800000      90.508670 
 31481600      96.800000      90.454364 
 31481600      96.800000      90.513479 
 31481600      96.800000      90.474164 
 31481600      96.800000      90.500516 
 31481600      96.800000      90.499227 
 31481600      96.800000      90.505752 
 31481600      96.800000      90.501942 
 31481600      96.800000      90.519279 
 31481600      96.800000      90.442883 
 31481600      96.800000      90.502511 
 31481600      96.800000      90.498298 
 31481600      96.800000      90.498256 
 31481600      96.800000      90.499228 
 31481600      96.800000      90.499527 
 31481600      96.800000      90.495196 
 31481600      96.800000      90.487393 
 31481600      96.800000      90.524662 
 31481600      96.800000      90.472586 
 31481600      96.800000      90.482486 
 31481600      96.800000      90.517416 
 31481600      96.800000      90.492553 
 31481600      96.800000      90.523181 
 31481600      96.800000      90.495113 
 31481600      96.800000      90.506290 
 31481600      96.800000      90.524865 
 31481600      96.800000      90.482155 
 31481600      96.800000      90.484339 
 31481600      96.800000      90.476866 
 31481600      96.800000      90.524289 
 31481600      96.800000      90.517064 
 31481600      96.800000      90.517889 
 31481600      96.800000      90.512584 
 31481600      96.800000      90.488332 
 31481600      96.800000      90.499312 
 31481600      96.800000      90.500011 
 31481600      96.800000      90.522397 
 31481600      96.800000      90.487967 
 31481600      96.800000      90.520589 
 31481600      96.800000      90.500880 
 31481600      96.800000      90.484026 
 31481600      96.800000      90.510225 
 31481600      96.800000      90.498000 
 31481600      96.800000      90.488764 
 31481600      96.800000      90.521030 
 31481600      96.800000      90.530463 
 31481600      96.800000      90.515992 
 31481600      96.800000      90.486683 
 31481600      96.800000      90.502324 
 31481600      96.800000      90.528179 
 31481600      96.800000      90.514294 
 31481600      96.800000      90.503565 
 31481600      96.800000      90.499329 
 31481600      96.800000      90.512764 
 31481600      96.800000      90.487917 
 31481600      96.800000      90.501631 
 31481600      96.800000      90.495685 
 31481600      96.800000      90.506059 
 31481600      96.800000      90.480365 
 31481600      96.800000      90.489624 
 31481600      96.800000      90.490108 
 31481600      96.800000      90.517394 
 31481600      96.800000      90.511634 
 31481600      96.800000      90.491863 
 31481600      96.800000      90.511058 
 31481600      96.800000      90.510043 
 31481600      96.800000      90.492796 
 31481600      96.800000      90.498531 
 31481600      96.800000      90.485844 
 31481600      96.800000      90.497489 
 31481600      96.800000      90.484786 
 31481600      96.800000      90.504482 
 31481600      96.800000      90.465512 
 31481600      96.800000      90.491643 
 31481600      96.800000      90.507229 
 31481600      96.800000      90.542088 
 31481600      10.400000      90.477472 
 46129408      96.800000      91.295236 
 46129408      96.800000      91.278521 
 46129408      96.800000      91.281638 
 46129408      96.800000      91.282365 
 46129408      96.800000      91.275255 
 46129408      96.800000      91.285947 
 46129408      96.800000      91.320132 
 46129408      96.800000      91.261427 
 46129408      96.800000      91.273650 
 46129408      96.800000      91.282201 
 46129408      96.800000      91.295357 
 46129408      96.800000      91.273227 
 46129408      96.800000      91.271205 
 46129408      96.800000      91.304848 
 46129408      96.800000      91.301654 
 46129408      96.800000      91.283073 
 46129408      96.800000      91.275410 
 46129408      96.800000      91.278933 
 46129408      96.800000      91.278300 
 46129408      96.800000      91.257941 
 46129408      96.800000      91.287139 
 46129408      96.800000      91.286524 
 46129408      96.800000      91.299202 
 46129408      96.800000      91.289128 
 46129408      96.800000      91.288902 
 46129408      96.800000      91.291710 
 46129408      96.800000      91.281134 
 46129408      96.800000      91.287827 
 46129408      96.800000      91.286921 
 46129408      96.800000      91.303815 
 46129408      96.800000      91.320474 
 46129408      96.800000      91.294623 
 46129408      96.800000      91.304307 
 46129408      96.800000      91.297802 
 46129408      96.800000      91.287578 
 46129408      96.800000      91.268328 
 46129408      96.800000      91.262936 
 46129408      96.800000      91.292568 
 46129408      96.800000      91.304796 
 46129408      96.800000      91.297518 
 46129408      96.800000      91.278482 
 46129408      96.800000      91.282388 
 46129408      96.800000      91.283902 
 46129408      96.800000      91.313729 
 46129408      96.800000      91.276757 
 46129408      96.800000      91.265307 
 46129408      96.800000      91.264700 
 46129408      96.800000      91.275163 
 46129408      96.800000      91.273877 
 46129408      96.800000      91.296681 
 46129408      96.800000      91.262064 
 46129408      96.800000      91.311968 
 46129408      96.800000      91.286505 
 46129408      96.800000      91.291459 
 46129408      96.800000      91.303594 
 46129408      96.800000      91.262400 
 46129408      96.800000      91.280730 
 46129408      96.800000      91.308344 
 46129408      96.800000      91.253882 
 46129408      96.800000      91.286016 
 46129408      96.800000      91.275727 
 46129408      96.800000      91.279727 
 46129408      96.800000      91.258621 
 46129408      96.800000      91.281152 
 46129408      96.800000      91.283826 
 46129408      96.800000      91.271167 
 46129408      96.800000      91.266417 
 46129408      96.800000      91.290634 
 46129408      96.800000      91.291469 
 46129408      96.800000      91.304902 
 46129408      96.800000      91.261795 
 46129408      96.800000      91.270651 
 46129408      96.800000      91.264989 
 46129408      96.800000      91.263133 
 46129408      96.800000      91.242388 
 46129408      96.800000      91.266755 
 46129408      96.800000      91.286692 
 46129408      96.800000      91.283767 
 46129408      96.800000      91.254147 
 46129408      96.800000      91.293284 
 46129408      96.800000      91.284759 
 46129408      96.800000      91.256747 
 46129408      96.800000      91.269925 
 46129408      96.800000      91.297549 
 46129408      96.800000      91.275007 
 46129408      96.800000      91.285728 
 46129408      96.800000      91.278958 
 46129408      96.800000      91.281650 
 46129408      96.800000      91.265001 
 46129408      96.800000      91.284458 
 46129408      96.800000      91.267009 
 46129408      96.800000      91.262038 
 46129408      96.800000      91.296301 
 46129408      96.800000      91.259648 
 46129408      96.800000      91.250949 
 46129408      96.800000      91.280344 
 46129408      96.800000      91.274705 
 46129408      96.800000      91.250998 
 46129408      96.800000      91.273215 
 46129408      96.800000      91.277494 
 46129408      96.800000      91.287080 
 46129408      96.800000      91.289733 
 46129408      96.800000      91.275749 
 46129408      96.800000      91.277645 
 46129408      96.800000      91.300289 
 46129408      96.800000      91.284870 
 46129408      96.800000      91.279282 
 46129408      96.800000      91.288429 
 46129408      96.800000      91.300314 
 46129408      96.800000      91.260236 
 46129408      96.800000      91.266063 
 46129408      96.800000      91.253237 
 46129408      96.800000      91.285090 
 46129408      96.800000      91.285379 
 46129408      96.800000      91.270218 
 46129408      96.800000      91.274065 
 46129408      96.800000      91.274946 
 46129408      96.800000      91.266562 
 46129408      96.800000      91.281561 
 46129408      96.800000      91.240960 
 46129408      96.800000      91.283085 
 46129408      96.800000      91.279903 
 46129408      96.800000      91.260102 
 46129408       0.400000      91.255929 
 46129408      96.800000      91.292342 
 46129408      96.800000      91.290704 
 46129408      96.800000      91.272301 
 46129408      96.800000      91.314128 
 46129408      96.800000      91.278532 
 46129408      96.800000      91.280731 
 46129408      96.800000      91.271758 
 46129408      96.800000      91.298803 
 46129408      96.800000      91.302489 
 46129408      96.800000      91.290557 
 46129408      96.800000      91.291225 
 46129408      96.800000      91.269156 
 46129408      96.800000      91.304383 
 46129408      96.800000      91.280851 
 46129408      96.800000      91.294536 
 46129408      96.800000      91.306148 
 46129408      96.800000      91.306197 
 46129408      96.800000      91.306831 
 46129408      96.800000      91.264998 
 46129408      96.800000      91.299236 
 46129408      96.800000      91.298478 
 46129408      96.800000      91.229504 
 46129408      96.800000      91.276995 
 46129408      96.800000      91.295406 
 46129408      96.800000      91.280598 
 46129408      96.800000      91.283051 
 46129408      96.800000      91.292875 
 46129408      96.800000      91.291676 
 46129408      96.800000      91.269699 
 46129408      96.800000      91.290003 
 46129408      96.800000      91.267161 
 46129408      96.800000      91.278098 
 46129408      96.800000      91.262027 
 46129408      96.800000      91.287980 
 46129408      96.800000      91.317816 
 46129408      96.800000      91.279246 
 46129408      96.800000      91.271166 
 46129408      96.800000      91.273580 
 46129408      96.800000      91.273813 
 46129408      96.800000      91.274991 
 46129408      96.800000      91.292874 
 46129408      96.800000      91.278187 
 46129408      96.800000      91.292195 
 46129408      96.800000      91.256277 
 46129408      96.800000      91.289401 
 46129408      96.800000      91.288819 
 46129408      96.800000      91.327995 
 46129408      96.800000      91.273825 
 46129408      96.800000      91.290942 
 46129408      96.800000      91.251455 
 46129408      96.800000      91.292473 
 46129408      96.800000      91.292562 
 46129408      96.800000      91.266354 
 46129408      96.800000      91.307606 
 46129408      96.800000      91.300391 
 46129408      96.800000      91.285796 
 46129408      96.800000      91.303712 
 46129408      96.800000      91.282090 
 46129408      96.800000      91.270955 
 46129408      96.800000      91.250691 
 46129408      96.800000      91.290489 
 46129408      96.800000      91.277098 
 46129408      96.800000      91.283472 
 46129408      96.800000      91.282041 
 46129408      96.800000      91.303408 
 46129408      96.800000      91.310074 
 46129408      96.800000      91.299243 
 46129408      96.800000      91.273105 
 46129408      96.800000      91.263975 
 46129408      96.800000      91.289048 
 46129408      96.800000      91.285743 
 46129408      96.800000      91.278374 
 46129408      96.800000      91.266586 
 46129408      96.800000      91.271077 
 46129408      96.800000      91.303570 
 46129408      96.800000      91.263277 
 46129408      96.800000      91.264596 
 46129408      96.800000      91.290190 
 46129408      96.800000      91.284395 
 46129408      96.800000      91.282392 
 46129408      96.800000      91.267922 
 46129408      96.800000      91.294821 
 46129408      96.800000      91.272733 
 46129408      96.800000      91.271469 
 46129408      96.800000      91.287376 
 46129408      96.800000      91.261543 
 46129408      96.800000      91.287145 
 46129408      96.800000      91.301406 
 46129408      96.800000      91.285803 
 46129408      96.800000      91.272760 
 46129408      96.800000      91.287948 
 46129408      96.800000      91.296741 
 46129408      96.800000      91.257034 
 46129408      96.800000      91.271796 
 46129408      96.800000      91.286280 
 46129408      96.800000      91.283468 
 46129408      96.800000      91.272226 
 46129408      96.800000      91.244597 
 46129408      96.800000      91.306469 
 46129408      96.800000      91.303625 
 46129408      96.800000      91.275661 
 46129408      96.800000      91.272597 
 46129408      96.800000      91.292273 
 46129408      96.800000      91.274374 
 46129408      96.800000      91.292183 
 46129408      96.800000      91.271896 
 46129408      96.800000      91.285288 
 46129408      96.800000      91.284919 
 46129408      96.800000      91.286990 
 46129408      96.800000      91.270275 
 46129408      96.800000      91.285799 
 46129408      96.800000      91.273152 
 46129408      96.800000      91.267550 
 46129408      96.800000      91.296924 
 46129408      96.800000      91.307801 
 46129408      96.800000      91.283111 
 46129408      96.800000      91.257340 
 46129408      96.800000      91.307535 
 46129408      96.800000      91.295296 
 46129408      96.800000      91.261523 
 46129408      96.800000      91.265698 
 46129408      96.800000      91.272108 
 46129408      96.800000      91.265988 
 46129408      96.800000      91.265053 
 46129408      96.800000      91.281499 
 46129408      96.800000      91.318668 
 46129408      10.400000      91.255997 
 46129408      96.800000      91.291763 
 46129408      96.800000      91.262731 
 46129408      96.800000      91.298069 
 46129408      96.800000      91.302447 
 46129408      96.800000      91.311960 
 46129408      96.800000      91.322437 
 46129408      96.800000      91.263914 
 46129408      96.800000      91.294791 
 46129408      96.800000      91.289244 
 46129408      96.800000      91.289375 
 46129408      96.800000      91.306444 
 46129408      96.800000      91.299089 
 46129408      96.800000      91.309952 
 46129408      96.800000      91.233654 
 46129408      96.800000      91.255648 
 46129408      96.800000      91.283227 
 46129408      96.800000      91.287152 
 46129408      96.800000      91.273381 
 46129408      96.800000      91.285251 
 46129408      96.800000      91.287662 
 46129408      96.800000      91.304746 
 46129408      96.800000      91.291238 
 46129408      96.800000      91.275080 
 46129408      96.800000      91.309504 
 46129408      96.800000      91.280370 
 46129408      96.800000      91.295115 
 46129408      96.800000      91.279923 
 46129408      96.800000      91.291395 
 46129408      96.800000      91.297918 
 46129408      96.800000      91.280793 
 46129408      96.800000      91.277170 
 46129408      96.800000      91.275734 
 46129408      96.800000      91.314499 
 46129408      96.800000      91.298391 
 46129408      96.800000      91.285376 
 46129408      96.800000      91.263887 
 46129408      96.800000      91.286773 
 46129408      96.800000      91.298538 
 46129408      96.800000      91.278510 
 46129408      96.800000      91.304101 
 46129408      96.800000      91.298699 
 46129408      96.800000      91.273411 
 46129408      96.800000      91.273685 
 46129408      96.800000      91.289305 
 46129408      96.800000      91.270585 
 46129408      96.800000      91.303932 
 46129408      96.800000      91.277691 
 46129408      96.800000      91.257302 
 46129408      96.800000      91.262804 
 46129408      96.800000      91.269750 
 46129408      96.800000      91.311425 
 46129408      96.800000      91.284340 
 46129408      96.800000      91.271398 
 46129408      96.800000      91.294463 
 46129408      96.800000      91.281419 
 46129408      96.800000      91.280309 
 46129408      96.800000      91.280822 
 46129408      96.800000      91.271966 
 46129408      96.800000      91.297729 
 46129408      96.800000      91.256723 
 46129408      96.800000      91.270124 
 46129408      96.800000      91.268127 
 46129408      96.800000      91.286561 
 46129408      96.800000      91.258322 
 46129408      96.800000      91.226873 
 46129408      96.800000      91.269804 
 46129408      96.800000      91.235370 
 46129408      96.800000      91.299668 
 46129408      96.800000      91.300776 
 46129408      96.800000      91.287507 
 46129408      96.800000      91.252394 
 46129408      96.800000      91.309056 
 46129408      96.800000      91.276822 
 46129408      96.800000      91.274126 
 46129408      96.800000      91.260323 
 46129408      96.800000      91.266444 
 46129408      96.800000      91.272704 
 46129408      96.800000      91.261041 
 46129408      96.800000      91.286580 
 46129408      96.800000      91.272597 
 46129408      96.800000      91.273929 
 46129408      96.800000      91.299765 
 46129408      96.800000      91.297467 
 46129408      96.800000      91.227898 
 46129408      96.800000      91.298008 
 46129408      96.800000      91.290294 
 46129408      96.800000      91.286740 
 46129408      96.800000      91.300071 
 46129408      96.800000      91.273479 
 46129408      96.800000      91.252053 
 46129408      96.800000      91.220884 
 46129408      96.800000      91.270659 
 46129408      96.800000      91.281111 
 46129408      96.800000      91.287835 
 46129408      96.800000      91.281287 
 46129408      96.800000      91.282847 
 46129408      96.800000      91.254996 
 46129408      96.800000      91.269571 
 46129408      96.800000      91.249969 
 46129408      96.800000      91.293998 
 46129408      96.800000      91.230455 
 46129408      96.800000      91.257573 
 46129408      96.800000      91.277544 
 46129408      96.800000      91.270347 
 46129408      96.800000      91.274593 
 46129408      96.800000      91.240115 
 46129408      96.800000      91.286250 
 46129408      96.800000      91.272997 
 46129408      96.800000      91.262450 
 46129408      96.800000      91.277689 
 46129408      96.800000      91.293632 
 46129408      96.800000      91.271679 
 46129408      96.800000      91.278063 
 46129408      96.800000      91.307813 
 46129408      96.800000      91.266090 
 46129408      96.800000      91.270372 
 46129408      96.800000      91.267981 
 46129408      96.800000      91.275610 
 46129408      96.800000      91.289759 
 46129408      96.800000      91.290584 
 46129408      96.800000      91.282706 
 46129408      96.800000      91.252069 
 46129408      96.800000      91.279411 
 46129408      96.800000      91.314632 
 46129408      96.800000      91.298238 
 46129408      96.800000      91.300654 
 46129408      96.800000      91.280091 
 46129408      96.800000      91.293522 
 46129408      96.800000      91.258573 
 46129408      96.800000      91.284261 
 46129408      96.800000      91.316238 
 46129408      96.800000      91.264006 
 46129408      96.800000      91.274322 
 46129408      96.800000      91.288109 
 46129408      96.800000      91.286454 
 46129408      96.800000      91.304923 
 46129408      96.800000      91.266029 
 46129408      96.800000      91.277781 
 46129408      96.800000      91.244294 
 46129408      96.800000      91.265287 
 46129408      96.800000      91.282218 
 46129408      96.800000      91.276676 
 46129408      96.800000      91.283395 
 46129408      96.800000      91.267213 
 46129408      96.800000      91.283833 
 46129408      96.800000      91.282580 
 46129408      96.800000      91.293647 
 46129408      96.800000      91.268419 
 46129408      96.800000      91.251390 
 46129408      96.800000      91.305506 
 46129408      96.800000      91.275682 
 46129408      96.800000      91.274500 
 46129408      96.800000      91.303398 
 46129408      96.800000      91.275126 
 46129408      96.800000      91.273821 
 46129408      96.800000      91.282107 
 46129408      96.800000      91.300223 
 46129408      96.800000      91.261346 
 46129408      96.800000      91.285995 
 46129408      96.800000      91.272597 
 46129408      96.800000      91.288917 
 46129408      96.800000      91.295489 
 46129408      96.800000      91.270947 
 46129408      96.800000      91.270158 
 46129408      96.800000      91.282510 
 46129408      96.800000      91.292862 
 46129408      96.800000      91.270869 
 46129408      96.800000      91.263126 
 46129408      96.800000      91.282090 
 46129408      96.800000      91.274969 
 46129408      96.800000      91.247647 
 46129408      96.800000      91.262418 
 46129408      96.800000      91.295348 
 46129408      96.800000      91.280554 
 46129408      96.800000      91.282661 
 46129408      96.800000      91.284542 
 46129408      96.800000      91.299829 
 46129408      96.800000      91.253532 
 46129408      96.800000      91.256771 
 46129408      96.800000      91.270032 
 46129408      96.800000      91.294008 
 46129408      96.800000      91.268755 
 46129408      96.800000      91.283791 
 46129408      96.800000      91.269650 
 46129408      96.800000      91.272202 
 46129408      96.800000      91.282772 
 46129408      96.800000      91.274177 
 46129408      96.800000      91.271603 
 46129408      96.800000      91.300237 
 46129408      96.800000      91.272601 
 46129408      96.800000      91.275124 
 46129408      96.800000      91.269077 
 46129408      96.800000      91.287647 
 46129408      96.800000      91.318324 
 46129408      96.800000      91.309112 
 46129408      96.800000      91.273212 
 46129408      96.800000      91.255825 
 46129408      96.800000      91.284897 
 46129408      96.800000      91.295477 
 46129408      96.800000      91.289209 
 46129408      96.800000      91.277540 
 46129408      96.800000      91.286522 
 46129408      96.800000      91.288516 
 46129408      96.800000      91.301857 
 46129408      96.800000      91.277853 
 46129408      96.800000      91.272437 
 46129408      96.800000      91.274600 
 46129408      96.800000      91.277656 
 46129408      96.800000      91.302763 
 46129408      96.800000      91.284383 
 46129408      96.800000      91.283416 
 46129408      96.800000      91.257889 
 46129408      96.800000      91.298930 
 46129408      96.800000      91.276960 
 46129408      96.800000      91.264611 
 46129408      96.800000      91.255683 
 46129408      96.800000      91.254225 
 46129408      96.800000      91.281368 
 46129408      96.800000      91.271627 
 46129408      96.800000      91.270139 
 46129408      96.800000      91.270635 
 46129408      96.800000      91.270835 
 46129408      96.800000      91.292536 
 46129408      96.800000      91.301320 
 46129408      96.800000      91.268818 
 46129408      96.800000      91.282564 
 46129408      96.800000      91.284730 
 46129408      96.800000      91.273268 
 46129408      96.800000      91.299477 
 46129408      96.800000      91.256050 
 46129408      96.800000      91.306175 
 46131968      96.800000      77.253007 
 46131968      96.800000      77.270122 
 46131968      96.800000      77.262260 
 46131968      96.800000      77.243147 
 46131968      96.800000      77.285721 
 46131968      96.800000      77.263708 
 46131968      96.800000      77.244282 
 46131968      96.800000      77.246453 
 46131968      96.800000      77.272128 
 46131968      96.800000      77.275159 
 46131968      96.800000      77.257010 
 46131968      96.800000      77.265200 
 46131968      96.800000      77.225344 
 46131968      96.800000      77.237536 
 46131968      96.800000      77.268126 
 46131968      96.800000      77.272620 
 46131968      96.800000      77.253508 
 46131968      96.800000      77.244016 
 46131968      96.800000      77.251736 
 46131968      96.800000      77.243577 
 46131968      96.800000      77.268048 
 46131968      96.800000      77.271422 
 46131968      96.800000      77.234282 
 46131968      96.800000      77.241067 
 46131968      96.800000      77.223858 
 46131968      96.800000      77.252630 
 46131968      96.800000      77.240393 
 46131968      96.800000      77.245777 
 46131968      96.800000      77.251872 
 46131968      96.800000      77.230013 
 46131968      96.800000      77.238524 
 46131968      96.800000      77.235507 
 46131968      96.800000      77.259842 
 46131968      96.800000      77.267748 
 46131968      96.800000      77.262873 
 46131968      96.800000      77.251329 
 46131968      96.800000      77.256639 
 46131968      96.800000      77.248267 
 46131968      96.800000      77.229886 
 46131968      96.800000      77.262055 
 46131968      96.800000      77.248787 
 46131968      96.800000      77.233904 
 46131968      96.800000      77.277065 
 46131968      96.800000      77.246478 
 46131968      96.800000      77.213838 
 46131968      96.800000      77.205232 
 46131968      96.800000      77.254357 
 46131968      96.800000      77.253852 
 46131968      96.800000      77.240953 
 46131968      96.800000      77.261667 
 46131968      96.800000      77.246417 
 46131968      96.800000      77.275656 
 46131968      96.800000      77.259194 
 46131968      96.800000      77.241888 
 46131968      96.800000      77.281647 
 46131968      96.800000      77.238152 
 46131968      96.800000      77.249184 
 46131968      96.800000      77.292336 
 46131968      96.800000      77.262616 
 46131968      96.800000      77.272039 
 46131968      96.800000      77.290170 
 46131968      96.800000      77.301111 
 46131968      96.800000      77.293758 
 46131968      96.800000      77.278851 
 46131968      96.800000      77.270936 
 46131968      96.800000      77.300333 
 46131968      96.800000      77.265953 
 46131968      96.800000      77.280911 
 46131968      96.800000      77.225901 
 46131968      96.800000      77.267077 
 46131968      96.800000      77.279524 
 46131968      96.800000      77.285879 
 46131968      96.800000      77.287173 
 46131968      96.800000      77.292209 
 46131968      96.800000      77.291378 
 46131968      96.800000      77.292051 
 46131968      96.800000      77.267996 
 46131968      96.800000      77.295419 
 46131968      96.800000      77.279717 
 46131968      96.800000      77.260490 
 46131968      96.800000      77.309034 
 46131968      96.800000      77.272729 
 46131968      96.800000      77.264355 
 46131968      96.800000      77.293484 
 46131968      96.800000      77.279371 
 46131968      96.800000      77.280372 
 46131968      96.800000      77.297420 
 46131968      96.800000      77.309205 
 46131968      96.800000      77.300952 
 46131968      96.800000      77.289902 
 46131968      96.800000      77.274230 
 46131968      96.800000      77.285826 
 46131968      96.800000      77.292813 
 46131968      96.800000      77.299620 
 46131968      96.800000      77.281982 
 46131968      96.800000      77.280868 
 46131968      96.800000      77.265284 
 46131968      96.800000      77.258014 
 46131968      96.800000      77.271382 
 46131968      96.800000      77.302498 
 46131968      96.800000      77.262702 
 46131968      96.800000      77.285869 
 46131968      96.800000      77.272149 
 46131968      96.800000      77.300771 
 46131968      96.800000      77.294093 
 46131968      96.800000      77.266591 
 46131968      96.800000      77.310540 
 46131968      96.800000      77.291768 
 46131968      96.800000      77.281888 
 46131968      96.800000      77.277695 
 46131968      96.800000      77.301163 
 46131968      96.800000      77.306617 
 46131968      96.800000      77.273355 
 46131968      96.800000      77.292353 
 46131968      96.800000      77.257418 
 46131968      96.800000      77.243557 
 46131968      96.800000      77.242391 
 46131968      96.800000      77.252790 
 46131968      96.800000      77.249715 
 46131968      96.800000      77.258289 
 46131968      96.800000      77.236082 
 46131968      96.800000      77.228109 
 46131968      96.800000      77.232979 
 46131968      96.800000      77.266906 
 46131968      96.800000      77.221261 
 46131968      96.800000      77.248706 
 46131968      96.800000      77.237885 
 46131968      96.800000      77.274686 
 46131968      96.800000      77.272744 
 46131968      96.800000      77.256530 
 46131968      96.800000      77.251703 
 46131968      96.800000      77.260706 
 46131968      96.800000      77.239746 
 46131968      96.800000      77.254369 
 46131968      96.800000      77.269873 
 46131968      96.800000      77.269823 
 46131968      96.800000      77.230914 
 46131968      96.800000      77.278553 
 46131968      96.800000      77.262315 
 46131968      96.800000      77.241240 
 46131968      96.800000      77.231329 
 46131968      96.800000      77.224742 
 46131968      96.800000      77.266613 
 46131968      96.800000      77.262321 
 46131968      96.800000      77.237934 
 46131968      96.800000      77.249051 
 46131968      96.800000      77.273010 
 46131968      96.800000      77.244635 
 46131968      96.800000      77.237417 
 46131968      96.800000      77.239294 
 46131968      96.800000      77.243398 
 46131968      96.800000      77.271746 
 46131968      96.800000      77.227528 
 46131968      96.800000      77.236143 
 46131968      96.800000      77.241884 
 46131968      96.800000      77.248278 
 46131968      96.800000      77.280223 
 46131968      96.800000      77.276013 
 46131968      96.800000      77.255846 
 46131968      96.800000      77.218763 
 46131968      96.800000      77.231727 
 46131968      96.800000      77.267043 
 46131968      96.800000      77.272545 
 46131968      96.800000      77.287459 
 46131968      96.800000      77.252562 
 46131968      96.800000      77.257717 
 46131968      96.800000      77.239625 
 46131968      96.800000      77.224912 
 46131968      96.800000      77.244453 
 46131968      96.800000      77.275965 
 46131968      96.800000      77.283355 
 46131968      96.800000      77.287139 
 46131968      96.800000      77.291325 
 46131968      96.800000      77.294306 
 46131968      96.800000      77.269299 
 46131968      96.800000      77.254711 
 46131968      96.800000      77.299650 
 46131968      96.800000      77.293542 
 46131968      96.800000      77.298548 
 46131968      96.800000      77.259923 
 46131968      96.800000      77.310797 
 46131968      96.800000      77.294175 
 46131968      96.800000      77.283772 
 46131968      96.800000      77.297201 
 46131968      96.800000      77.278420 
 46131968      96.800000      77.263701 
 46131968      96.800000      77.286581 
 46131968      96.800000      77.286498 
 46131968      96.800000      77.276776 
 46131968      96.800000      77.284251 
 46131968      96.800000      77.294318 
 46131968      96.800000      77.278142 
 46131968      96.800000      77.261977 
 46131968      96.800000      77.242752 
 46131968      96.800000      77.294084 
 46131968      96.800000      77.275083 
 46131968      96.800000      77.269961 
 46131968      96.800000      77.301010 
 46131968      96.800000      77.280578 
 46131968      96.800000      77.272155 
 46131968      96.800000      77.271222 
 46131968      96.800000      77.295729 
 46131968      96.800000      77.291331 
 46131968      96.800000      77.292605 
 46131968      96.800000      77.283685 
 46131968      96.800000      77.297927 
 46131968      96.800000      77.280716 
 46131968      96.800000      77.253784 
 46131968      96.800000      77.318985 
 46131968      96.800000      77.260567 
 46131968      96.800000      77.295805 
 46131968      96.800000      77.283609 
 46131968      96.800000      77.285883 
 46131968      96.800000      77.307678 
 46131968      96.800000      77.304427 
 46131968      96.800000      77.307767 
 46131968      96.800000      77.318029 
 46131968      96.800000      77.269329 
 46131968      96.800000      77.278408 
 46131968      96.800000      77.287526 
 46131968      96.800000      77.281086 
 46131968      96.800000      77.253416 
 46131968      96.800000      77.301867 
 46131968      96.800000      77.270662 
 46131968      96.800000      77.253254 
 46131968      96.800000      77.304293 
 46131968      96.800000      77.308590 
 46131968      96.800000      77.277934 
 46131968      96.800000      77.301240 
 46131968      96.800000      77.287491 
 46131968      96.800000      77.292614 
 46131968       0.400000      77.286831 
 46131968      96.800000      77.211005 
 46131968      96.800000      77.266991 
 46131968      96.800000      77.255020 
 46131968      96.800000      77.245185 
 46131968      96.800000      77.248813 
 46131968      96.800000      77.243337 
 46131968      96.800000      77.242992 
 46131968      96.800000      77.260221 
 46131968      96.800000      77.264814 
 46131968      96.800000      77.289994 
 46131968      96.800000      77.261925 
 46131968      96.800000      77.297638 
 46131968      96.800000      77.241968 
 46131968      96.800000      77.246643 
 46131968      96.800000      77.246854 
 46131968      96.800000      77.269564 
 46131968      96.800000      77.286337 
 46131968      96.800000      77.242521 
 46131968      96.800000      77.247338 
 46131968      96.800000      77.240907 
 46131968      96.800000      77.264366 
 46131968      96.800000      77.235593 
 46131968      96.800000      77.221295 
 46131968      96.800000      77.253900 
 46131968      96.800000      77.222953 
 46131968      96.800000      77.270634 
 46131968      96.800000      77.255716 
 46131968      96.800000      77.251786 
 46131968      96.800000      77.247993 
 46131968      96.800000      77.221934 
 46131968      96.800000      77.267085 
 46131968      96.800000      77.268031 
 46131968      96.800000      77.271024 
 46131968      96.800000      77.275349 
 46131968      96.800000      77.240556 
 46131968      96.800000      77.277087 
 46131968      96.800000      77.232704 
 46131968      96.800000      77.254403 
 46131968      96.800000      77.253779 
 46131968      96.800000      77.238477 
 46131968      96.800000      77.258805 
 46131968      96.800000      77.261938 
 46131968      96.800000      77.246553 
 46131968      96.800000      77.251146 
 46131968      96.800000      77.243527 
 46131968      96.800000      77.261081 
 46131968      96.800000      77.234425 
 46131968      96.800000      77.262807 
 46131968      96.800000      77.243055 
 46131968      96.800000      77.242473 
 46131968      96.800000      77.262918 
 46131968      96.800000      77.246717 
 46131968      96.800000      77.288456 
 46131968      96.800000      77.236125 
 46131968      96.800000      77.289867 
 46131968      96.800000      77.266591 
 46131968      96.800000      77.279926 
 46131968      96.800000      77.299581 
 46131968      96.800000      77.308187 
 46131968      96.800000      77.241265 
 46131968      96.800000      77.277495 
 46131968      96.800000      77.283628 
 46131968      96.800000      77.293387 
 46131968      96.800000      77.286333 
 46131968      96.800000      77.278668 
 46131968      96.800000      77.314205 
 46131968      96.800000      77.298621 
 46131968      96.800000      77.277247 
 46131968      96.800000      77.307907 
 46131968      96.800000      77.286615 
 46131968      96.800000      77.299107 
 46131968      96.800000      77.281500 
 46131968      96.800000      77.272778 
 46131968      96.800000      77.287652 
 46131968      96.800000      77.306004 
 46131968      96.800000      77.280409 
 46131968      96.800000      77.316771 
 46131968      96.800000      77.289780 
 46131968      96.800000      77.282675 
 46131968      96.800000      77.281314 
 46131968      96.800000      77.294263 
 46131968      96.800000      77.329043 
 46131968      96.800000      77.273973 
 46131968      96.800000      77.276344 
 46131968      96.800000      77.281084 
 46131968      96.800000      77.297810 
 46131968      96.800000      77.272503 
 46131968      96.800000      77.260278 
 46131968      96.800000      77.301401 
 46131968      96.800000      77.278082 
 46131968      96.800000      77.271684 
 46131968      96.800000      77.267326 
 46131968      96.800000      77.271558 
 46131968      96.800000      77.271053 
 46131968      96.800000      77.284041 
 46131968      96.800000      77.302635 
 46131968      96.800000      77.256866 
 46131968      96.800000      77.283029 
 46131968      96.800000      77.263323 
 46131968      96.800000      77.287804 
 46131968      96.800000      77.257901 
 46131968      96.800000      77.262768 
 46131968      96.800000      77.296909 
 46131968      96.800000      77.263636 
 46131968      96.800000      77.286355 
 46131968      10.400000      77.286413 
 46131968      96.800000      77.273939 
 46131968      96.800000      77.280827 
 46131968      96.800000      77.246464 
 46131968      96.800000      77.230751 
 46131968      96.800000      77.243233 
 46131968      96.800000      77.237071 
 46131968      96.800000      77.269440 
 46131968      96.800000      77.254799 
 46131968      96.800000      77.256365 
 46131968      96.800000      77.253976 
 46131968      96.800000      77.242678 
 46131968      96.800000      77.219852 
 46131968      96.800000      77.237618 
 46131968      96.800000      77.243383 
 46131968      96.800000      77.262701 
 46131968      96.800000      77.264487 
 46131968      96.800000      77.274348 
 46131968      96.800000      77.241087 
 46131968      96.800000      77.259642 
 46131968      96.800000      77.239083 
 46131968      96.800000      77.257374 
 46131968      96.800000      77.236308 
 46131968      96.800000      77.273805 
 46131968      96.800000      77.230694 
 46131968      96.800000      77.255416 
 46131968      96.800000      77.269044 
 46131968      96.800000      77.247910 
 46131968      96.800000      77.254154 
 46131968      96.800000      77.244000 
 46131968      96.800000      77.234478 
 46131968      96.800000      77.234644 
 46131968      96.800000      77.263357 
 46131968      96.800000      77.223870 
 46131968      96.800000      77.248283 
 46131968      96.800000      77.276994 
 46131968      96.800000      77.245177 
 46131968      96.800000      77.248625 
 46131968      96.800000      77.258784 
 46131968      96.800000      77.255461 
 46131968      96.800000      77.254982 
 46131968      96.800000      77.258129 
 46131968      96.800000      77.239928 
 46131968      96.800000      77.245916 
 46131968      96.800000      77.276380 
 46131968      96.800000      77.242365 
 46131968      96.800000      77.259315 
 46131968      96.800000      77.241131 
 46131968      96.800000      77.275350 
 46131968      96.800000      77.256587 
 46131968      96.800000      77.278846 
 46131968      96.800000      77.227578 
 46131968      96.800000      77.260813 
 46131968      96.800000      77.266824 
 46131968      96.800000      77.246931 
 46131968      96.800000      77.251616 
 46131968      96.800000      77.234528 
 46131968      96.800000      77.258936 
 46131968      96.800000      77.281619 
 46131968      96.800000      77.284042 
 46131968      96.800000      77.294160 
 46131968      96.800000      77.276048 
 46131968      96.800000      77.283686 
 46131968      96.800000      77.313517 
 46131968      96.800000      77.301300 
 46131968      96.800000      77.303412 
 46131968      96.800000      77.301425 
 46131968      96.800000      77.305593 
 46131968      96.800000      77.290784 
 46131968      96.800000      77.281656 
 46131968      96.800000      77.286095 
 46131968      96.800000      77.295965 
 46131968      96.800000      77.272678 
 46131968      96.800000      77.300829 
 46131968      96.800000      77.282521 
 46131968      96.800000      77.276125 
 46131968      96.800000      77.305094 
 46131968      96.800000      77.267755 
 46131968      96.800000      77.274399 
 46131968      96.800000      77.267736 
 46131968      96.800000      77.285588 
 46131968      96.800000      77.297101 
 46131968      96.800000      77.257650 
 46131968      96.800000      77.268820 
 46131968      96.800000      77.278965 
 46131968      96.800000      77.278963 
 46131968      96.800000      77.270899 
 46131968      96.800000      77.262310 
 46131968      96.800000      77.288573 
 46131968      96.800000      77.260588 
 46131968      96.800000      77.258420 
 46131968      96.800000      77.300604 
 46131968      96.800000      77.269916 
 46131968      96.800000      77.262123 
 46131968      96.800000      77.289113 
 46131968      96.800000      77.304215 
 46131968      96.800000      77.289657 
 46131968      96.800000      77.279405 
 46131968      96.800000      77.274284 
 46131968      96.800000      77.288582 
 46131968      96.800000      77.301629 
 46131968      96.800000      77.289566 
 46131968      96.800000      77.268607 
 46131968      96.800000      77.286054 
 46131968      96.800000      77.257257 
 46131968      96.800000      77.291982 
 46131968      96.800000      77.277931 
 46131968      96.800000      77.283397 
 46131968      96.800000      77.276493 
 46131968      96.800000      77.272437 
 46131968      96.800000      77.278373 
 46131968      96.800000      77.259194 
 46131968      96.800000      77.290035 
 46131968      96.800000      77.293085 
 46131968      96.800000      77.290953 
 46134528      96.800000     -82.976079 
 46134528      96.800000     -83.008556 
 46134528      96.800000     -83.015073 
 46134528      96.800000     -83.005028 
 46134528      96.800000     -83.004403 
 46134528      96.800000     -83.025451 
 46134528      96.800000     -83.020232 
 46134528      96.800000     -83.036953 
 46134528      96.800000     -83.029468 
 46134528      96.800000     -83.021929 
 46134528      96.800000     -83.034550 
 46134528      96.800000     -83.033793 
 46134528      96.800000     -82.996549 
 46134528      96.800000     -83.021501 
 46134528      96.800000     -83.045446 
 46134528      96.800000     -83.037169 
 46134528      96.800000     -83.042704 
 46134528      96.800000     -83.033138 
 46134528      96.800000     -83.017956 
 46134528      96.800000     -83.025476 
 46134528      96.800000     -83.007865 
 46134528      96.800000     -83.015612 
 46134528      96.800000     -83.021744 
 46134528      96.800000     -83.015305 
 46134528      96.800000     -83.006827 
 46134528      96.800000     -83.018374 
 46134528      96.800000     -83.005094 
 46134528      96.800000     -83.029951 
 46134528      96.800000     -83.001642 
 46134528      96.800000     -83.043193 
 46134528      96.800000     -83.035979 
 46134528      96.800000     -83.012067 
 46134528      96.800000     -83.041726 
 46134528      96.800000     -82.971347 
 46134528      96.800000     -83.003463 
 46134528      96.800000     -82.978516 
 46134528      96.800000     -83.048280 
 46134528      96.800000     -83.009581 
 46134528      96.800000     -83.014977 
 46134528      96.800000     -83.038793 
 46134528      96.800000     -83.012135 
 46134528      96.800000     -83.052580 
 46134528      96.800000     -83.017578 
 46134528      96.800000     -83.001010 
 46134528      96.800000     -83.029336 
 46134528      96.800000     -83.021753 
 46134528      96.800000     -83.022732 
 46134528      96.800000     -83.005810 
 46134528      96.800000     -83.025676 
 46134528      96.800000     -82.996767 
 46134528      96.800000     -83.036819 
 46134528      96.800000     -83.019969 
 46134528      96.800000     -83.042806 
 46134528      96.800000     -83.015422 
 46134528      96.800000     -83.045151 
 46134528      96.800000     -82.998844 
 46134528      96.800000     -83.012536 
 46134528      96.800000     -83.016930 
 46134528      96.800000     -83.024137 
 46134528      96.800000     -83.036272 
 46134528      96.800000     -83.008917 
 46134528      96.800000     -83.037407 
 46134528      96.800000     -83.031307 
 46134528      96.800000     -83.023808 
 46134528      96.800000     -83.048817 
 46134528      96.800000     -83.065323 
 46134528      96.800000     -83.026262 
 46134528      96.800000     -83.036431 
 46134528      96.800000     -83.058892 
 46134528      96.800000     -83.036680 
 46134528      96.800000     -83.044927 
 46134528      96.800000     -83.024527 
 46134528      96.800000     -83.013470 
 46134528      96.800000     -83.055773 
 46134528      96.800000     -83.037721 
 46134528      96.800000     -83.036261 
 46134528      96.800000     -83.034562 
 46134528      96.800000     -83.046463 
 46134528      96.800000     -83.074920 
 46134528      96.800000     -83.086884 
 46134528      96.800000     -83.033389 
 46134528      96.800000     -83.044870 
 46134528      96.800000     -83.042855 
 46134528      96.800000     -83.062229 
 46134528      96.800000     -83.045144 
 46134528      96.800000     -83.040610 
 46134528      96.800000     -83.037488 
 46134528      96.800000     -83.048480 
 46134528      96.800000     -83.051569 
 46134528      96.800000     -83.054072 
 46134528      96.800000     -83.046584 
 46134528      96.800000     -83.041057 
 46134528      96.800000     -83.044467 
 46134528      96.800000     -83.071343 
 46134528      96.800000     -83.029007 
 46134528      96.800000     -83.043202 
 46134528      96.800000     -83.061573 
 46134528      96.800000     -83.060323 
 46134528      96.800000     -83.056249 
 46134528      96.800000     -83.043831 
 46134528      96.800000     -83.034283 
 46134528      96.800000     -83.002089 
 46134528      96.800000     -83.070805 
 46134528      96.800000     -83.073081 
 46134528      96.800000     -83.034260 
 46134528      96.800000     -83.059086 
 46134528      96.800000     -83.028340 
 46134528      96.800000     -83.063572 
 46134528      96.800000     -83.040143 
 46134528      96.800000     -83.045693 
 46134528      96.800000     -83.043171 
 46134528      96.800000     -83.064083 
 46134528      96.800000     -83.033575 
 46134528      96.800000     -82.990857 
 46134528      96.800000     -83.040507 
 46134528      96.800000     -83.023736 
 46134528      10.400000     -82.976057 
 46134528      96.800000     -82.992296 
 46134528      96.800000     -83.001162 
 46134528      96.800000     -83.031102 
 46134528      96.800000     -83.037789 
 46134528      96.800000     -83.030316 
 46134528      96.800000     -83.018234 
 46134528      96.800000     -83.011403 
 46134528      96.800000     -83.025953 
 46134528      96.800000     -83.019550 
 46134528      96.800000     -82.993814 
 46134528      96.800000     -83.020114 
 46134528      96.800000     -83.011089 
 46134528      96.800000     -83.039598 
 46134528      96.800000     -83.018792 
 46134528      96.800000     -83.005971 
 46134528      96.800000     -83.050238 
 46134528      96.800000     -83.035143 
 46134528      96.800000     -83.019078 
 46134528      96.800000     -83.036070 
 46134528      96.800000     -82.985612 
 46134528      96.800000     -83.005057 
 46134528      96.800000     -83.005064 
 46134528      96.800000     -83.031431 
 46134528      96.800000     -83.027126 
 46134528      96.800000     -83.017350 
 46134528      96.800000     -83.000337 
 46134528      96.800000     -83.034784 
 46134528      96.800000     -83.061733 
 46134528      96.800000     -83.012278 
 46134528      96.800000     -83.023431 
 46134528      96.800000     -83.017243 
 46134528      96.800000     -83.030837 
 46134528      96.800000     -83.053080 
 46134528      96.800000     -83.000336 
 46134528      96.800000     -83.018915 
 46134528      96.800000     -83.026505 
 46134528      96.800000     -83.011788 
 46134528      96.800000     -83.010613 
 46134528      96.800000     -83.034699 
 46134528      96.800000     -83.010382 
 46134528      96.800000     -83.010887 
 46134528      96.800000     -83.015333 
 46134528      96.800000     -83.011809 
 46134528      96.800000     -83.023327 
 46134528      96.800000     -83.029342 
 46134528      96.800000     -83.007657 
 46134528      96.800000     -83.020548 
 46134528      96.800000     -83.049517 
 46134528      96.800000     -83.043496 
 46134528      96.800000     -83.015709 
 46134528      96.800000     -83.010898 
 46134528      96.800000     -83.011667 
 46134528      96.800000     -82.988676 
 46134528      96.800000     -83.005233 
 46134528      96.800000     -83.071098 
 46134528      96.800000     -83.027028 
 46134528      96.800000     -83.025434 
 46134528      96.800000     -83.016158 
 46134528      96.800000     -83.053518 
 46134528      96.800000     -83.045649 
 46134528      96.800000     -83.062083 
 46134528      96.800000     -83.058636 
 46134528      96.800000     -83.067335 
 46134528      96.800000     -83.057723 
 46134528      96.800000     -83.044762 
 46134528      96.800000     -83.072502 
 46134528      96.800000     -83.040384 
 46134528      96.800000     -83.055696 
 46134528      96.800000     -83.036616 
 46134528      96.800000     -83.056658 
 46134528      96.800000     -83.035202 
 46134528      96.800000     -83.041166 
 46134528      96.800000     -83.059553 
 46134528      96.800000     -83.062486 
 46134528      96.800000     -83.030391 
 46134528      96.800000     -83.059792 
 46134528      96.800000     -83.041153 
 46134528      96.800000     -83.028100 
 46134528      96.800000     -83.054876 
 46134528      96.800000     -83.058361 
 46134528      96.800000     -83.035668 
 46134528      96.800000     -83.057963 
 46134528      96.800000     -83.045420 
 46134528      96.800000     -83.064348 
 46134528      96.800000     -83.073486 
 46134528      96.800000     -83.058630 
 46134528      96.800000     -83.036205 
 46134528      96.800000     -83.044758 
 46134528      96.800000     -83.025863 
 46134528      96.800000     -83.031263 
 46134528      96.800000     -83.056293 
 46134528      96.800000     -83.061584 
 46134528      96.800000     -83.029506 
 46134528      96.800000     -83.061805 
 46134528      96.800000     -83.052468 
 46134528      96.800000     -83.050154 
 46134528      96.800000     -83.040682 
 46134528      96.800000     -83.050813 
 46134528      96.800000     -83.052559 
 46134528      96.800000     -83.060908 
 46134528      96.800000     -83.046353 
 46134528      96.800000     -83.040536 
 46134528      96.800000     -83.020674 
 46134528      96.800000     -83.019056 
 46134528      96.800000     -83.022368 
 46134528      96.800000     -83.017180 
 46134528      96.800000     -83.003189 
 46134528      96.800000     -82.968788 
 46134528      96.800000     -83.021295 
 46134528      96.800000     -83.021490 
 46134528      96.800000     -83.039757 
 46134528      96.800000     -83.017812 
 46134528      96.800000     -83.019654 
 46134528      96.800000     -83.027487 
 46134528      96.800000     -83.035314 
 46134528      96.800000     -82.971255 
 46134528      96.800000     -83.049540 
 46134528      96.800000     -83.011704 
 46134528      96.800000     -83.038222 
 46134528      96.800000     -83.024127 
 46134528      96.800000     -83.018889 
 46134528      96.800000     -83.032992 
 46134528      96.800000     -83.004441 
 46134528      96.800000     -83.010688 
 46134528      96.800000     -83.016304 
 46134528      96.800000     -83.015223 
 46134528      96.800000     -83.028607 
 46134528      96.800000     -83.000535 
 46134528      96.800000     -83.034437 
 46134528      96.800000     -83.035607 
 46134528      96.800000     -83.034096 
 46134528      96.800000     -82.992072 
 46134528      96.800000     -83.036750 
 46134528      96.800000     -83.009684 
 46134528      96.800000     -83.044726 
 46134528      96.800000     -83.027897 
 46134528      96.800000     -83.014749 
 46134528      96.800000     -83.030596 
 46134528      96.800000     -83.015006 
 46134528      96.800000     -83.029368 
 46134528      96.800000     -83.033779 
 46134528      96.800000     -83.006567 
 46134528      96.800000     -83.036791 
 46134528      96.800000     -83.039908 
 46134528      96.800000     -83.045775 
 46134528      96.800000     -83.017211 
 46134528      96.800000     -83.038433 
 46134528      96.800000     -83.032121 
 46134528      96.800000     -83.029153 
 46134528      96.800000     -83.016625 
 46134528      96.800000     -83.005469 
 46134528      96.800000     -83.003838 
 46134528      96.800000     -83.000437 
 46134528      96.800000     -83.022856 
 46134528      96.800000     -82.996636 
 46134528      96.800000     -83.023799 
 46134528      96.800000     -82.989181 
 46134528      96.800000     -83.033936 
 46134528      96.800000     -83.011857 
 46134528      96.800000     -83.047166 
 46134528      96.800000     -83.063159 
 46134528      96.800000     -83.060588 
 46134528      96.800000     -83.060197 
 46134528      96.800000     -83.062477 
 46134528      96.800000     -83.047615 
 46134528      96.800000     -83.045970 
 46134528      96.800000     -83.033757 
 46134528      96.800000     -83.067563 
 46134528      96.800000     -83.056507 
 46134528      96.800000     -83.026122 
 46134528      96.800000     -83.033806 
 46134528      96.800000     -83.042002 
 46134528      96.800000     -83.041335 
 46134528      96.800000     -83.033673 
 46134528      96.800000     -83.029858 
 46134528      96.800000     -83.053803 
 46134528      96.800000     -83.029084 
 46134528      96.800000     -83.028996 
 46134528      96.800000     -83.087900 
 46134528      96.800000     -83.063607 
 46134528      96.800000     -83.045326 
 46134528      96.800000     -83.035026 
 46134528      96.800000     -83.050119 
 46134528      96.800000     -83.030301 
 46134528      96.800000     -83.052409 
 46134528      96.800000     -83.057838 
 46134528      96.800000     -83.046614 
 46134528      96.800000     -83.055735 
 46134528      96.800000     -83.028502 
 46134528      96.800000     -83.069449 
 46134528      96.800000     -83.044371 
 46134528      96.800000     -83.074049 
 46134528      96.800000     -83.061960 
 46134528      96.800000     -83.040614 
 46134528      96.800000     -83.065317 
 46134528      96.800000     -83.057383 
 46134528      96.800000     -83.013598 
 46134528      96.800000     -83.040366 
 46134528      96.800000     -83.065079 
 46134528      96.800000     -83.040677 
 46134528      96.800000     -83.018840 
 46134528      96.800000     -83.025302 
 46134528      96.800000     -83.034013 
 46134528      96.800000     -83.023196 
 46134528      96.800000     -83.048796 
 46134528      96.800000     -83.029236 
 46134528      96.800000     -83.039864 
 46134528      96.800000     -83.044351 
 46134528      96.800000     -83.050125 
 46134528      96.800000     -83.050768 
 46134528      96.800000     -83.049837 
 46134528      96.800000     -83.037828 
 46134528      96.800000     -83.049624 
 46134528      96.800000     -83.038981 
 46134528      96.800000     -83.071866 
 46134528      96.800000     -83.044616 
 46134528      96.800000     -83.047776 
 46134528      96.800000     -83.013823 
 46134528      96.800000     -83.040042 
 46134528       0.400000     -82.975899 
 46134528      96.800000     -83.029635 
 46134528      96.800000     -83.001505 
 46134528      96.800000     -83.011080 
 46134528      96.800000     -83.019748 
 46134528      96.800000     -83.025144 
 46134528      96.800000     -83.028045 
 46134528      96.800000     -83.029219 
 46134528      96.800000     -83.022690 
 46134528      96.800000     -83.040199 
 46134528      96.800000     -83.029664 
 46134528      96.800000     -83.015251 
 46134528      96.800000     -83.051315 
 46134528      96.800000     -83.023462 
 46134528      96.800000     -83.015036 
 46134528      96.800000     -83.033574 
 46134528      96.800000     -82.998546 
 46134528      96.800000     -83.047837 
 46134528      96.800000     -83.030085 
 46134528      96.800000     -83.041846 
 46134528      96.800000     -83.028324 
 46134528      96.800000     -83.000175 
 46134528      96.800000     -83.021344 
 46134528      96.800000     -83.036623 
 46134528      96.800000     -83.049816 
 46134528      96.800000     -83.016546 
 46134528      96.800000     -83.006826 
 46134528      96.800000     -83.026106 
 46134528      96.800000     -83.046513 
 46134528      96.800000     -83.020163 
 46134528      96.800000     -83.022252 
 46134528      96.800000     -83.015715 
 46134528      96.800000     -83.014861 
 46134528      96.800000     -83.017841 
 46134528      96.800000     -83.023677 
 46134528      96.800000     -83.012624 
 46134528      96.800000     -83.004456 
 46134528      96.800000     -83.008341 
 46134528      96.800000     -83.005978 
 46134528      96.800000     -82.995882 
 46134528      96.800000     -83.017649 
 46134528      96.800000     -83.026976 
 46134528      96.800000     -83.025537 
 46134528      96.800000     -83.024276 
 46134528      96.800000     -83.020993 
 46134528      96.800000     -83.037293 
 46134528      96.800000     -83.035065 
 46134528      96.800000     -82.991913 
 46134528      96.800000     -83.012382 
 46134528      96.800000     -83.014854 
 46134528      96.800000     -82.999504 
 46134528      96.800000     -82.998999 
 46134528      96.800000     -83.032419 
 46134528      96.800000     -83.052599 
 46134528      96.800000     -83.068424 
 46134528      96.800000     -83.037554 
 46134528      96.800000     -83.042328 
 46134528      96.800000     -83.041626 
 46134528      96.800000     -83.044542 
 46134528      96.800000     -83.051475 
 46134528      96.800000     -83.043398 
 46134528      96.800000     -83.034844 
 46134528      96.800000     -83.037325 
 46134528      96.800000     -83.025844 
 46134528      96.800000     -83.057051 
 46134528      96.800000     -83.025844 
 46134528      96.800000     -83.062204 
 46134528      96.800000     -83.055646 
 46134528      96.800000     -83.080158 
 46134528      96.800000     -83.054809 
 46134528      96.800000     -83.051366 
 46134528      96.800000     -83.068520 
 46134528      96.800000     -83.054579 
 46134528      96.800000     -83.057609 
 46134528      96.800000     -83.039559 
 46134528      96.800000     -83.028761 
 46134528      96.800000     -83.048215 
 46134528      96.800000     -83.066866 
 46134528      96.800000     -83.063633 
 46134528      96.800000     -83.057512 
 46134528      96.800000     -83.059301 
 46134528      96.800000     -83.037160 
 46134528      96.800000     -83.056465 
 46134528      96.800000     -83.010236 
 46134528      96.800000     -83.015933 
 46134528      96.800000     -83.046080 
 46134528      96.800000     -83.036466 
 46134528      96.800000     -83.030836 
 46134528      96.800000     -83.035715 
 46134528      96.800000     -83.043262 
 46134528      96.800000     -83.047635 
 46134528      96.800000     -83.038696 
 46134528      96.800000     -83.067795 
 46134528      96.800000     -83.079159 
 46134528      96.800000     -83.060932 
 46134528      96.800000     -83.058626 
 46134528      96.800000     -82.993799 
 46134528      96.800000     -83.029071 
 46134528      96.800000     -83.080166 
 46134528      96.800000     -83.057351 
 46134528      96.800000     -83.039905 
 46134528      96.800000     -83.049291 
 46134528      96.800000     -83.059825 
 46134528      96.800000     -83.070527 
 46134528      96.800000     -83.026961 
 46134528      96.800000     -83.043478 
 46134528      96.800000     -83.051107 
 46134528      96.800000     -83.044490 
 46134528      96.800000     -83.024680 
 46134528      96.800000     -83.054392 
 46134528      96.800000     -83.056774 
 46134528      96.800000     -83.043890 
 46134528      96.800000     -83.044375 
 46134528      96.800000     -83.049083 
 46134528      96.800000     -83.062531 
 46134528      96.800000     -83.044309 
 46137088      96.800000     -95.757797 
 46137088      96.800000     -95.756037 
 46137088      96.800000     -95.772950 
 46137088      96.800000     -95.738268 
 46137088      96.800000     -95.765112 
 46137088      96.800000     -95.761382 
 46137088      96.800000     -95.792349 
 46137088      96.800000     -95.745394 
 46137088      96.800000     -95.756176 
 46137088      96.800000     -95.770022 
 46137088      96.800000     -95.763191 
 46137088      96.800000     -95.763800 
 46137088      96.800000     -95.773420 
 46137088      96.800000     -95.744294 
 46137088      96.800000     -95.746329 
 46137088      96.800000     -95.716972 
 46137088      96.800000     -95.754034 
 46137088      96.800000     -95.752589 
 46137088      96.800000     -95.751240 
 46137088      96.800000     -95.753830 
 46137088      96.800000     -95.756639 
 46137088      96.800000     -95.738695 
 46137088      96.800000     -95.752026 
 46137088      96.800000     -95.766175 
 46137088      96.800000     -95.777121 
 46137088      96.800000     -95.732048 
 46137088      96.800000     -95.753345 
 46137088      96.800000     -95.774256 
 46137088      96.800000     -95.770351 
 46137088      96.800000     -95.754925 
 46137088      96.800000     -95.736906 
 46137088      96.800000     -95.751174 
 46137088      96.800000     -95.775529 
 46137088      96.800000     -95.757042 
 46137088      96.800000     -95.745293 
 46137088      96.800000     -95.780304 
 46137088      96.800000     -95.752063 
 46137088      96.800000     -95.747245 
 46137088      96.800000     -95.745914 
 46137088      96.800000     -95.744968 
 46137088      96.800000     -95.758466 
 46137088      96.800000     -95.769097 
 46137088      96.800000     -95.749337 
 46137088      96.800000     -95.728349 
 46137088      96.800000     -95.757462 
 46137088      96.800000     -95.753329 
 46137088      96.800000     -95.767107 
 46137088      96.800000     -95.735090 
 46137088      96.800000     -95.750016 
 46137088      96.800000     -95.766384 
 46137088      96.800000     -95.779012 
 46137088      96.800000     -95.764145 
 46137088      96.800000     -95.748987 
 46137088      96.800000     -95.758521 
 46137088      96.800000     -95.752067 
 46137088      96.800000     -95.788769 
 46137088      96.800000     -95.752877 
 46137088      96.800000     -95.743101 
 46137088      96.800000     -95.763557 
 46137088      96.800000     -95.746916 
 46137088      96.800000     -95.777309 
 46137088      96.800000     -95.754335 
 46137088      96.800000     -95.781421 
 46137088      96.800000     -95.775392 
 46137088      96.800000     -95.766674 
 46137088      96.800000     -95.753608 
 46137088      96.800000     -95.769291 
 46137088      96.800000     -95.755250 
 46137088      96.800000     -95.782404 
 46137088      96.800000     -95.779463 
 46137088      96.800000     -95.761285 
 46137088      96.800000     -95.791532 
 46137088      96.800000     -95.767443 
 46137088      96.800000     -95.750664 
 46137088      96.800000     -95.782502 
 46137088      96.800000     -95.776925 
 46137088      96.800000     -95.788948 
 46137088      96.800000     -95.801668 
 46137088      96.800000     -95.791098 
 46137088      96.800000     -95.752471 
 46137088      96.800000     -95.766220 
 46137088      96.800000     -95.773374 
 46137088      96.800000     -95.784485 
 46137088      96.800000     -95.769084 
 46137088      96.800000     -95.765972 
 46137088      96.800000     -95.799126 
 46137088      96.800000     -95.772546 
 46137088      96.800000     -95.794041 
 46137088      96.800000     -95.771762 
 46137088      96.800000     -95.789680 
 46137088      96.800000     -95.791919 
 46137088      96.800000     -95.773222 
 46137088      96.800000     -95.757262 
 46137088      96.800000     -95.803039 
 46137088      96.800000     -95.748098 
 46137088      96.800000     -95.754619 
 46137088      96.800000     -95.780707 
 46137088      96.800000     -95.770518 
 46137088      96.800000     -95.771434 
 46137088      96.800000     -95.775548 
 46137088      96.800000     -95.774569 
 46137088      96.800000     -95.765938 
 46137088      96.800000     -95.779873 
 46137088      96.800000     -95.806535 
 46137088      96.800000     -95.752322 
 46137088      96.800000     -95.773879 
 46137088      96.800000     -95.747657 
 46137088      96.800000     -95.762966 
 46137088      96.800000     -95.758124 
 46137088      96.800000     -95.741002 
 46137088      96.800000     -95.803106 
 46137088      96.800000     -95.749553 
 46137088      96.800000     -95.751920 
 46137088      96.800000     -95.759780 
 46137088      96.800000     -95.773789 
 46137088       0.400000     -95.759642 
 46137088      96.800000     -95.772776 
 46137088      96.800000     -95.755155 
 46137088      96.800000     -95.705190 
 46137088      96.800000     -95.775678 
 46137088      96.800000     -95.752204 
 46137088      96.800000     -95.767445 
 46137088      96.800000     -95.766645 
 46137088      96.800000     -95.784506 
 46137088      96.800000     -95.745717 
 46137088      96.800000     -95.755743 
 46137088      96.800000     -95.755955 
 46137088      96.800000     -95.763897 
 46137088      96.800000     -95.753525 
 46137088      96.800000     -95.769694 
 46137088      96.800000     -95.767429 
 46137088      96.800000     -95.754524 
 46137088      96.800000     -95.782078 
 46137088      96.800000     -95.762681 
 46137088      96.800000     -95.741723 
 46137088      96.800000     -95.766878 
 46137088      96.800000     -95.787009 
 46137088      96.800000     -95.758319 
 46137088      96.800000     -95.795040 
 46137088      96.800000     -95.741182 
 46137088      96.800000     -95.760356 
 46137088      96.800000     -95.770664 
 46137088      96.800000     -95.780763 
 46137088      96.800000     -95.726694 
 46137088      96.800000     -95.739966 
 46137088      96.800000     -95.736665 
 46137088      96.800000     -95.776409 
 46137088      96.800000     -95.761929 
 46137088      96.800000     -95.758686 
 46137088      96.800000     -95.746353 
 46137088      96.800000     -95.754740 
 46137088      96.800000     -95.745051 
 46137088      96.800000     -95.775753 
 46137088      96.800000     -95.759671 
 46137088      96.800000     -95.750883 
 46137088      96.800000     -95.774026 
 46137088      96.800000     -95.751096 
 46137088      96.800000     -95.758618 
 46137088      96.800000     -95.743530 
 46137088      96.800000     -95.766879 
 46137088      96.800000     -95.744726 
 46137088      96.800000     -95.750329 
 46137088      96.800000     -95.733503 
 46137088      96.800000     -95.771999 
 46137088      96.800000     -95.781062 
 46137088      96.800000     -95.756007 
 46137088      96.800000     -95.741459 
 46137088      96.800000     -95.753900 
 46137088      96.800000     -95.748996 
 46137088      96.800000     -95.725199 
 46137088      96.800000     -95.791111 
 46137088      96.800000     -95.774988 
 46137088      96.800000     -95.785966 
 46137088      96.800000     -95.796115 
 46137088      96.800000     -95.807507 
 46137088      96.800000     -95.768616 
 46137088      96.800000     -95.772387 
 46137088      96.800000     -95.760220 
 46137088      96.800000     -95.779091 
 46137088      96.800000     -95.764885 
 46137088      96.800000     -95.769807 
 46137088      96.800000     -95.770592 
 46137088      96.800000     -95.796287 
 46137088      96.800000     -95.757985 
 46137088      96.800000     -95.781420 
 46137088      96.800000     -95.768341 
 46137088      96.800000     -95.740011 
 46137088      96.800000     -95.769071 
 46137088      96.800000     -95.726015 
 46137088      96.800000     -95.783681 
 46137088      96.800000     -95.741194 
 46137088      96.800000     -95.769232 
 46137088      96.800000     -95.766757 
 46137088      96.800000     -95.769962 
 46137088      96.800000     -95.747185 
 46137088      96.800000     -95.762136 
 46137088      96.800000     -95.783904 
 46137088      96.800000     -95.772757 
 46137088      96.800000     -95.772781 
 46137088      96.800000     -95.775536 
 46137088      96.800000     -95.755700 
 46137088      96.800000     -95.781371 
 46137088      96.800000     -95.772955 
 46137088      96.800000     -95.795304 
 46137088      96.800000     -95.769344 
 46137088      96.800000     -95.786533 
 46137088      96.800000     -95.744264 
 46137088      96.800000     -95.766790 
 46137088      96.800000     -95.800034 
 46137088      96.800000     -95.771857 
 46137088      96.800000     -95.782392 
 46137088      96.800000     -95.763418 
 46137088      96.800000     -95.783970 
 46137088      96.800000     -95.816758 
 46137088      96.800000     -95.789437 
 46137088      96.800000     -95.770134 
 46137088      96.800000     -95.780692 
 46137088      96.800000     -95.767423 
 46137088      96.800000     -95.771452 
 46137088      96.800000     -95.767372 
 46137088      96.800000     -95.759494 
 46137088      96.800000     -95.793505 
 46137088      96.800000     -95.789267 
 46137088      96.800000     -95.791264 
 46137088      96.800000     -95.777043 
 46137088      96.800000     -95.790580 
 46137088      96.800000     -95.774448 
 46137088      96.800000     -95.754654 
 46137088      96.800000     -95.758823 
 46137088      96.800000     -95.763482 
 46137088      96.800000     -95.773829 
 46137088      96.800000     -95.762703 
 46137088      96.800000     -95.754026 
 46137088      96.800000     -95.762810 
 46137088      96.800000     -95.760715 
 46137088      96.800000     -95.779588 
 46137088      96.800000     -95.768980 
 46137088      96.800000     -95.791010 
 46137088      96.800000     -95.776495 
 46137088      96.800000     -95.771653 
 46137088      96.800000     -95.745369 
 46137088      96.800000     -95.752869 
 46137088      96.800000     -95.752549 
 46137088      96.800000     -95.757969 
 46137088      96.800000     -95.775599 
 46137088      96.800000     -95.763068 
 46137088      96.800000     -95.759166 
 46137088      96.800000     -95.730424 
 46137088      96.800000     -95.773498 
 46137088      96.800000     -95.769854 
 46137088      96.800000     -95.744413 
 46137088      96.800000     -95.780521 
 46137088      96.800000     -95.749470 
 46137088      96.800000     -95.748898 
 46137088      96.800000     -95.753160 
 46137088      96.800000     -95.753070 
 46137088      96.800000     -95.779442 
 46137088      96.800000     -95.789361 
 46137088      96.800000     -95.749034 
 46137088      96.800000     -95.762824 
 46137088      96.800000     -95.769050 
 46137088      96.800000     -95.760184 
 46137088      96.800000     -95.772089 
 46137088      96.800000     -95.728610 
 46137088      96.800000     -95.733951 
 46137088      96.800000     -95.741390 
 46137088      96.800000     -95.738305 
 46137088      96.800000     -95.786050 
 46137088      96.800000     -95.760481 
 46137088      96.800000     -95.756867 
 46137088      96.800000     -95.734244 
 46137088      96.800000     -95.772905 
 46137088      96.800000     -95.748399 
 46137088      96.800000     -95.769932 
 46137088      96.800000     -95.762583 
 46137088      96.800000     -95.785251 
 46137088      96.800000     -95.775160 
 46137088      96.800000     -95.755384 
 46137088      96.800000     -95.751565 
 46137088      96.800000     -95.775775 
 46137088      96.800000     -95.781086 
 46137088      96.800000     -95.769201 
 46137088      96.800000     -95.743286 
 46137088      96.800000     -95.765326 
 46137088      96.800000     -95.795435 
 46137088      96.800000     -95.769723 
 46137088      96.800000     -95.782668 
 46137088      96.800000     -95.773157 
 46137088      96.800000     -95.784556 
 46137088      96.800000     -95.798695 
 46137088      96.800000     -95.770978 
 46137088      96.800000     -95.755021 
 46137088      96.800000     -95.786045 
 46137088      96.800000     -95.807841 
 46137088      96.800000     -95.756775 
 46137088      96.800000     -95.780854 
 46137088      96.800000     -95.764009 
 46137088      96.800000     -95.776144 
 46137088      96.800000     -95.760671 
 46137088      96.800000     -95.788621 
 46137088      96.800000     -95.789981 
 46137088      96.800000     -95.779706 
 46137088      96.800000     -95.792365 
 46137088      96.800000     -95.777133 
 46137088      96.800000     -95.770860 
 46137088      96.800000     -95.781795 
 46137088      96.800000     -95.783247 
 46137088      96.800000     -95.774920 
 46137088      96.800000     -95.767406 
 46137088      96.800000     -95.778530 
 46137088      96.800000     -95.784799 
 46137088      96.800000     -95.768522 
 46137088      96.800000     -95.763306 
 46137088      96.800000     -95.756120 
 46137088      96.800000     -95.769820 
 46137088      96.800000     -95.731023 
 46137088      96.800000     -95.764170 
 46137088      96.800000     -95.791449 
 46137088      96.800000     -95.754107 
 46137088      96.800000     -95.779855 
 46137088      96.800000     -95.764083 
 46137088      96.800000     -95.764238 
 46137088      96.800000     -95.766440 
 46137088      96.800000     -95.772305 
 46137088      96.800000     -95.743634 
 46137088      96.800000     -95.754671 
 46137088      96.800000     -95.759215 
 46137088      96.800000     -95.750914 
 46137088      96.800000     -95.766333 
 46137088      96.800000     -95.784990 
 46137088      96.800000     -95.756652 
 46137088      96.800000     -95.796093 
 46137088      96.800000     -95.762680 
 46137088      96.800000     -95.791773 
 46137088      96.800000     -95.783954 
 46137088      96.800000     -95.759877 
 46137088      96.800000     -95.737318 
 46137088      96.800000     -95.765066 
 46137088      96.800000     -95.755612 
 46137088      96.800000     -95.764970 
 46137088      96.800000     -95.783623 
 46137088      96.800000     -95.762817 
 46137088      96.800000     -95.761099 
 46137088      96.800000     -95.773926 
 46137088      96.800000     -95.792240 
 46137088      96.800000     -95.752155 
 46137088      96.800000     -95.739037 
 46137088      96.800000     -95.757860 
 46137088      96.800000     -95.750946 
 46137088      96.800000     -95.737841 
 46137088      96.800000     -95.748880 
 46137088      96.800000     -95.751243 
 46137088      96.800000     -95.758514 
 46137088      96.800000     -95.753870 
 46137088      96.800000     -95.770921 
 46137088      96.800000     -95.767842 
 46137088      96.800000     -95.804392 
 46137088      96.800000     -95.767011 
 46137088      96.800000     -95.769806 
 46137088      96.800000     -95.761094 
 46137088      96.800000     -95.753651 
 46137088      96.800000     -95.771953 
 46137088      96.800000     -95.743247 
 46137088      96.800000     -95.775849 
 46137088      96.800000     -95.777631 
 46137088      96.800000     -95.738014 
 46137088      96.800000     -95.762786 
 46137088      96.800000     -95.777358 
 46137088      96.800000     -95.764022 
 46137088      96.800000     -95.747747 
 46137088      96.800000     -95.778525 
 46137088      96.800000     -95.735144 
 46137088      96.800000     -95.758250 
 46137088      96.800000     -95.780780 
 46137088      96.800000     -95.784823 
 46137088      96.800000     -95.754500 
 46137088      96.800000     -95.767884 
 46137088      96.800000     -95.759879 
 46137088      96.800000     -95.775890 
 46137088      96.800000     -95.782732 
 46137088      96.800000     -95.740906 
 46137088      96.800000     -95.772088 
 46137088      96.800000     -95.750205 
 46137088      96.800000     -95.766812 
 46137088      96.800000     -95.754094 
 46137088      96.800000     -95.747716 
 46137088      96.800000     -95.747356 
 46137088      96.800000     -95.782891 
 46137088      96.800000     -95.718977 
 46137088      96.800000     -95.771299 
 46137088      96.800000     -95.794176 
 46137088      96.800000     -95.740464 
 46137088      96.800000     -95.764196 
 46137088      96.800000     -95.767065 
 46137088      96.800000     -95.784607 
 46137088      96.800000     -95.746537 
 46137088      96.800000     -95.783547 
 46137088      96.800000     -95.779205 
 46137088      96.800000     -95.749510 
 46137088      96.800000     -95.761950 
 46137088      96.800000     -95.803118 
 46137088      96.800000     -95.771944 
 46137088      96.800000     -95.768634 
 46137088      96.800000     -95.778237 
 46137088      96.800000     -95.757285 
 46137088      96.800000     -95.775955 
 46137088      96.800000     -95.756401 
 46137088      96.800000     -95.787528 
 46137088      96.800000     -95.783933 
 46137088      96.800000     -95.770230 
 46137088      96.800000     -95.797635 
 46137088      96.800000     -95.785286 
 46137088      96.800000     -95.795638 
 46137088      96.800000     -95.781525 
 46137088      96.800000     -95.747412 
 46137088      96.800000     -95.769912 
 46137088      96.800000     -95.766889 
 46137088      96.800000     -95.713676 
 46137088      96.800000     -95.754085 
 46137088      96.800000     -95.771993 
 46137088      96.800000     -95.765852 
 46137088      96.800000     -95.776871 
 46137088      96.800000     -95.776985 
 46137088      96.800000     -95.779802 
 46137088      96.800000     -95.785117 
 46137088      96.800000     -95.767308 
 46137088      96.800000     -95.772802 
 46137088      96.800000     -95.752690 
 46137088      96.800000     -95.779281 
 46137088      96.800000     -95.762399 
 46137088      96.800000     -95.756202 
 46137088      96.800000     -95.804713 
 46137088      96.800000     -95.790500 
 46137088      96.800000     -95.770342 
 46137088      96.800000     -95.787478 
 46137088      96.800000     -95.764045 
 46137088      96.800000     -95.776906 
 46137088      96.800000     -95.742447 
 46137088      96.800000     -95.784557 
 46137088      96.800000     -95.787078 
 46137088      96.800000     -95.776598 
 46137088      96.800000     -95.760608 
 46137088      96.800000     -95.778488 
 46137088      96.800000     -95.789746 
 46137088      96.800000     -95.765476 
 46137088      96.800000     -95.777772 
 46137088      96.800000     -95.785625 
 46137088      96.800000     -95.770123 
 46137088      96.800000     -95.761609 
 46137088      96.800000     -95.775703 
 46137088      96.800000     -95.775646 
 46137088      10.400000     -95.759856 
