# 1 AORKEY
# 2 EXPTIME
# 3 CROTA2
46134272   93.600000 -66.602390
46134272   93.600000 -66.607278
46134272   93.600000 -66.602916
46134272   93.600000 -66.602375
46134272   93.600000 -66.603544
46134272   93.600000 -66.603472
46134272   93.600000 -66.603135
46134272   93.600000 -66.603408
46134272   93.600000 -66.603096
46134272   93.600000 -66.608721
46134272   93.600000 -66.604315
46134272   93.600000 -66.604954
46134272   93.600000 -66.601997
46134272   93.600000 -66.603699
46134272   93.600000 -66.602295
46134272   93.600000 -66.602882
46134272   93.600000 -66.606899
46134272   93.600000 -66.604368
46134272   93.600000 -66.607736
46134272   93.600000 -66.605735
46134272   93.600000 -66.606802
46134272   93.600000 -66.609949
46134272   93.600000 -66.606792
46134272   93.600000 -66.606725
46134272   93.600000 -66.608691
46134272   93.600000 -66.603443
46134272   93.600000 -66.608332
46134272   93.600000 -66.606620
46134272   93.600000 -66.608398
46134272   93.600000 -66.604896
46134272   93.600000 -66.604057
46134272   93.600000 -66.608240
46134272   93.600000 -66.606153
46134272   93.600000 -66.609687
46134272   93.600000 -66.607133
46134272   93.600000 -66.607620
46134272   93.600000 -66.604912
46134272   93.600000 -66.608271
46134272   93.600000 -66.608723
46134272   93.600000 -66.608219
46134272   93.600000 -66.606875
46134272   93.600000 -66.605637
46134272   93.600000 -66.607811
46134272   93.600000 -66.608892
46134272   93.600000 -66.607733
46134272   93.600000 -66.604842
46134272   93.600000 -66.607912
46134272   93.600000 -66.605910
46134272   93.600000 -66.611914
46134272   93.600000 -66.606372
46134272   93.600000 -66.610803
46134272   93.600000 -66.607327
46134272   93.600000 -66.607349
46134272   93.600000 -66.606850
46134272   93.600000 -66.600949
46134272   93.600000 -66.602354
46134272   93.600000 -66.607198
46134272   93.600000 -66.603763
46134272   93.600000 -66.601397
46134272   93.600000 -66.601810
46134272   93.600000 -66.602421
46134272   93.600000 -66.599752
46134272   93.600000 -66.601533
46134272   93.600000 -66.605150
46134272   93.600000 -66.600553
46134272   93.600000 -66.602398
46134272   93.600000 -66.601343
46134272   93.600000 -66.604850
46134272   93.600000 -66.601432
46134272   93.600000 -66.603626
46134272   93.600000 -66.603894
46134272   93.600000 -66.602375
46134272   93.600000 -66.608500
46134272   93.600000 -66.602428
46134272   93.600000 -66.605516
46134272   93.600000 -66.602500
46134272   93.600000 -66.600765
46134272   93.600000 -66.603486
46134272   93.600000 -66.604226
46134272   93.600000 -66.607316
46134272   93.600000 -66.603314
46134272   93.600000 -66.604450
46134272   93.600000 -66.605704
46134272   93.600000 -66.600411
46134272   93.600000 -66.604447
46134272   93.600000 -66.603958
46134272   93.600000 -66.609251
46134272   93.600000 -66.604150
46134272   93.600000 -66.604076
46134272   93.600000 -66.608303
46134272   93.600000 -66.610362
46134272   93.600000 -66.606829
46134272   93.600000 -66.603612
46134272   93.600000 -66.603971
46134272   93.600000 -66.605389
46134272   93.600000 -66.602553
46134272   93.600000 -66.607716
46134272   93.600000 -66.602974
46134272   93.600000 -66.605217
46134272   93.600000 -66.603675
46134272   93.600000 -66.604183
46134272   93.600000 -66.604703
46134272   93.600000 -66.605207
46134272   93.600000 -66.605364
46134272   93.600000 -66.599861
46134272   93.600000 -66.601589
46134272   93.600000 -66.600064
46134272   93.600000 -66.599438
46134272   93.600000 -66.601950
46134272   93.600000 -66.604164
46134272   93.600000 -66.600536
46134272   93.600000 -66.604753
46134272   93.600000 -66.609164
46134272   93.600000 -66.609279
46134272   93.600000 -66.598970
46134272   93.600000 -66.602227
46134272   93.600000 -66.598902
46134272   93.600000 -66.601579
46134272   93.600000 -66.603592
46134272   93.600000 -66.607339
46136832   93.600000 -66.429059
46134272   93.600000 -66.605491
46134272   93.600000 -66.601856
46134272   93.600000 -66.602967
46136832   93.600000 -66.432241
46134272   93.600000 -66.602827
46136832   93.600000 -66.428392
46134272   93.600000 -66.600958
46134272   93.600000 -66.602069
46134272   93.600000 -66.603369
46134272   93.600000 -66.603780
46134272   93.600000 -66.603994
46134272   93.600000 -66.606329
46134272   93.600000 -66.606150
46134272   93.600000 -66.608501
46134272   93.600000 -66.606662
46136832   93.600000 -66.431461
46136832   93.600000 -66.431087
46134272   93.600000 -66.602083
46136832   93.600000 -66.433367
46134272   93.600000 -66.605960
46134272   93.600000 -66.606067
46134272   93.600000 -66.607639
46134272   93.600000 -66.598998
46134272   93.600000 -66.604685
46136832   93.600000 -66.424816
46134272   93.600000 -66.607274
46134272   93.600000 -66.611407
46134272   93.600000 -66.603820
46134272   93.600000 -66.605608
46134272   93.600000 -66.608049
46134272   93.600000 -66.609158
46134272   93.600000 -66.606833
46134272   93.600000 -66.600017
46134272   93.600000 -66.598985
46134272   93.600000 -66.603998
46134272   93.600000 -66.599487
46136832   93.600000 -66.424968
46134272   93.600000 -66.598598
46134272   93.600000 -66.603614
46134272   93.600000 -66.607230
46136832   93.600000 -66.425568
46134272   93.600000 -66.607571
46136832   93.600000 -66.425053
46134272   93.600000 -66.603692
46134272   93.600000 -66.598379
46136832   93.600000 -66.425227
46134272   93.600000 -66.600259
46134272   93.600000 -66.605433
46136832   93.600000 -66.426718
46134272   93.600000 -66.602745
46134272   93.600000 -66.601266
46136832   10.400000 -66.426547
46134272   93.600000 -66.606598
46134272   93.600000 -66.603122
46136832   0.400000 -66.426199
46134272   93.600000 -66.610073
46134272   93.600000 -66.599663
46134272   93.600000 -66.602891
46134272   93.600000 -66.602761
46134272   93.600000 -66.604290
46134272   93.600000 -66.607832
46136832   93.600000 -66.431610
46134272   93.600000 -66.605022
46136832   93.600000 -66.428998
46134272   93.600000 -66.608540
46134272   93.600000 -66.604559
46134272   93.600000 -66.609072
46136832   93.600000 -66.429313
46134272   93.600000 -66.606516
46134272   93.600000 -66.603862
46136832   93.600000 -66.428077
46134272   93.600000 -66.605133
46134272   93.600000 -66.604016
46136832   93.600000 -66.431523
46134272   93.600000 -66.604973
46134272   93.600000 -66.605580
46134272   93.600000 -66.603940
46134272   93.600000 -66.608966
46136832   93.600000 -66.428495
46134272   93.600000 -66.602113
46136832   93.600000 -66.427337
46134272   93.600000 -66.604648
46136832   93.600000 -66.430625
46134272   93.600000 -66.600851
46134272   93.600000 -66.602507
46136832   93.600000 -66.429597
46134272   93.600000 -66.605391
46134272   93.600000 -66.604323
46134272   93.600000 -66.605295
46134272   93.600000 -66.602623
46134272   93.600000 -66.609215
46134272   93.600000 -66.606584
46134272   93.600000 -66.602961
46134272   93.600000 -66.606713
46134272   93.600000 -66.604382
46134272   93.600000 -66.603277
46134272   93.600000 -66.603893
46134272   93.600000 -66.604480
46134272   93.600000 -66.604600
46134272   93.600000 -66.608689
46134272   93.600000 -66.604223
46134272   93.600000 -66.606572
46134272   93.600000 -66.604123
46134272   93.600000 -66.603298
46134272   93.600000 -66.603349
46134272   93.600000 -66.604448
46134272   93.600000 -66.597616
46134272   93.600000 -66.598184
46134272   93.600000 -66.597069
46134272   93.600000 -66.603996
46134272   93.600000 -66.603080
46134272   93.600000 -66.604116
46134272   93.600000 -66.602161
46134272   93.600000 -66.606465
46134272   93.600000 -66.599737
46134272   93.600000 -66.603941
46134272   93.600000 -66.603587
46134272   93.600000 -66.602351
46134272   93.600000 -66.600614
46134272   93.600000 -66.601026
46134272   93.600000 -66.602066
46134272   93.600000 -66.599947
46134272   93.600000 -66.603327
46134272   93.600000 -66.605213
46134272   93.600000 -66.605099
46134272   93.600000 -66.604429
46134272   93.600000 -66.600164
46134272   93.600000 -66.607242
46134272   93.600000 -66.605172
46134272   93.600000 -66.602404
46134272   93.600000 -66.603497
46134272   93.600000 -66.602241
46134272   93.600000 -66.597738
46134272   93.600000 -66.598863
46134272   93.600000 -66.598954
46134272   93.600000 -66.600780
46134272   93.600000 -66.604428
46134272   93.600000 -66.600368
46134272   93.600000 -66.598390
37854976   93.600000 -66.598315
37854976   93.600000 -66.594996
37854976   93.600000 -66.591804
37854976   93.600000 -66.593970
37854976   93.600000 -66.598652
46134272   93.600000 -66.599738
37854976   93.600000 -66.595047
46134272   93.600000 -66.600483
37854976   93.600000 -66.590725
37854976   93.600000 -66.588467
37854976   93.600000 -66.587216
46134272   93.600000 -66.600681
37854976   93.600000 -66.598526
46134272   93.600000 -66.603051
37854976   93.600000 -66.598612
37854976   93.600000 -66.592479
37854976   93.600000 -66.599654
46134272   93.600000 -66.604285
46134272   93.600000 -66.604947
37854976   93.600000 -66.594972
46134272   93.600000 -66.604934
37854976   93.600000 -66.592488
46134272   93.600000 -66.606316
46134272   93.600000 -66.601990
46134272   93.600000 -66.604950
46134272   93.600000 -66.602955
46134272   93.600000 -66.602219
37854976   93.600000 -66.595147
46134272   93.600000 -66.603501
37854976   93.600000 -66.594840
46134272   93.600000 -66.604643
37854976   93.600000 -66.598818
37854976   93.600000 -66.590655
37854976   93.600000 -66.595134
46134272   93.600000 -66.602098
37854976   93.600000 -66.595296
37854976   93.600000 -66.598116
37854976   93.600000 -66.590639
37854976   93.600000 -66.595430
37854976   93.600000 -66.598551
37854976   93.600000 -66.594291
37854976   93.600000 -66.595752
37854976   93.600000 -66.595340
37854976   93.600000 -66.596150
37854976   93.600000 -66.594802
37854976   93.600000 -66.595677
37854976   93.600000 -66.595818
37854976   93.600000 -66.592968
37854976   93.600000 -66.597165
37854976   93.600000 -66.592484
37854976   93.600000 -66.597302
37854976   93.600000 -66.595135
37854976   93.600000 -66.595303
37854976   93.600000 -66.594184
46134272   93.600000 -66.600816
37854976   93.600000 -66.593682
37854976   93.600000 -66.591783
37854976   93.600000 -66.598383
37854976   93.600000 -66.596729
37854976   93.600000 -66.600908
37854976   93.600000 -66.599648
37854976   93.600000 -66.595155
46134272   93.600000 -66.599526
37854976   93.600000 -66.590092
37854976   93.600000 -66.588567
37854976   93.600000 -66.589748
37854976   93.600000 -66.589865
37854976   93.600000 -66.589300
37854976   93.600000 -66.587064
37854976   93.600000 -66.594704
37854976   93.600000 -66.588144
37854976   93.600000 -66.588864
37854976   93.600000 -66.589112
37854976   93.600000 -66.587327
37854976   93.600000 -66.586922
37854976   93.600000 -66.589378
37854976   93.600000 -66.590795
37854976   93.600000 -66.591050
37854976   93.600000 -66.594931
37854976   93.600000 -66.594139
37854976   93.600000 -66.591067
37854976   93.600000 -66.590682
37854976   93.600000 -66.591044
37854976   93.600000 -66.591789
37854976   93.600000 -66.589969
37854976   93.600000 -66.593689
37854976   93.600000 -66.592791
37854976   93.600000 -66.592809
37854976   93.600000 -66.589216
37854976   93.600000 -66.592924
37854976   93.600000 -66.589927
37854976   93.600000 -66.592805
37854976   93.600000 -66.594407
37854976   93.600000 -66.590410
37854976   93.600000 -66.587888
37854976   93.600000 -66.589147
37854976   93.600000 -66.595263
37854976   93.600000 -66.594033
37854976   93.600000 -66.590207
37854976   93.600000 -66.595319
37854976   93.600000 -66.588229
37854976   93.600000 -66.590116
37854976   93.600000 -66.593071
37854976   93.600000 -66.594862
37854976   93.600000 -66.588148
37854976   93.600000 -66.593068
37854976   93.600000 -66.596407
37854976   93.600000 -66.598399
37854976   93.600000 -66.594010
37854976   93.600000 -66.591914
37854976   93.600000 -66.597313
37854976   93.600000 -66.592955
37854976   93.600000 -66.600170
37854976   93.600000 -66.594759
37854976   93.600000 -66.593546
37854976   93.600000 -66.600010
37854976   93.600000 -66.591841
37854976   93.600000 -66.595660
37854976   93.600000 -66.596905
37854976   93.600000 -66.593553
37854976   93.600000 -66.595424
37854976   93.600000 -66.598605
37854976   93.600000 -66.590061
37854976   93.600000 -66.588401
37854976   93.600000 -66.591104
37854976   93.600000 -66.589738
37854976   93.600000 -66.596008
37854976   93.600000 -66.599839
37854976   93.600000 -66.586227
37854976   93.600000 -66.593555
37854976   93.600000 -66.588813
37854976   93.600000 -66.591506
37854976   93.600000 -66.588801
37854976   93.600000 -66.589798
37854976   93.600000 -66.588667
37854976   93.600000 -66.589172
37854976   93.600000 -66.593245
37854976   93.600000 -66.589812
46134272   0.400000 -66.603634
37854976   93.600000 -66.593962
37854976   93.600000 -66.596121
37854976   93.600000 -66.591320
37854976   93.600000 -66.593363
37854976   93.600000 -66.590967
37854976   93.600000 -66.589519
37854976   93.600000 -66.594556
46134272   93.600000 -66.600293
37854976   93.600000 -66.598753
37854976   93.600000 -66.595303
46134272   93.600000 -66.599491
46134272   93.600000 -66.599802
37854976   93.600000 -66.590972
46134272   93.600000 -66.600077
37854976   93.600000 -66.591329
46134272   93.600000 -66.603558
37854976   93.600000 -66.597856
37854976   93.600000 -66.594418
46134272   10.400000 -66.603514
46134272   93.600000 -66.600530
37854976   93.600000 -66.592037
37854976   93.600000 -66.595832
37854976   93.600000 -66.592477
37854976   93.600000 -66.591168
37854976   93.600000 -66.594813
37854976   93.600000 -66.589168
37854976   93.600000 -66.594624
37854976   93.600000 -66.591888
37854976   93.600000 -66.597206
37854976   93.600000 -66.591362
37854976   93.600000 -66.592875
37854976   93.600000 -66.595803
37854976   93.600000 -66.592562
37854976   93.600000 -66.593108
37854976   93.600000 -66.597919
37854976   93.600000 -66.587093
37854976   93.600000 -66.592208
37854976   93.600000 -66.592224
37854976   93.600000 -66.594960
37854976   93.600000 -66.596324
37854976   93.600000 -66.593853
37854976   93.600000 -66.586396
37854976   93.600000 -66.589176
37854976   93.600000 -66.593963
37854976   93.600000 -66.589763
37854976   93.600000 -66.591816
37854976   93.600000 -66.594229
37854976   93.600000 -66.595510
37854976   93.600000 -66.588323
37854976   93.600000 -66.595671
37854976   93.600000 -66.596579
37854976   93.600000 -66.590608
37854976   93.600000 -66.595058
37854976   93.600000 -66.593372
37854976   93.600000 -66.589460
37854976   93.600000 -66.588694
37854976   93.600000 -66.591670
37854976   93.600000 -66.593609
37854976   93.600000 -66.588837
37854976   93.600000 -66.590071
37854976   93.600000 -66.588476
37854976   93.600000 -66.587617
37854976   93.600000 -66.589554
37854976   93.600000 -66.591147
37854976   10.400000 -66.592776
37854976   93.600000 -66.592774
37854976   0.400000 -66.592950
37854976   93.600000 -66.591746
46134272   93.600000 -66.605233
46134272   93.600000 -66.600486
46134272   93.600000 -66.604680
46134272   93.600000 -66.604786
46134272   93.600000 -66.608216
46134272   93.600000 -66.606903
46134272   93.600000 -66.608306
46134272   93.600000 -66.608523
46134272   93.600000 -66.613065
46134272   93.600000 -66.607057
46134272   93.600000 -66.606680
46134272   93.600000 -66.611028
46134272   93.600000 -66.603778
46134272   93.600000 -66.603739
46134272   93.600000 -66.605661
46134272   93.600000 -66.604960
46134272   93.600000 -66.604862
46134272   93.600000 -66.608562
46134272   93.600000 -66.609703
46134272   93.600000 -66.602246
46134272   93.600000 -66.609329
46134272   93.600000 -66.605603
46134272   93.600000 -66.608616
46134272   93.600000 -66.607683
46134272   93.600000 -66.604211
46134272   93.600000 -66.610167
46134272   93.600000 -66.609300
46134272   93.600000 -66.602098
46134272   93.600000 -66.601851
46134272   93.600000 -66.604886
46134272   93.600000 -66.607546
46134272   93.600000 -66.601845
46134272   93.600000 -66.602389
46134272   93.600000 -66.599585
46134272   93.600000 -66.605063
46134272   93.600000 -66.607324
46134272   93.600000 -66.606993
46134272   93.600000 -66.604073
46134272   93.600000 -66.605103
46134272   93.600000 -66.605758
46134272   93.600000 -66.603663
46134272   93.600000 -66.605553
46134272   93.600000 -66.607544
46134272   93.600000 -66.607699
46134272   93.600000 -66.609039
46134272   93.600000 -66.603425
46134272   93.600000 -66.604178
46134272   93.600000 -66.606885
46134272   93.600000 -66.603974
46134272   93.600000 -66.603058
46134272   93.600000 -66.609955
46134272   93.600000 -66.613078
46134272   93.600000 -66.611865
46134272   93.600000 -66.610177
46134272   93.600000 -66.608267
46134272   93.600000 -66.609946
46134272   93.600000 -66.608240
46134272   93.600000 -66.610737
46134272   93.600000 -66.608290
46134272   93.600000 -66.607812
46134272   93.600000 -66.609387
46134272   93.600000 -66.608693
46134272   93.600000 -66.604821
46134272   93.600000 -66.605509
46134272   93.600000 -66.610135
46134272   93.600000 -66.608174
46134272   93.600000 -66.604943
46134272   93.600000 -66.607056
46134272   93.600000 -66.606709
46134272   93.600000 -66.610656
46134272   93.600000 -66.609043
46134272   93.600000 -66.609493
46134272   93.600000 -66.607876
46134272   93.600000 -66.605980
46134272   93.600000 -66.605004
46134272   93.600000 -66.607844
46134272   93.600000 -66.604597
46134272   93.600000 -66.604869
46134272   93.600000 -66.606409
46134272   93.600000 -66.608494
46134272   93.600000 -66.603612
46134272   93.600000 -66.602595
46134272   93.600000 -66.604893
46134272   93.600000 -66.600998
46134272   93.600000 -66.606900
46134272   93.600000 -66.604890
46134272   93.600000 -66.600989
46134272   93.600000 -66.600112
46134272   93.600000 -66.603371
46134272   93.600000 -66.601149
46134272   93.600000 -66.601228
46134272   93.600000 -66.598093
46134272   93.600000 -66.600850
46134272   93.600000 -66.611990
46134272   93.600000 -66.603197
46134272   93.600000 -66.608237
46134272   93.600000 -66.606299
46134272   93.600000 -66.607941
46134272   93.600000 -66.606202
46134272   93.600000 -66.607137
46134272   93.600000 -66.612025
46134272   93.600000 -66.610504
46134272   93.600000 -66.608650
46134272   93.600000 -66.607697
46134272   93.600000 -66.607418
46134272   93.600000 -66.607294
46134272   93.600000 -66.608319
46134272   93.600000 -66.612069
46134272   93.600000 -66.609783
46134272   93.600000 -66.607737
46134272   93.600000 -66.608493
46134272   93.600000 -66.611655
46134272   93.600000 -66.612740
46134272   93.600000 -66.614354
46134272   93.600000 -66.610502
46134272   93.600000 -66.612421
46134272   93.600000 -66.610956
46134272   93.600000 -66.610277
46134272   93.600000 -66.606381
46134272   93.600000 -66.608575
46134272   93.600000 -66.612704
46134272   93.600000 -66.607389
46134272   93.600000 -66.610399
46134272   93.600000 -66.607647
46134272   93.600000 -66.606037
46134272   93.600000 -66.608913
46134272   93.600000 -66.610103
46134272   93.600000 -66.608073
46134272   93.600000 -66.608639
46134272   93.600000 -66.607493
46134272   93.600000 -66.606895
46134272   93.600000 -66.608320
46134272   93.600000 -66.605528
46134272   93.600000 -66.607665
46134272   93.600000 -66.607290
46134272   93.600000 -66.605519
46134272   93.600000 -66.605869
46134272   93.600000 -66.601802
46134272   93.600000 -66.607406
46134272   93.600000 -66.604850
46134272   93.600000 -66.604967
46134272   93.600000 -66.603308
46134272   93.600000 -66.604142
46134272   93.600000 -66.605718
46134272   93.600000 -66.609566
46134272   93.600000 -66.606392
46134272   93.600000 -66.610220
46134272   93.600000 -66.609484
46134272   93.600000 -66.606245
46134272   93.600000 -66.600798
46134272   93.600000 -66.603316
46134272   93.600000 -66.608958
46134272   93.600000 -66.608518
46134272   93.600000 -66.606109
46134272   93.600000 -66.609628
46134272   93.600000 -66.612359
46134272   93.600000 -66.603992
46134272   93.600000 -66.609809
46134272   93.600000 -66.606734
46134272   93.600000 -66.611116
46134272   93.600000 -66.612234
46134272   93.600000 -66.607874
46134272   93.600000 -66.609388
46134272   93.600000 -66.605645
46134272   93.600000 -66.606332
46134272   93.600000 -66.609792
46134272   93.600000 -66.607171
46134272   93.600000 -66.604061
46134272   93.600000 -66.606974
46134272   93.600000 -66.607892
46134272   93.600000 -66.611830
46134272   93.600000 -66.609658
46134272   93.600000 -66.604592
46134272   93.600000 -66.607776
46134272   93.600000 -66.605741
46134272   93.600000 -66.605572
46134272   93.600000 -66.607548
46134272   93.600000 -66.608485
46134272   93.600000 -66.605068
46134272   93.600000 -66.608502
46134272   93.600000 -66.603895
46134272   93.600000 -66.605125
46134272   93.600000 -66.611045
46134272   93.600000 -66.607068
46134272   93.600000 -66.604460
46134272   93.600000 -66.606368
46134272   93.600000 -66.603340
46134272   93.600000 -66.609610
46134272   93.600000 -66.606521
46134272   93.600000 -66.610525
46129152   93.600000 113.600616
46129152   93.600000 113.602261
46129152   93.600000 113.603414
46129152   93.600000 113.601070
46129152   93.600000 113.601951
46129152   93.600000 113.604911
46129152   93.600000 113.600647
46129152   93.600000 113.604209
46129152   93.600000 113.602287
46129152   93.600000 113.603432
46129152   93.600000 113.601370
46129152   93.600000 113.604563
46129152   93.600000 113.601301
46129152   93.600000 113.602450
46129152   93.600000 113.600337
46129152   93.600000 113.602498
46129152   93.600000 113.604278
46129152   93.600000 113.605518
46129152   93.600000 113.602585
46129152   93.600000 113.604756
46129152   93.600000 113.603131
46129152   93.600000 113.604530
46129152   93.600000 113.602835
46129152   93.600000 113.603282
46129152   93.600000 113.604353
46129152   93.600000 113.603462
46129152   93.600000 113.603873
46129152   93.600000 113.601262
46129152   93.600000 113.601491
46129152   93.600000 113.603754
46129152   93.600000 113.605330
46129152   93.600000 113.605816
46129152   93.600000 113.602616
46131712   93.600000 113.771555
46129152   93.600000 113.601873
46131712   93.600000 113.773391
46129152   93.600000 113.602109
46129152   93.600000 113.603706
46129152   93.600000 113.602572
46129152   93.600000 113.601838
46129152   93.600000 113.601433
46129152   93.600000 113.605337
46129152   93.600000 113.599304
46129152   93.600000 113.602990
46129152   93.600000 113.600169
46131712   93.600000 113.771234
46129152   93.600000 113.602071
46129152   93.600000 113.604663
46129152   93.600000 113.601333
46129152   93.600000 113.602288
46129152   93.600000 113.604198
46129152   93.600000 113.601364
46129152   93.600000 113.604301
46129152   93.600000 113.600635
46129152   93.600000 113.601246
46129152   93.600000 113.599959
46129152   93.600000 113.602272
46129152   93.600000 113.600107
46129152   93.600000 113.603886
46129152   93.600000 113.601143
46129152   93.600000 113.601857
46129152   93.600000 113.602117
46129152   93.600000 113.604771
46131712   93.600000 113.770590
46129152   93.600000 113.603266
46131712   93.600000 113.772519
46129152   93.600000 113.604641
46129152   93.600000 113.601737
46129152   93.600000 113.601409
46131712   93.600000 113.772874
46129152   93.600000 113.599582
46131712   93.600000 113.775740
46129152   93.600000 113.598250
46129152   93.600000 113.601018
46131712   93.600000 113.774168
46129152   93.600000 113.600676
46131712   93.600000 113.772216
46131712   93.600000 113.771659
46129152   93.600000 113.603328
46129152   93.600000 113.600181
46131712   93.600000 113.773478
46131712   93.600000 113.774433
46129152   93.600000 113.601518
46131712   93.600000 113.773526
46129152   93.600000 113.603757
46131712   93.600000 113.771945
46129152   93.600000 113.603107
46129152   93.600000 113.602705
46131712   93.600000 113.775053
46131712   93.600000 113.771718
46129152   93.600000 113.598596
46131712   93.600000 113.771914
46129152   93.600000 113.597556
46131712   93.600000 113.772498
46129152   93.600000 113.601762
46131712   93.600000 113.771231
46129152   93.600000 113.603588
46129152   93.600000 113.598981
46131712   93.600000 113.775783
46131712   93.600000 113.772356
46129152   93.600000 113.603693
46131712   93.600000 113.773439
46129152   93.600000 113.601728
46129152   93.600000 113.598855
46131712   93.600000 113.773967
46129152   93.600000 113.600833
46131712   93.600000 113.772961
46129152   93.600000 113.599670
46131712   93.600000 113.773019
46131712   93.600000 113.770503
46129152   93.600000 113.598162
46131712   93.600000 113.772999
46129152   93.600000 113.598666
46131712   93.600000 113.772324
46129152   93.600000 113.597679
46129152   93.600000 113.599049
46131712   93.600000 113.770642
46131712   93.600000 113.774155
46129152   93.600000 113.601170
46131712   93.600000 113.773302
46129152   93.600000 113.598681
46131712   93.600000 113.773873
46129152   93.600000 113.599607
46131712   93.600000 113.773156
46129152   93.600000 113.600856
46129152   93.600000 113.599255
46131712   93.600000 113.774488
46129152   93.600000 113.600557
46131712   93.600000 113.773812
46129152   93.600000 113.601169
46129152   93.600000 113.600445
46131712   93.600000 113.773872
46129152   93.600000 113.599039
46131712   93.600000 113.771412
46129152   93.600000 113.599788
46131712   93.600000 113.772782
46131712   93.600000 113.770418
46129152   93.600000 113.601235
46131712   93.600000 113.772995
46129152   93.600000 113.602955
46131712   93.600000 113.773971
46129152   93.600000 113.598912
46129152   93.600000 113.599765
46131712   93.600000 113.773691
46131712   93.600000 113.773089
46129152   93.600000 113.600554
46131712   93.600000 113.772012
46129152   93.600000 113.597778
46129152   93.600000 113.601998
46131712   93.600000 113.771467
46129152   93.600000 113.598414
46131712   93.600000 113.772268
46129152   93.600000 113.603318
46129152   93.600000 113.600395
46129152   93.600000 113.597888
46131712   93.600000 113.773436
46129152   93.600000 113.600798
46131712   93.600000 113.772111
46131712   93.600000 113.772689
46129152   93.600000 113.596770
46131712   93.600000 113.773659
46129152   93.600000 113.600594
46129152   93.600000 113.602679
46131712   93.600000 113.773793
46129152   93.600000 113.599771
46131712   93.600000 113.770010
46131712   93.600000 113.771890
46129152   93.600000 113.602929
46131712   93.600000 113.771280
46129152   93.600000 113.603240
46129152   93.600000 113.599568
46131712   93.600000 113.773049
46129152   93.600000 113.599579
46131712   93.600000 113.771684
46131712   93.600000 113.773333
46129152   93.600000 113.602925
46129152   93.600000 113.604313
46129152   93.600000 113.602620
46131712   93.600000 113.771529
46129152   93.600000 113.601048
46129152   93.600000 113.600877
46129152   93.600000 113.603278
46129152   93.600000 113.599877
46129152   93.600000 113.603539
46131712   93.600000 113.771286
46131712   93.600000 113.772223
46129152   93.600000 113.601855
46129152   93.600000 113.601675
46131712   93.600000 113.771324
46129152   93.600000 113.599579
46131712   93.600000 113.771851
46129152   93.600000 113.605663
46129152   93.600000 113.603555
46129152   93.600000 113.601534
46129152   93.600000 113.602434
46131712   93.600000 113.771185
46129152   93.600000 113.604372
46129152   93.600000 113.604111
46131712   93.600000 113.769718
46129152   93.600000 113.604026
46131712   93.600000 113.771049
46129152   93.600000 113.606103
46129152   93.600000 113.598838
46129152   93.600000 113.603833
46131712   93.600000 113.772377
46129152   93.600000 113.605757
46131712   93.600000 113.774203
46129152   93.600000 113.605559
46131712   93.600000 113.773537
46129152   93.600000 113.598237
46129152   93.600000 113.605545
46131712   93.600000 113.773259
46129152   93.600000 113.606873
46131712   93.600000 113.773969
46129152   93.600000 113.600812
46129152   93.600000 113.600397
46129152   93.600000 113.599378
46131712   93.600000 113.770948
46129152   93.600000 113.595168
46129152   93.600000 113.597490
46129152   93.600000 113.598821
46129152   93.600000 113.600086
46131712   93.600000 113.772951
46129152   93.600000 113.598126
46129152   93.600000 113.603903
46129152   93.600000 113.597508
46129152   93.600000 113.598429
46131712   93.600000 113.771425
46129152   93.600000 113.599379
46131712   93.600000 113.770737
46129152   93.600000 113.599139
46131712   93.600000 113.771717
46129152   93.600000 113.600999
46129152   93.600000 113.598014
46129152   93.600000 113.596325
46129152   93.600000 113.600531
46129152   93.600000 113.605594
46131712   93.600000 113.771600
46129152   93.600000 113.601876
46131712   93.600000 113.771792
46129152   93.600000 113.602849
46129152   93.600000 113.602352
46131712   93.600000 113.772203
46129152   93.600000 113.600679
46131712   93.600000 113.769804
46129152   93.600000 113.603499
46129152   93.600000 113.602234
46131712   93.600000 113.772217
46129152   93.600000 113.604213
46129152   93.600000 113.598770
46129152   93.600000 113.601485
46131712   93.600000 113.772235
46129152   93.600000 113.600886
46129152   93.600000 113.601134
46131712   93.600000 113.770480
46129152   93.600000 113.600697
46131712   93.600000 113.771584
46129152   93.600000 113.601589
46129152   93.600000 113.602124
46129152   93.600000 113.601694
46131712   93.600000 113.775819
46129152   93.600000 113.602941
46131712   93.600000 113.775911
46131712   93.600000 113.773814
46129152   93.600000 113.603071
46129152   93.600000 113.601906
46129152   93.600000 113.600477
46131712   93.600000 113.773607
46129152   93.600000 113.601791
46131712   93.600000 113.774989
46129152   93.600000 113.602662
46131712   93.600000 113.775171
46131712   93.600000 113.776348
46129152   93.600000 113.603130
46129152   93.600000 113.601602
46129152   93.600000 113.601080
46129152   93.600000 113.602807
46131712   93.600000 113.771552
46129152   93.600000 113.604579
46129152   93.600000 113.600779
46131712   93.600000 113.772235
46129152   93.600000 113.604231
46131712   93.600000 113.775296
46129152   93.600000 113.599155
46129152   93.600000 113.603227
46131712   93.600000 113.771755
46129152   93.600000 113.598574
46131712   93.600000 113.771240
46129152   93.600000 113.602730
46129152   93.600000 113.598437
46129152   93.600000 113.599058
46131712   93.600000 113.771128
46129152   93.600000 113.598730
46131712   93.600000 113.771393
46129152   93.600000 113.600939
46131712   93.600000 113.771104
46129152   93.600000 113.597111
46131712   93.600000 113.771323
46129152   93.600000 113.601799
46129152   93.600000 113.601519
46129152   93.600000 113.597459
46129152   93.600000 113.598523
46131712   93.600000 113.773942
46131712   93.600000 113.773697
46129152   93.600000 113.600136
46129152   93.600000 113.599379
46129152   93.600000 113.600129
46129152   93.600000 113.598341
46129152   93.600000 113.597681
46131712   93.600000 113.771888
46129152   93.600000 113.600662
46131712   93.600000 113.775113
46129152   93.600000 113.599033
46129152   93.600000 113.599299
46131712   93.600000 113.774428
46129152   93.600000 113.600017
46131712   93.600000 113.773684
46131712   93.600000 113.771788
46129152   93.600000 113.596805
46131712   93.600000 113.770626
46129152   93.600000 113.598964
46129152   93.600000 113.600167
46131712   93.600000 113.774610
46129152   93.600000 113.598461
46131712   93.600000 113.771123
46131712   93.600000 113.769432
46129152   93.600000 113.603654
46131712   93.600000 113.772790
46129152   93.600000 113.598115
46129152   93.600000 113.602686
46129152   93.600000 113.602051
46131712   93.600000 113.770121
46129152   93.600000 113.599132
46131712   93.600000 113.771416
46131712   93.600000 113.772418
46129152   93.600000 113.600631
46129152   93.600000 113.598440
46131712   93.600000 113.771080
46129152   93.600000 113.601199
46131712   93.600000 113.772516
46129152   93.600000 113.605226
46131712   93.600000 113.774243
46129152   93.600000 113.602334
46131712   93.600000 113.772100
46131712   93.600000 113.772673
46129152   93.600000 113.605051
46131712   93.600000 113.774285
46129152   93.600000 113.601014
46129152   93.600000 113.601548
46131712   93.600000 113.772200
46129152   93.600000 113.599164
46131712   93.600000 113.773494
46131712   93.600000 113.774599
46129152   93.600000 113.601581
46131712   93.600000 113.774171
46129152   93.600000 113.600361
46129152   93.600000 113.602429
46131712   93.600000 113.773091
46129152   93.600000 113.603047
46131712   93.600000 113.773487
46129152   93.600000 113.600622
46131712   93.600000 113.772966
46129152   93.600000 113.598679
46129152   93.600000 113.601939
46131712   93.600000 113.775067
46129152   93.600000 113.602554
46131712   93.600000 113.774147
46129152   93.600000 113.601772
46129152   93.600000 113.600180
46131712   93.600000 113.772646
46129152   93.600000 113.601021
46129152   93.600000 113.598390
46129152   93.600000 113.601607
46129152   93.600000 113.598121
46131712   93.600000 113.773346
46129152   93.600000 113.601840
46131712   93.600000 113.774271
46129152   93.600000 113.600385
46131712   93.600000 113.773175
46129152   93.600000 113.603824
46129152   93.600000 113.601401
46129152   93.600000 113.599473
46131712   93.600000 113.775115
46131712   93.600000 113.775662
46129152   93.600000 113.601603
46131712   93.600000 113.774301
46129152   93.600000 113.602936
46131712   93.600000 113.775177
46129152   93.600000 113.597109
46129152   93.600000 113.599643
46131712   93.600000 113.773873
46129152   93.600000 113.604345
46131712   93.600000 113.774040
46129152   93.600000 113.599034
46131712   93.600000 113.776467
46129152   93.600000 113.600838
46129152   93.600000 113.599025
46131712   93.600000 113.772611
46129152   93.600000 113.597442
46131712   93.600000 113.772245
46129152   93.600000 113.600087
46131712   93.600000 113.772862
46129152   93.600000 113.599325
46131712   93.600000 113.772917
46129152   93.600000 113.601358
46131712   93.600000 113.774834
46129152   93.600000 113.600171
46131712   93.600000 113.774982
46129152   93.600000 113.604178
46131712   93.600000 113.772096
46129152   93.600000 113.599598
46131712   93.600000 113.777505
46129152   93.600000 113.597908
46131712   93.600000 113.773495
46129152   93.600000 113.601561
46131712   93.600000 113.776160
46129152   93.600000 113.598472
46131712   93.600000 113.773862
46129152   93.600000 113.600008
46131712   93.600000 113.773009
46129152   93.600000 113.597767
46131712   93.600000 113.773760
46129152   93.600000 113.599033
46131712   93.600000 113.773908
46129152   93.600000 113.601223
46131712   93.600000 113.774875
46129152   93.600000 113.601326
46131712   93.600000 113.772227
46129152   93.600000 113.597626
46131712   93.600000 113.771084
46129152   93.600000 113.597722
46131712   93.600000 113.776177
46129152   93.600000 113.598576
46131712   93.600000 113.776157
46131712   93.600000 113.771958
46129152   93.600000 113.598955
46129152   93.600000 113.599583
46131712   93.600000 113.772698
46129152   93.600000 113.598111
46131712   93.600000 113.773077
46129152   93.600000 113.598624
46131712   93.600000 113.773456
46129152   93.600000 113.597652
46131712   93.600000 113.772603
46129152   93.600000 113.600510
46131712   93.600000 113.772344
46129152   93.600000 113.598553
46131712   93.600000 113.772225
46129152   93.600000 113.600513
46131712   93.600000 113.772109
46131712   93.600000 113.772015
46129152   93.600000 113.603481
46131712   93.600000 113.776957
46129152   93.600000 113.598262
46129152   93.600000 113.603560
46131712   93.600000 113.775116
46129152   93.600000 113.599275
46131712   93.600000 113.777695
46131712   93.600000 113.775240
46129152   93.600000 113.598290
46131712   93.600000 113.777654
46129152   93.600000 113.597249
46129152   93.600000 113.597343
46129152   93.600000 113.600573
46131712   93.600000 113.775406
46129152   93.600000 113.598725
46131712   93.600000 113.773803
46131712   93.600000 113.776028
46129152   93.600000 113.599227
46129152   93.600000 113.597032
46131712   93.600000 113.777595
46129152   93.600000 113.599998
46131712   93.600000 113.772493
46129152   93.600000 113.599128
46131712   93.600000 113.777373
46129152   93.600000 113.600098
46131712   93.600000 113.775531
46129152   93.600000 113.601631
46131712   93.600000 113.775447
46129152   93.600000 113.600935
46131712   93.600000 113.774930
46129152   93.600000 113.602583
46131712   93.600000 113.773782
46129152   93.600000 113.598808
46129152   93.600000 113.599472
46129152   93.600000 113.603190
46129152   93.600000 113.604228
46129152   93.600000 113.603762
46131712   93.600000 113.777233
46129152   93.600000 113.601517
46131712   93.600000 113.776204
46129152   93.600000 113.599507
46131712   93.600000 113.776026
46129152   93.600000 113.598732
46131712   93.600000 113.776330
46129152   93.600000 113.602320
46131712   93.600000 113.773266
46129152   93.600000 113.599489
46129152   93.600000 113.603255
46131712   93.600000 113.775737
46129152   93.600000 113.603016
46131712   93.600000 113.776721
46131712   93.600000 113.776243
46129152   93.600000 113.597961
46129152   93.600000 113.600032
46131712   93.600000 113.774453
46129152   93.600000 113.601275
46131712   93.600000 113.776539
46129152   93.600000 113.601070
46131712   93.600000 113.774642
46129152   93.600000 113.600895
46131712   93.600000 113.774894
46129152   93.600000 113.603972
46131712   93.600000 113.773994
46129152   93.600000 113.601585
46131712   93.600000 113.771319
46129152   93.600000 113.601351
46131712   93.600000 113.778866
46131712   93.600000 113.781312
46131712   93.600000 113.777194
46131712   93.600000 113.778165
46131712   93.600000 113.775082
46131712   93.600000 113.780300
46131712   93.600000 113.778793
46131712   93.600000 113.777071
46131712   93.600000 113.772133
46131712   93.600000 113.774707
46131712   93.600000 113.779699
46131712   93.600000 113.777601
46131712   93.600000 113.776864
46131712   93.600000 113.781267
46131712   93.600000 113.780470
46131712   93.600000 113.776266
46131712   93.600000 113.772366
46131712   93.600000 113.772672
46131712   93.600000 113.773363
46131712   93.600000 113.772241
46131712   93.600000 113.771855
46131712   93.600000 113.776932
46131712   93.600000 113.771454
46129152   93.600000 113.600406
46131712   93.600000 113.779245
46129152   10.400000 113.600422
46131712   93.600000 113.773211
46129152   0.400000 113.600322
46131712   93.600000 113.779623
46131712   93.600000 113.780236
46129152   93.600000 113.597519
46131712   93.600000 113.771114
46129152   93.600000 113.603182
46131712   93.600000 113.775083
46129152   93.600000 113.599591
46131712   93.600000 113.773617
46129152   93.600000 113.599171
46131712   93.600000 113.770545
46131712   93.600000 113.777692
46131712   93.600000 113.778713
46131712   93.600000 113.774618
46131712   93.600000 113.777090
46131712   93.600000 113.776182
46131712   93.600000 113.776706
46131712   93.600000 113.776572
46131712   93.600000 113.775916
46131712   93.600000 113.774489
46131712   93.600000 113.777433
46131712   93.600000 113.777504
46131712   93.600000 113.779811
46131712   93.600000 113.777006
46131712   93.600000 113.776515
46131712   93.600000 113.774952
46131712   93.600000 113.776647
46131712   93.600000 113.775174
46131712   93.600000 113.777911
46131712   93.600000 113.775066
46131712   93.600000 113.776524
46131712   93.600000 113.777014
46131712   93.600000 113.773607
46131712   93.600000 113.773178
46131712   93.600000 113.776268
46131712   93.600000 113.776432
46131712   93.600000 113.776112
46131712   93.600000 113.772481
46131712   93.600000 113.774766
46131712   93.600000 113.776780
46131712   93.600000 113.774424
46131712   93.600000 113.773866
46131712   93.600000 113.772601
46131712   93.600000 113.773328
46131712   93.600000 113.774502
46131712   93.600000 113.772457
46131712   93.600000 113.775924
46131712   93.600000 113.772378
46131712   93.600000 113.770957
46131712   93.600000 113.774511
46131712   93.600000 113.773594
46131712   93.600000 113.772258
46131712   93.600000 113.773164
46131712   93.600000 113.773932
46131712   93.600000 113.771889
46131712   93.600000 113.773923
46131712   93.600000 113.773401
46131712   93.600000 113.772508
46131712   93.600000 113.771904
46131712   93.600000 113.770199
46131712   93.600000 113.773585
46131712   93.600000 113.771753
46131712   93.600000 113.769653
46131712   93.600000 113.772923
46131712   93.600000 113.772286
46131712   93.600000 113.773958
46131712   93.600000 113.772158
46131712   93.600000 113.775623
46131712   93.600000 113.772088
46131712   93.600000 113.774566
46131712   93.600000 113.773122
46131712   93.600000 113.774830
46131712   93.600000 113.771596
46131712   93.600000 113.773127
46131712   93.600000 113.772298
46131712   93.600000 113.774438
46131712   93.600000 113.775145
46131712   93.600000 113.771642
46131712   93.600000 113.771359
46131712   93.600000 113.773605
46131712   93.600000 113.774804
46131712   93.600000 113.772420
46131712   93.600000 113.770204
46131712   93.600000 113.770623
46131712   93.600000 113.772467
46131712   93.600000 113.770732
46131712   93.600000 113.771962
46131712   93.600000 113.774732
46131712   93.600000 113.770731
46131712   93.600000 113.771654
46131712   93.600000 113.771575
46131712   93.600000 113.773630
46131712   93.600000 113.772466
46131712   93.600000 113.775173
46131712   93.600000 113.771563
46131712   93.600000 113.774032
46131712   93.600000 113.774545
46131712   93.600000 113.774464
46131712   93.600000 113.774166
46131712   93.600000 113.772501
46131712   93.600000 113.772642
46131712   93.600000 113.773061
46131712   93.600000 113.773543
46131712   93.600000 113.772769
46131712   93.600000 113.773399
46131712   93.600000 113.772218
46131712   93.600000 113.772684
46131712   93.600000 113.771613
46131712   93.600000 113.773177
46131712   93.600000 113.773282
46129152   93.600000 113.597164
46129152   93.600000 113.598797
46129152   93.600000 113.601541
46129152   93.600000 113.598936
46129152   93.600000 113.601085
46129152   93.600000 113.598793
46129152   93.600000 113.600638
46129152   93.600000 113.596263
46129152   93.600000 113.598573
46129152   93.600000 113.600474
46129152   93.600000 113.600815
46129152   93.600000 113.599692
46129152   93.600000 113.603495
46129152   93.600000 113.598737
46129152   93.600000 113.600441
46129152   93.600000 113.599970
46129152   93.600000 113.598174
46129152   93.600000 113.598800
46129152   93.600000 113.601346
46129152   93.600000 113.600333
46129152   93.600000 113.598712
46129152   93.600000 113.598584
46129152   93.600000 113.597157
46129152   93.600000 113.600065
46129152   93.600000 113.597533
46129152   93.600000 113.599040
46131712   93.600000 113.776442
46131712   93.600000 113.775399
46131712   93.600000 113.774448
46131712   93.600000 113.774225
46131712   10.400000 113.773729
46131712   93.600000 113.773657
46131712   0.400000 113.773877
46129152   93.600000 113.598305
46131712   93.600000 113.772881
46131712   93.600000 113.773794
46131712   93.600000 113.773098
46131712   93.600000 113.775737
46131712   93.600000 113.775545
46131712   93.600000 113.771357
46131712   93.600000 113.773078
46131712   93.600000 113.774789
46131712   93.600000 113.775055
46131712   93.600000 113.774777
46131712   93.600000 113.774090
46131712   93.600000 113.774225
46131712   93.600000 113.773814
46131712   93.600000 113.774869
46131712   93.600000 113.774043
46131712   93.600000 113.775394
46129152   93.600000 113.599485
46129152   93.600000 113.603625
46129152   93.600000 113.599055
46129152   93.600000 113.600089
46129152   93.600000 113.599428
46129152   93.600000 113.599761
46129152   93.600000 113.599134
46129152   93.600000 113.602985
46129152   93.600000 113.604671
46129152   93.600000 113.603544
46129152   93.600000 113.600886
46129152   93.600000 113.601567
46129152   93.600000 113.602117
46129152   93.600000 113.601218
46129152   93.600000 113.598921
46129152   93.600000 113.599715
46129152   93.600000 113.596974
46129152   93.600000 113.599474
46129152   93.600000 113.599056
46129152   93.600000 113.602591
46129152   93.600000 113.601634
46129152   93.600000 113.600470
46129152   93.600000 113.596804
46129152   93.600000 113.597306
46129152   93.600000 113.600613
46129152   93.600000 113.600875
46129152   93.600000 113.600882
46129152   93.600000 113.600671
46129152   93.600000 113.598226
46129152   93.600000 113.597763
46129152   93.600000 113.599267
46129152   93.600000 113.598604
46129152   93.600000 113.604227
46129152   93.600000 113.604583
46129152   93.600000 113.607439
46129152   93.600000 113.606406
46129152   93.600000 113.603120
46129152   93.600000 113.604199
46129152   93.600000 113.605365
46129152   93.600000 113.602103
46129152   93.600000 113.603667
46129152   93.600000 113.604749
46129152   93.600000 113.605857
46129152   93.600000 113.599006
46129152   93.600000 113.604958
46129152   93.600000 113.604053
46129152   93.600000 113.605908
46129152   93.600000 113.604686
46129152   93.600000 113.600954
46129152   93.600000 113.602478
46129152   93.600000 113.604030
46129152   93.600000 113.604068
46129152   93.600000 113.604723
46129152   93.600000 113.600877
46129152   93.600000 113.598623
46129152   93.600000 113.598705
46129152   93.600000 113.602657
46129152   93.600000 113.602971
46129152   93.600000 113.604342
46129152   93.600000 113.602512
46129152   93.600000 113.605617
46129152   93.600000 113.602491
46129152   93.600000 113.599649
46129152   93.600000 113.602344
46129152   93.600000 113.603640
46129152   93.600000 113.606040
46129152   93.600000 113.603953
46129152   93.600000 113.603262
46129152   93.600000 113.602481
46129152   93.600000 113.598901
46129152   93.600000 113.601619
46129152   93.600000 113.603228
46129152   93.600000 113.598966
46129152   93.600000 113.599534
46129152   93.600000 113.600069
46129152   93.600000 113.601112
46129152   93.600000 113.601526
46129152   93.600000 113.598036
46129152   93.600000 113.599652
46129152   93.600000 113.600720
46129152   93.600000 113.603118
46129152   93.600000 113.603830
46129152   93.600000 113.603366
46129152   93.600000 113.603282
46129152   93.600000 113.603879
46129152   93.600000 113.599729
46129152   93.600000 113.602867
46129152   93.600000 113.601184
46129152   93.600000 113.604930
46129152   93.600000 113.603781
46129152   93.600000 113.604498
46129152   93.600000 113.604005
46129152   93.600000 113.604828
46129152   93.600000 113.603289
46129152   93.600000 113.602593
46129152   93.600000 113.599429
46129152   93.600000 113.603447
46129152   93.600000 113.601280
46129152   93.600000 113.603533
46129152   93.600000 113.601146
46129152   93.600000 113.603516
46129152   93.600000 113.601381
46129152   93.600000 113.603159
46129152   93.600000 113.604699
46129152   93.600000 113.603620
46129152   93.600000 113.601433
46129152   93.600000 113.602972
46129152   93.600000 113.602234
46129152   93.600000 113.601099
46129152   93.600000 113.602825
46129152   93.600000 113.604200
46129152   93.600000 113.601939
46129152   93.600000 113.603724
46129152   93.600000 113.602316
46129152   93.600000 113.602865
46129152   93.600000 113.603459
46129152   93.600000 113.602825
46129152   93.600000 113.601626
46129152   93.600000 113.600261
46129152   93.600000 113.601631
46129152   93.600000 113.604437
46129152   93.600000 113.601062
46129152   93.600000 113.604170
46129152   93.600000 113.603787
46129152   93.600000 113.602983
46129152   93.600000 113.598502
46129152   93.600000 113.601374
46129152   93.600000 113.601529
46131712   93.600000 113.773098
46131712   93.600000 113.776993
46131712   93.600000 113.776406
46131712   93.600000 113.776556
46131712   93.600000 113.775780
46131712   93.600000 113.778277
46131712   93.600000 113.777735
46131712   93.600000 113.775917
46131712   93.600000 113.777273
46131712   93.600000 113.775818
46131712   93.600000 113.776730
46131712   93.600000 113.775765
46131712   93.600000 113.776725
46131712   93.600000 113.773213
46131712   93.600000 113.774065
46131712   93.600000 113.774795
46131712   93.600000 113.772971
46131712   93.600000 113.775900
46131712   93.600000 113.773289
46131712   93.600000 113.774826
46131712   93.600000 113.773389
46131712   93.600000 113.773473
46131712   93.600000 113.777924
46131712   93.600000 113.776044
46131712   93.600000 113.775222
46131712   93.600000 113.774419
46131712   93.600000 113.775746
46131712   93.600000 113.774558
46131712   93.600000 113.772219
46131712   93.600000 113.773243
46131712   93.600000 113.775544
46131712   93.600000 113.772212
46131712   93.600000 113.775307
46131712   93.600000 113.774029
46131712   93.600000 113.771787
46131712   93.600000 113.772309
46131712   93.600000 113.775235
46131712   93.600000 113.771932
46131712   93.600000 113.775829
46131712   93.600000 113.774517
46131712   93.600000 113.776486
46131712   93.600000 113.778169
46131712   93.600000 113.777691
46131712   93.600000 113.776200
46131712   93.600000 113.779236
46131712   93.600000 113.777289
46131712   93.600000 113.778350
46131712   93.600000 113.778862
46131712   93.600000 113.778220
46131712   93.600000 113.777896
46131712   93.600000 113.779242
46131712   93.600000 113.779363
46131712   93.600000 113.778579
46131712   93.600000 113.772753
46131712   93.600000 113.772281
46131712   93.600000 113.773065
46131712   93.600000 113.776617
46131712   93.600000 113.773929
46131712   93.600000 113.775513
46131712   93.600000 113.773973
46131712   93.600000 113.774428
46131712   93.600000 113.773143
46131712   93.600000 113.772712
46131712   93.600000 113.775193
46131712   93.600000 113.776718
46131712   93.600000 113.772479
46131712   93.600000 113.775571
46131712   93.600000 113.774338
46131712   93.600000 113.775871
46131712   93.600000 113.773071
46131712   93.600000 113.775002
46131712   93.600000 113.771928
46131712   93.600000 113.772647
46131712   93.600000 113.773792
46131712   93.600000 113.774089
46131712   93.600000 113.774682
46131712   93.600000 113.772901
46131712   93.600000 113.779313
46131712   93.600000 113.777047
46131712   93.600000 113.775828
46131712   93.600000 113.772943
46131712   93.600000 113.773763
46131712   93.600000 113.775953
46131712   93.600000 113.773610
46131712   93.600000 113.775741
46131712   93.600000 113.773149
46131712   93.600000 113.775933
46131712   93.600000 113.776029
46131712   93.600000 113.772992
46131712   93.600000 113.773963
46131712   93.600000 113.776553
46131712   93.600000 113.773294
46131712   93.600000 113.775812
46131712   93.600000 113.775048
46131712   93.600000 113.775060
46131712   93.600000 113.775607
46131712   93.600000 113.776500
46131712   93.600000 113.776730
46131712   93.600000 113.773862
46131712   93.600000 113.775992
46131712   93.600000 113.776864
46131712   93.600000 113.775882
46136832   93.600000 -66.430722
46136832   93.600000 -66.427782
46136832   93.600000 -66.427504
46136832   93.600000 -66.432073
37855232   93.600000 113.551736
46136832   93.600000 -66.426032
37855232   93.600000 113.552545
46136832   93.600000 -66.425315
46136832   93.600000 -66.426855
46136832   93.600000 -66.427155
46136832   93.600000 -66.428985
46136832   93.600000 -66.426582
46136832   93.600000 -66.430591
46136832   93.600000 -66.427554
37855232   93.600000 113.552860
37855232   93.600000 113.555664
46136832   93.600000 -66.430208
46136832   93.600000 -66.428126
46136832   93.600000 -66.431561
46136832   93.600000 -66.428707
37855232   93.600000 113.553553
46136832   93.600000 -66.427651
46136832   93.600000 -66.427873
46136832   93.600000 -66.430898
37855232   93.600000 113.553943
37855232   93.600000 113.552841
46136832   93.600000 -66.429801
46136832   93.600000 -66.428752
37855232   93.600000 113.554375
37855232   93.600000 113.552997
46136832   93.600000 -66.427971
46136832   93.600000 -66.431375
37855232   93.600000 113.553007
46136832   93.600000 -66.429558
46136832   93.600000 -66.430846
37855232   93.600000 113.553956
46136832   93.600000 -66.428044
37855232   93.600000 113.552152
46136832   93.600000 -66.426504
46136832   93.600000 -66.429401
37855232   93.600000 113.553590
37855232   93.600000 113.552941
46136832   93.600000 -66.426411
37855232   93.600000 113.552615
46136832   93.600000 -66.427589
46136832   93.600000 -66.426956
37855232   93.600000 113.553005
46136832   93.600000 -66.427056
37855232   93.600000 113.552317
46136832   93.600000 -66.430474
37855232   93.600000 113.553383
37855232   93.600000 113.553603
46136832   93.600000 -66.430121
46136832   93.600000 -66.427833
46136832   93.600000 -66.431889
46136832   93.600000 -66.429733
46136832   93.600000 -66.428542
46136832   93.600000 -66.429537
46136832   93.600000 -66.430556
46136832   93.600000 -66.429069
46136832   93.600000 -66.430494
46136832   93.600000 -66.433201
46136832   93.600000 -66.430714
46136832   93.600000 -66.430693
46136832   93.600000 -66.433035
46136832   93.600000 -66.429226
46136832   93.600000 -66.431089
46136832   93.600000 -66.427473
46136832   93.600000 -66.427592
46136832   93.600000 -66.429748
46136832   93.600000 -66.431197
37855232   93.600000 113.552210
37855232   93.600000 113.550945
37855232   93.600000 113.551795
37855232   93.600000 113.552486
46136832   93.600000 -66.430523
46136832   93.600000 -66.428511
46136832   93.600000 -66.427920
46136832   93.600000 -66.429774
46136832   93.600000 -66.429124
37855232   93.600000 113.551110
46136832   93.600000 -66.429191
46136832   93.600000 -66.428374
46136832   93.600000 -66.431898
46136832   93.600000 -66.428263
37855232   93.600000 113.552975
46136832   93.600000 -66.429646
37855232   93.600000 113.553104
46136832   93.600000 -66.431548
46136832   93.600000 -66.430741
37855232   93.600000 113.553281
37855232   93.600000 113.550604
46136832   93.600000 -66.430292
46136832   93.600000 -66.430153
46136832   93.600000 -66.429489
37855232   93.600000 113.551986
46136832   93.600000 -66.430272
46136832   93.600000 -66.428939
46136832   93.600000 -66.432790
37855232   93.600000 113.550884
46136832   93.600000 -66.429590
46136832   93.600000 -66.425771
46136832   93.600000 -66.426407
46136832   93.600000 -66.426286
46136832   93.600000 -66.433499
46136832   93.600000 -66.428424
37855232   93.600000 113.552404
46136832   93.600000 -66.430559
37855232   93.600000 113.551100
46136832   93.600000 -66.428551
37855232   93.600000 113.553352
37855232   93.600000 113.551254
37855232   93.600000 113.552283
37855232   93.600000 113.551509
37855232   93.600000 113.554668
37855232   93.600000 113.552403
37855232   93.600000 113.553113
37855232   93.600000 113.553749
37855232   93.600000 113.552527
46136832   93.600000 -66.429184
37855232   93.600000 113.551660
37855232   93.600000 113.550769
46136832   93.600000 -66.429931
37855232   93.600000 113.553043
37855232   93.600000 113.550494
37855232   93.600000 113.553114
37855232   93.600000 113.551848
37855232   93.600000 113.553926
37855232   93.600000 113.552505
37855232   93.600000 113.553632
37855232   93.600000 113.552975
46136832   93.600000 -66.427586
37855232   93.600000 113.552145
37855232   93.600000 113.553324
37855232   93.600000 113.550670
37855232   93.600000 113.554391
37855232   93.600000 113.553115
37855232   93.600000 113.552883
37855232   93.600000 113.552386
37855232   93.600000 113.552957
37855232   93.600000 113.551832
37855232   93.600000 113.552591
46136832   93.600000 -66.428963
37855232   93.600000 113.551615
37855232   93.600000 113.551744
37855232   93.600000 113.550706
37855232   93.600000 113.552370
37855232   93.600000 113.549430
37855232   93.600000 113.550516
37855232   93.600000 113.553168
37855232   93.600000 113.549871
37855232   93.600000 113.551921
37855232   93.600000 113.553199
37855232   93.600000 113.553463
37855232   93.600000 113.550656
37855232   93.600000 113.551394
37855232   93.600000 113.552534
46136832   93.600000 -66.428838
37855232   93.600000 113.553318
37855232   93.600000 113.552237
37855232   93.600000 113.553195
37855232   93.600000 113.551739
37855232   93.600000 113.553873
37855232   93.600000 113.550381
37855232   93.600000 113.550181
37855232   93.600000 113.553939
46136832   93.600000 -66.428328
37855232   93.600000 113.552445
37855232   93.600000 113.552146
37855232   93.600000 113.552130
46136832   93.600000 -66.427998
37855232   93.600000 113.550268
37855232   93.600000 113.553334
37855232   93.600000 113.551388
37855232   93.600000 113.551299
37855232   93.600000 113.550294
37855232   93.600000 113.549834
37855232   93.600000 113.550624
37855232   93.600000 113.550952
37855232   93.600000 113.552969
46136832   93.600000 -66.429623
37855232   93.600000 113.554600
37855232   93.600000 113.552506
37855232   93.600000 113.553819
46136832   93.600000 -66.429451
37855232   93.600000 113.552826
37855232   93.600000 113.553177
37855232   93.600000 113.555453
37855232   93.600000 113.554112
37855232   93.600000 113.553141
46136832   93.600000 -66.428646
37855232   93.600000 113.555510
37855232   93.600000 113.555495
37855232   93.600000 113.553785
37855232   93.600000 113.554233
37855232   93.600000 113.555088
37855232   93.600000 113.554620
37855232   93.600000 113.555203
37855232   93.600000 113.551559
37855232   93.600000 113.555423
46136832   93.600000 -66.430768
46136832   93.600000 -66.430788
37855232   93.600000 113.553914
37855232   93.600000 113.553078
46136832   93.600000 -66.429253
37855232   93.600000 113.554029
37855232   93.600000 113.556846
37855232   93.600000 113.556558
37855232   93.600000 113.555924
37855232   93.600000 113.553596
37855232   93.600000 113.554304
37855232   93.600000 113.555305
37855232   93.600000 113.554150
46136832   93.600000 -66.428438
37855232   93.600000 113.553879
37855232   93.600000 113.554096
37855232   93.600000 113.554948
37855232   93.600000 113.553924
37855232   93.600000 113.555769
37855232   93.600000 113.553360
37855232   93.600000 113.554034
37855232   93.600000 113.552438
46136832   93.600000 -66.428820
37855232   93.600000 113.554210
37855232   93.600000 113.553518
37855232   93.600000 113.553859
37855232   93.600000 113.553148
37855232   93.600000 113.555797
37855232   93.600000 113.553137
37855232   93.600000 113.553375
37855232   93.600000 113.552045
37855232   93.600000 113.556169
37855232   93.600000 113.552072
37855232   93.600000 113.556756
37855232   93.600000 113.552494
37855232   93.600000 113.554595
37855232   93.600000 113.553518
37855232   93.600000 113.554979
37855232   93.600000 113.554653
37855232   93.600000 113.554303
37855232   93.600000 113.552585
37855232   93.600000 113.553818
37855232   93.600000 113.553792
37855232   93.600000 113.556574
46136832   93.600000 -66.427853
37855232   93.600000 113.554511
37855232   93.600000 113.554852
37855232   93.600000 113.552371
46136832   93.600000 -66.428583
37855232   93.600000 113.553956
46136832   93.600000 -66.429066
37855232   93.600000 113.553416
37855232   93.600000 113.554313
37855232   93.600000 113.555121
37855232   93.600000 113.554087
46136832   93.600000 -66.429405
46136832   93.600000 -66.428799
46136832   93.600000 -66.430436
46136832   93.600000 -66.426443
46136832   93.600000 -66.425750
46136832   93.600000 -66.426946
46136832   93.600000 -66.429677
46136832   93.600000 -66.425820
46136832   93.600000 -66.426568
46136832   93.600000 -66.429998
46136832   93.600000 -66.432949
46136832   93.600000 -66.433708
46136832   93.600000 -66.431615
46136832   93.600000 -66.430770
46136832   93.600000 -66.430509
46136832   93.600000 -66.430418
46136832   93.600000 -66.430300
46136832   93.600000 -66.429845
46136832   93.600000 -66.429411
46136832   93.600000 -66.431016
46136832   93.600000 -66.429910
46136832   93.600000 -66.431524
46136832   93.600000 -66.432740
46136832   93.600000 -66.429176
46136832   93.600000 -66.428806
46136832   93.600000 -66.426503
46136832   93.600000 -66.431442
46136832   93.600000 -66.429023
46136832   93.600000 -66.428873
46136832   93.600000 -66.432185
46136832   93.600000 -66.427001
46136832   93.600000 -66.428048
46136832   93.600000 -66.427970
46136832   93.600000 -66.428551
46136832   93.600000 -66.427658
46136832   93.600000 -66.425928
46136832   93.600000 -66.429284
46136832   93.600000 -66.429418
46136832   93.600000 -66.428017
37855232   93.600000 113.551620
46136832   93.600000 -66.431666
37855232   93.600000 113.551077
46136832   93.600000 -66.431207
37855232   93.600000 113.552005
46136832   93.600000 -66.429620
37855232   93.600000 113.551392
37855232   93.600000 113.553891
37855232   93.600000 113.552741
46136832   93.600000 -66.432927
37855232   93.600000 113.551385
37855232   93.600000 113.551275
46136832   93.600000 -66.429935
37855232   93.600000 113.554237
37855232   93.600000 113.551377
46136832   93.600000 -66.425823
37855232   93.600000 113.551540
46136832   93.600000 -66.427457
37855232   93.600000 113.552239
37855232   93.600000 113.552212
46136832   93.600000 -66.431576
37855232   93.600000 113.554131
37855232   93.600000 113.552639
37855232   93.600000 113.551789
46136832   93.600000 -66.430365
46136832   93.600000 -66.429774
37855232   10.400000 113.552460
37855232   93.600000 113.552465
46136832   93.600000 -66.429738
37855232   0.400000 113.552260
37855232   93.600000 113.550988
37855232   93.600000 113.552054
46136832   93.600000 -66.431487
37855232   93.600000 113.555351
37855232   93.600000 113.552696
46136832   93.600000 -66.429486
46136832   93.600000 -66.428379
46136832   93.600000 -66.429017
46136832   93.600000 -66.426374
46136832   93.600000 -66.427058
46136832   93.600000 -66.426299
46136832   93.600000 -66.425543
46136832   93.600000 -66.426277
46136832   93.600000 -66.424621
46136832   93.600000 -66.429983
46136832   93.600000 -66.429879
46136832   93.600000 -66.426192
46136832   93.600000 -66.425647
46136832   93.600000 -66.427816
46136832   93.600000 -66.425627
46136832   93.600000 -66.426612
46136832   93.600000 -66.432426
46136832   93.600000 -66.429103
46136832   93.600000 -66.428596
46136832   93.600000 -66.426866
46136832   93.600000 -66.428810
46136832   93.600000 -66.428726
46136832   93.600000 -66.431157
46136832   93.600000 -66.427206
46136832   93.600000 -66.428572
46136832   93.600000 -66.430365
46136832   93.600000 -66.428714
46136832   93.600000 -66.428005
46136832   93.600000 -66.426485
46136832   93.600000 -66.427557
46136832   93.600000 -66.431530
46136832   93.600000 -66.430441
46136832   93.600000 -66.428223
46136832   93.600000 -66.427716
46136832   93.600000 -66.427730
46136832   93.600000 -66.428476
46136832   93.600000 -66.429101
46136832   93.600000 -66.428123
46136832   93.600000 -66.427815
46136832   93.600000 -66.428786
46136832   93.600000 -66.430386
46136832   93.600000 -66.426049
46136832   93.600000 -66.426518
46136832   93.600000 -66.428292
46136832   93.600000 -66.425724
46136832   93.600000 -66.426355
46136832   93.600000 -66.429882
46136832   93.600000 -66.427195
46136832   93.600000 -66.428720
46136832   93.600000 -66.427320
46136832   93.600000 -66.429323
46136832   93.600000 -66.428572
46136832   93.600000 -66.428675
46136832   93.600000 -66.427835
46136832   93.600000 -66.431940
46136832   93.600000 -66.427145
46136832   93.600000 -66.429376
46136832   93.600000 -66.429303
46136832   93.600000 -66.428477
46136832   93.600000 -66.431904
46136832   93.600000 -66.425955
46136832   93.600000 -66.428216
46136832   93.600000 -66.427836
46136832   93.600000 -66.427216
46136832   93.600000 -66.429307
46136832   93.600000 -66.430830
46136832   93.600000 -66.425183
46136832   93.600000 -66.427892
46136832   93.600000 -66.431435
46136832   93.600000 -66.424187
46136832   93.600000 -66.428263
46136832   93.600000 -66.425801
46136832   93.600000 -66.429916
46136832   93.600000 -66.426595
46136832   93.600000 -66.425974
46136832   93.600000 -66.427978
46136832   93.600000 -66.424770
46136832   93.600000 -66.428329
46136832   93.600000 -66.426048
46136832   93.600000 -66.428673
46136832   93.600000 -66.428128
46136832   93.600000 -66.426138
46136832   93.600000 -66.429416
46136832   93.600000 -66.428230
46136832   93.600000 -66.426416
46136832   93.600000 -66.425009
46136832   93.600000 -66.426857
46136832   93.600000 -66.430982
46136832   93.600000 -66.426053
46136832   93.600000 -66.431801
46136832   93.600000 -66.430319
46136832   93.600000 -66.426939
46136832   93.600000 -66.430072
46136832   93.600000 -66.427257
46136832   93.600000 -66.428917
46136832   93.600000 -66.425268
46136832   93.600000 -66.425393
46136832   93.600000 -66.427744
46136832   93.600000 -66.426715
46136832   93.600000 -66.428583
46136832   93.600000 -66.424031
46136832   93.600000 -66.423389
46136832   93.600000 -66.422889
46136832   93.600000 -66.422794
46136832   93.600000 -66.427160
46136832   93.600000 -66.429246
46136832   93.600000 -66.431561
46136832   93.600000 -66.430084
46136832   93.600000 -66.428553
46136832   93.600000 -66.427273
46136832   93.600000 -66.428480
46136832   93.600000 -66.422405
46136832   93.600000 -66.424939
46136832   93.600000 -66.423038
46136832   93.600000 -66.425629
46136832   93.600000 -66.424674
46136832   93.600000 -66.422288
46136832   93.600000 -66.424438
46136832   93.600000 -66.421102
46136832   93.600000 -66.424649
46136832   93.600000 -66.426185
46136832   93.600000 -66.423177
46136832   93.600000 -66.425320
46136832   93.600000 -66.426505
46136832   93.600000 -66.425781
46136832   93.600000 -66.425055
46136832   93.600000 -66.424043
46136832   93.600000 -66.424559
46136832   93.600000 -66.426437
46136832   93.600000 -66.425436
46136832   93.600000 -66.425621
46136832   93.600000 -66.429952
46136832   93.600000 -66.429891
46136832   93.600000 -66.425479
46136832   93.600000 -66.426196
46136832   93.600000 -66.427099
46136832   93.600000 -66.424489
46136832   93.600000 -66.426584
46136832   93.600000 -66.422422
46136832   93.600000 -66.425729
46136832   93.600000 -66.424837
46136832   93.600000 -66.427467
46136832   93.600000 -66.426054
46136832   93.600000 -66.424434
46136832   93.600000 -66.426291
46136832   93.600000 -66.424669
46136832   93.600000 -66.426239
46136832   93.600000 -66.425712
46136832   93.600000 -66.431447
46136832   93.600000 -66.428307
46136832   93.600000 -66.431496
46136832   93.600000 -66.426247
46136832   93.600000 -66.423959
46136832   93.600000 -66.426525
46136832   93.600000 -66.424036
46136832   93.600000 -66.427126
46136832   93.600000 -66.431744
46136832   93.600000 -66.426967
46136832   93.600000 -66.427552
46136832   93.600000 -66.426715
46136832   93.600000 -66.426576
46136832   93.600000 -66.424862
46136832   93.600000 -66.425100
46136832   93.600000 -66.430531
46136832   93.600000 -66.430743
46136832   93.600000 -66.427483
46136832   93.600000 -66.428416
46136832   93.600000 -66.428178
46136832   93.600000 -66.431399
46136832   93.600000 -66.429805
46136832   93.600000 -66.433175
46136832   93.600000 -66.434145
46136832   93.600000 -66.429348
46136832   93.600000 -66.432283
46136832   93.600000 -66.431425
46136832   93.600000 -66.428382
46136832   93.600000 -66.425935
46136832   93.600000 -66.426623
46136832   93.600000 -66.426342
46136832   93.600000 -66.427495
46136832   93.600000 -66.431210
46136832   93.600000 -66.428483
46136832   93.600000 -66.432311
46136832   93.600000 -66.427259
46136832   93.600000 -66.429187
46136832   93.600000 -66.426372
46136832   93.600000 -66.426204
46136832   93.600000 -66.432781
46136832   93.600000 -66.423701
46136832   93.600000 -66.426735
46136832   93.600000 -66.424942
46136832   93.600000 -66.428801
46136832   93.600000 -66.423612
46136832   93.600000 -66.424737
46136832   93.600000 -66.423475
46136832   93.600000 -66.424832
46136832   93.600000 -66.424242
46136832   93.600000 -66.427761
46136832   93.600000 -66.424354
46136832   93.600000 -66.425407
46136832   93.600000 -66.430463
46136832   93.600000 -66.429447
46136832   93.600000 -66.427526
46136832   93.600000 -66.426504
46136832   93.600000 -66.427157
46136832   93.600000 -66.428531
46136832   93.600000 -66.428668
46136832   93.600000 -66.426348
46136832   93.600000 -66.426488
46136832   93.600000 -66.426063
46136832   93.600000 -66.430328
46136832   93.600000 -66.427551
46136832   93.600000 -66.426938
46136832   93.600000 -66.427307
46136832   93.600000 -66.425895
46136832   93.600000 -66.424909
46136832   93.600000 -66.428462
46136832   93.600000 -66.428336
46136832   93.600000 -66.427753
46136832   93.600000 -66.426589
46136832   93.600000 -66.427657
46136832   93.600000 -66.428439
46136832   93.600000 -66.428423
46136832   93.600000 -66.425981
46136832   93.600000 -66.424304
46136832   93.600000 -66.424437
46136832   93.600000 -66.425451
46136832   93.600000 -66.425644
46136832   93.600000 -66.423731
46136832   93.600000 -66.425321
46136832   93.600000 -66.423863
46136832   93.600000 -66.424192
46136832   93.600000 -66.425366
46136832   93.600000 -66.425754
46136832   93.600000 -66.428059
46136832   93.600000 -66.425156
46136832   93.600000 -66.427235
46136832   93.600000 -66.425007
46136832   93.600000 -66.427267
46136832   93.600000 -66.423553
46136832   93.600000 -66.424265
46136832   93.600000 -66.426818
46136832   93.600000 -66.426744
46136832   93.600000 -66.425662
46136832   93.600000 -66.425602
46136832   93.600000 -66.424260
46136832   93.600000 -66.426992
46136832   93.600000 -66.425255
46136832   93.600000 -66.425016
46136832   93.600000 -66.426508
46136832   93.600000 -66.425637
46136832   93.600000 -66.423631
46136832   93.600000 -66.424342
46136832   93.600000 -66.427064
46136832   93.600000 -66.429760
46136832   93.600000 -66.429963
46136832   93.600000 -66.427800
46136832   93.600000 -66.430469
46136832   93.600000 -66.427346
46136832   93.600000 -66.429501
46136832   93.600000 -66.427662
46136832   93.600000 -66.430315
46136832   93.600000 -66.430458
46136832   93.600000 -66.427957
46136832   93.600000 -66.428164
46136832   93.600000 -66.426149
46136832   93.600000 -66.429219
46136832   93.600000 -66.427202
46136832   93.600000 -66.431551
46136832   93.600000 -66.428374
46136832   93.600000 -66.427253
46136832   93.600000 -66.431117
46136832   93.600000 -66.431085
46136832   93.600000 -66.427493
46136832   93.600000 -66.427423
46136832   93.600000 -66.430603
46136832   93.600000 -66.431697
46136832   93.600000 -66.427044
46136832   93.600000 -66.430408
46136832   93.600000 -66.429088
46136832   93.600000 -66.428748
46136832   93.600000 -66.427589
