## MACS1423 IRAC ch1 observation
# 1 AOR
# 2 EXPTIME
# 3 CROTA
 46127616      96.800000      61.356204 
 46127616      96.800000      61.360441 
 46127616      96.800000      61.356318 
 46127616      96.800000      61.358413 
 46127616      96.800000      61.361382 
 46127616      96.800000      61.362518 
 46127616      96.800000      61.350924 
 46127616      96.800000      61.358358 
 46127616      96.800000      61.356779 
 46127616      96.800000      61.356990 
 46127616      96.800000      61.363277 
 46127616      96.800000      61.359617 
 46127616      96.800000      61.356533 
 46127616      96.800000      61.351392 
 46127616      96.800000      61.356028 
 46127616      96.800000      61.356908 
 46127616      96.800000      61.356102 
 46127616      96.800000      61.356417 
 46127616      96.800000      61.361167 
 46127616      96.800000      61.356246 
 46127616      96.800000      61.362523 
 46127616      96.800000      61.362202 
 46127616      96.800000      61.363868 
 46127616      96.800000      61.354545 
 46127616      96.800000      61.351159 
 46127616      96.800000      61.356849 
 46127616      96.800000      61.363721 
 46127616      96.800000      61.363795 
 46127616      96.800000      61.353938 
 46127616      96.800000      61.360943 
 46127616      96.800000      61.362913 
 46127616      96.800000      61.360979 
 46127616      96.800000      61.361567 
 46127616      96.800000      61.364394 
 46127616      96.800000      61.348579 
 46127616      96.800000      61.354454 
 46127616      96.800000      61.365610 
 46127616      96.800000      61.357120 
 46127616      96.800000      61.363862 
 46127616      96.800000      61.367849 
 46127616      96.800000      61.358399 
 46127616      96.800000      61.359084 
 46127616      96.800000      61.364383 
 46127616      96.800000      61.359525 
 46127616      96.800000      61.364425 
 46127616      96.800000      61.364376 
 46127616      96.800000      61.345551 
 46127616      96.800000      61.352986 
 46127616      96.800000      61.360825 
 46127616      96.800000      61.361760 
 46127616      96.800000      61.359238 
 46127616      96.800000      61.363142 
 46127616      96.800000      61.358705 
 46127616      96.800000      61.366320 
 46127616      96.800000      61.366851 
 46127616      96.800000      61.359091 
 46127616      96.800000      61.355035 
 46127616      96.800000      61.361156 
 46127616      96.800000      61.345015 
 46127616      96.800000      61.326721 
 46127616      96.800000      61.342721 
 46127616      96.800000      61.338395 
 46127616      96.800000      61.341398 
 46127616      96.800000      61.344737 
 46127616      96.800000      61.338201 
 46127616      96.800000      61.338900 
 46127616      96.800000      61.343155 
 46127616      96.800000      61.337021 
 46127616      96.800000      61.335192 
 46127616      96.800000      61.344135 
 46127616      96.800000      61.337811 
 46127616      96.800000      61.332895 
 46127616      96.800000      61.344064 
 46127616      96.800000      61.333515 
 46127616      96.800000      61.331597 
 46127616      96.800000      61.348739 
 46127616      96.800000      61.336729 
 46127616      96.800000      61.330778 
 46127616      96.800000      61.344408 
 46127616      96.800000      61.336719 
 46127616      96.800000      61.337595 
 46127616      96.800000      61.325469 
 46127616      96.800000      61.338466 
 46127616      96.800000      61.330772 
 46127616      96.800000      61.340318 
 46127616      96.800000      61.338097 
 46127616      96.800000      61.338724 
 46127616      96.800000      61.333267 
 46127616      96.800000      61.335444 
 46127616      96.800000      61.342715 
 46127616      96.800000      61.343352 
 46127616      96.800000      61.335294 
 46127616      96.800000      61.335145 
 46127616      96.800000      61.334296 
 46127616      96.800000      61.337270 
 46127616      96.800000      61.333558 
 46127616      96.800000      61.337778 
 46127616      96.800000      61.337545 
 46127616      96.800000      61.334847 
 46127616      96.800000      61.334251 
 46127616      96.800000      61.336905 
 46127616      96.800000      61.327854 
 46127616      96.800000      61.337472 
 46127616      96.800000      61.336454 
 46127616      96.800000      61.339149 
 46127616      96.800000      61.340006 
 46127616      96.800000      61.338996 
 46127616      96.800000      61.337912 
 46127616      96.800000      61.329297 
 46127616      96.800000      61.336931 
 46127616      96.800000      61.330645 
 46127616      96.800000      61.336009 
 46127616      96.800000      61.336382 
 46127616      96.800000      61.332671 
 46127616      96.800000      61.341005 
 46127616      96.800000      61.336093 
 46127616      96.800000      61.344574 
 46127616       0.400000      61.344651 
 46127616      96.800000      61.358171 
 46127616      96.800000      61.363428 
 46127616      96.800000      61.357840 
 46127616      96.800000      61.352191 
 46127616      96.800000      61.352359 
 46127616      96.800000      61.365300 
 46127616      96.800000      61.355969 
 46127616      96.800000      61.355439 
 46127616      96.800000      61.358541 
 46127616      96.800000      61.363500 
 46127616      96.800000      61.354103 
 46127616      96.800000      61.356258 
 46127616      96.800000      61.357047 
 46127616      96.800000      61.353907 
 46127616      96.800000      61.357493 
 46127616      96.800000      61.352299 
 46127616      96.800000      61.369812 
 46127616      96.800000      61.362092 
 46127616      96.800000      61.360677 
 46127616      96.800000      61.353392 
 46127616      96.800000      61.356935 
 46127616      96.800000      61.362121 
 46127616      96.800000      61.377351 
 46127616      96.800000      61.361227 
 46127616      96.800000      61.363381 
 46127616      96.800000      61.359723 
 46127616      96.800000      61.358601 
 46127616      96.800000      61.361880 
 46127616      96.800000      61.351092 
 46127616      96.800000      61.353914 
 46127616      96.800000      61.361834 
 46127616      96.800000      61.363521 
 46127616      96.800000      61.367736 
 46127616      96.800000      61.361727 
 46127616      96.800000      61.359385 
 46127616      96.800000      61.359019 
 46127616      96.800000      61.351502 
 46127616      96.800000      61.350816 
 46127616      96.800000      61.358305 
 46127616      96.800000      61.362082 
 46127616      96.800000      61.357195 
 46127616      96.800000      61.360801 
 46127616      96.800000      61.352586 
 46127616      96.800000      61.369789 
 46127616      96.800000      61.344842 
 46127616      96.800000      61.363537 
 46127616      96.800000      61.353104 
 46127616      96.800000      61.361838 
 46127616      96.800000      61.354291 
 46127616      96.800000      61.350854 
 46127616      96.800000      61.352324 
 46127616      96.800000      61.361975 
 46127616      96.800000      61.355062 
 46127616      96.800000      61.361217 
 46127616      96.800000      61.357887 
 46127616      96.800000      61.360563 
 46127616      96.800000      61.361805 
 46127616      96.800000      61.348146 
 46127616      96.800000      61.368709 
 46127616      96.800000      61.358251 
 46127616      96.800000      61.359368 
 46127616      96.800000      61.366933 
 46127616      96.800000      61.352641 
 46127616      96.800000      61.359054 
 46127616      96.800000      61.350965 
 46127616      96.800000      61.357431 
 46127616      96.800000      61.336480 
 46127616      96.800000      61.335256 
 46127616      96.800000      61.334322 
 46127616      96.800000      61.338980 
 46127616      96.800000      61.330619 
 46127616      96.800000      61.336906 
 46127616      96.800000      61.339978 
 46127616      96.800000      61.337670 
 46127616      96.800000      61.341744 
 46127616      96.800000      61.340984 
 46127616      96.800000      61.335398 
 46127616      96.800000      61.333525 
 46127616      96.800000      61.326885 
 46127616      96.800000      61.329338 
 46127616      96.800000      61.335319 
 46127616      96.800000      61.334694 
 46127616      96.800000      61.335103 
 46127616      96.800000      61.326918 
 46127616      96.800000      61.342936 
 46127616      96.800000      61.330039 
 46127616      96.800000      61.337704 
 46127616      96.800000      61.344089 
 46127616      96.800000      61.333911 
 46127616      96.800000      61.341470 
 46127616      96.800000      61.332994 
 46127616      96.800000      61.330865 
 46127616      96.800000      61.341918 
 46127616      96.800000      61.328301 
 46127616      96.800000      61.332820 
 46127616      96.800000      61.332786 
 46127616      96.800000      61.334522 
 46127616      96.800000      61.338783 
 46127616      96.800000      61.332302 
 46127616      96.800000      61.339966 
 46127616      96.800000      61.332189 
 46127616      96.800000      61.330427 
 46127616      96.800000      61.332733 
 46127616      96.800000      61.340194 
 46127616      96.800000      61.338240 
 46127616      96.800000      61.330881 
 46127616      96.800000      61.331179 
 46127616      96.800000      61.336472 
 46127616      96.800000      61.331861 
 46127616      96.800000      61.334649 
 46127616      96.800000      61.336516 
 46127616      96.800000      61.330362 
 46127616      96.800000      61.340628 
 46127616      96.800000      61.334175 
 46127616      96.800000      61.334506 
 46127616      96.800000      61.347856 
 46127616      96.800000      61.326215 
 46127616      96.800000      61.331915 
 46127616      96.800000      61.335009 
 46127616      10.400000      61.344728 
 46127616      96.800000      61.367342 
 46127616      96.800000      61.356342 
 46127616      96.800000      61.348343 
 46127616      96.800000      61.349008 
 46127616      96.800000      61.358108 
 46127616      96.800000      61.359125 
 46127616      96.800000      61.364981 
 46127616      96.800000      61.361447 
 46127616      96.800000      61.352036 
 46127616      96.800000      61.361573 
 46127616      96.800000      61.349002 
 46127616      96.800000      61.356217 
 46127616      96.800000      61.353326 
 46127616      96.800000      61.360173 
 46127616      96.800000      61.366351 
 46127616      96.800000      61.360061 
 46127616      96.800000      61.357612 
 46127616      96.800000      61.361648 
 46127616      96.800000      61.355485 
 46127616      96.800000      61.358278 
 46127616      96.800000      61.354498 
 46127616      96.800000      61.357748 
 46127616      96.800000      61.360305 
 46127616      96.800000      61.363937 
 46127616      96.800000      61.359135 
 46127616      96.800000      61.351355 
 46127616      96.800000      61.351026 
 46127616      96.800000      61.355050 
 46127616      96.800000      61.361928 
 46127616      96.800000      61.361666 
 46127616      96.800000      61.353627 
 46127616      96.800000      61.359746 
 46127616      96.800000      61.358025 
 46127616      96.800000      61.352455 
 46127616      96.800000      61.359549 
 46127616      96.800000      61.360722 
 46127616      96.800000      61.353032 
 46127616      96.800000      61.353215 
 46127616      96.800000      61.366656 
 46127616      96.800000      61.354105 
 46127616      96.800000      61.352521 
 46127616      96.800000      61.358929 
 46127616      96.800000      61.363063 
 46127616      96.800000      61.367296 
 46127616      96.800000      61.347269 
 46127616      96.800000      61.356342 
 46127616      96.800000      61.363857 
 46127616      96.800000      61.354119 
 46127616      96.800000      61.364018 
 46127616      96.800000      61.356716 
 46127616      96.800000      61.362607 
 46127616      96.800000      61.356788 
 46127616      96.800000      61.367223 
 46127616      96.800000      61.353222 
 46127616      96.800000      61.355629 
 46127616      96.800000      61.362009 
 46127616      96.800000      61.366023 
 46127616      96.800000      61.337156 
 46127616      96.800000      61.331890 
 46127616      96.800000      61.330494 
 46127616      96.800000      61.332522 
 46127616      96.800000      61.338088 
 46127616      96.800000      61.340799 
 46127616      96.800000      61.334347 
 46127616      96.800000      61.334955 
 46127616      96.800000      61.339498 
 46127616      96.800000      61.336043 
 46127616      96.800000      61.331771 
 46127616      96.800000      61.336752 
 46127616      96.800000      61.336357 
 46127616      96.800000      61.347419 
 46127616      96.800000      61.334362 
 46127616      96.800000      61.334154 
 46127616      96.800000      61.344732 
 46127616      96.800000      61.331381 
 46127616      96.800000      61.344907 
 46127616      96.800000      61.332052 
 46127616      96.800000      61.345403 
 46127616      96.800000      61.337138 
 46127616      96.800000      61.337740 
 46127616      96.800000      61.334922 
 46127616      96.800000      61.339106 
 46127616      96.800000      61.327064 
 46127616      96.800000      61.326065 
 46127616      96.800000      61.332310 
 46127616      96.800000      61.342003 
 46127616      96.800000      61.334706 
 46127616      96.800000      61.328863 
 46127616      96.800000      61.333694 
 46127616      96.800000      61.330930 
 46127616      96.800000      61.331787 
 46127616      96.800000      61.345875 
 46127616      96.800000      61.333593 
 46127616      96.800000      61.335126 
 46127616      96.800000      61.337699 
 46127616      96.800000      61.355005 
 46127616      96.800000      61.339559 
 46127616      96.800000      61.334454 
 46127616      96.800000      61.341389 
 46127616      96.800000      61.333507 
 46127616      96.800000      61.331814 
 46127616      96.800000      61.336682 
 46127616      96.800000      61.330736 
 46127616      96.800000      61.341039 
 46127616      96.800000      61.338074 
 46127616      96.800000      61.335636 
 46127616      96.800000      61.342420 
 46127616      96.800000      61.332957 
 46127616      96.800000      61.347670 
 46127616      96.800000      61.342288 
 46127616      96.800000      61.333055 
 46127616      96.800000      61.331226 
 46127616      96.800000      61.330877 
 46127616      96.800000      61.339155 
 46127616      96.800000      61.333534 
 46127616      96.800000      61.343185 
 46127616      96.800000      61.340886 
 46127616      96.800000      61.340391 
 46127616      96.800000      61.335939 
 46127616      96.800000      61.344616 
 46127616      96.800000      61.333374 
 46127616      96.800000      61.367526 
 46127616      96.800000      61.349793 
 46127616      96.800000      61.356818 
 46127616      96.800000      61.355023 
 46127616      96.800000      61.356706 
 46127616      96.800000      61.360011 
 46127616      96.800000      61.361477 
 46127616      96.800000      61.360256 
 46127616      96.800000      61.362269 
 46127616      96.800000      61.346727 
 46127616      96.800000      61.362343 
 46127616      96.800000      61.360830 
 46127616      96.800000      61.362797 
 46127616      96.800000      61.355984 
 46127616      96.800000      61.362698 
 46127616      96.800000      61.356965 
 46127616      96.800000      61.366701 
 46127616      96.800000      61.356485 
 46127616      96.800000      61.357807 
 46127616      96.800000      61.359966 
 46127616      96.800000      61.360051 
 46127616      96.800000      61.351457 
 46127616      96.800000      61.354843 
 46127616      96.800000      61.354929 
 46127616      96.800000      61.353812 
 46127616      96.800000      61.359853 
 46127616      96.800000      61.363749 
 46127616      96.800000      61.364575 
 46127616      96.800000      61.352132 
 46127616      96.800000      61.359611 
 46127616      96.800000      61.356555 
 46127616      96.800000      61.352634 
 46127616      96.800000      61.358377 
 46127616      96.800000      61.357269 
 46127616      96.800000      61.353333 
 46127616      96.800000      61.361924 
 46127616      96.800000      61.356083 
 46127616      96.800000      61.359213 
 46127616      96.800000      61.361142 
 46127616      96.800000      61.355754 
 46127616      96.800000      61.361275 
 46127616      96.800000      61.366267 
 46127616      96.800000      61.364378 
 46127616      96.800000      61.364057 
 46127616      96.800000      61.357442 
 46127616      96.800000      61.351759 
 46127616      96.800000      61.360577 
 46127616      96.800000      61.359228 
 46127616      96.800000      61.353387 
 46127616      96.800000      61.354602 
 46127616      96.800000      61.358138 
 46127616      96.800000      61.361282 
 46127616      96.800000      61.363802 
 46127616      96.800000      61.352638 
 46127616      96.800000      61.370291 
 46127616      96.800000      61.355902 
 46127616      96.800000      61.357583 
 46127616      96.800000      61.362150 
 46127616      96.800000      61.371069 
 46127616      96.800000      61.340499 
 46127616      96.800000      61.335003 
 46127616      96.800000      61.334681 
 46127616      96.800000      61.340617 
 46127616      96.800000      61.336145 
 46127616      96.800000      61.340546 
 46127616      96.800000      61.337406 
 46127616      96.800000      61.342011 
 46127616      96.800000      61.339952 
 46127616      96.800000      61.336906 
 46127616      96.800000      61.342191 
 46127616      96.800000      61.329212 
 46127616      96.800000      61.333297 
 46127616      96.800000      61.346877 
 46127616      96.800000      61.335024 
 46127616      96.800000      61.338758 
 46127616      96.800000      61.337846 
 46127616      96.800000      61.339507 
 46127616      96.800000      61.330807 
 46127616      96.800000      61.332290 
 46127616      96.800000      61.334369 
 46127616      96.800000      61.333968 
 46127616      96.800000      61.341228 
 46127616      96.800000      61.342212 
 46127616      96.800000      61.331278 
 46127616      96.800000      61.336608 
 46127616      96.800000      61.336858 
 46127616      96.800000      61.333680 
 46127616      96.800000      61.337259 
 46127616      96.800000      61.335428 
 46127616      96.800000      61.339738 
 46127616      96.800000      61.331615 
 46127616      96.800000      61.332781 
 46127616      96.800000      61.339128 
 46127616      96.800000      61.332546 
 46127616      96.800000      61.336727 
 46127616      96.800000      61.347765 
 46127616      96.800000      61.335831 
 46127616      96.800000      61.339184 
 46127616      96.800000      61.328201 
 46127616      96.800000      61.338195 
 46127616      96.800000      61.341268 
 46127616      96.800000      61.337113 
 46127616      96.800000      61.333800 
 46127616      96.800000      61.332608 
 46127616      96.800000      61.341774 
 46127616      96.800000      61.331431 
 46127616      96.800000      61.340377 
 46127616      96.800000      61.334899 
 46127616      96.800000      61.337992 
 46127616      96.800000      61.337525 
 46127616      96.800000      61.340968 
 46127616      96.800000      61.333202 
 46127616      96.800000      61.339663 
 46127616      96.800000      61.335761 
 46127616      96.800000      61.325413 
 46127616      96.800000      61.335362 
 46127616      96.800000      61.338707 
 46127616      96.800000      61.339574 
 46127616      96.800000      61.330937 
 46127616      96.800000      61.343532 
 46127616      96.800000      61.332946 
 46127616      96.800000      61.323633 
 46127616      96.800000      61.338381 
 37857792      96.800000    -115.179587 
 37857792      96.800000    -115.191123 
 37857792      96.800000    -115.189041 
 37857792      96.800000    -115.174926 
 37857792      96.800000    -115.191054 
 37857792      96.800000    -115.175508 
 37857792      96.800000    -115.174826 
 37857792      96.800000    -115.175848 
 37857792      96.800000    -115.182777 
 37857792      96.800000    -115.166830 
 37857792      96.800000    -115.179078 
 37857792      96.800000    -115.180972 
 37857792      96.800000    -115.176080 
 37857792      96.800000    -115.182003 
 37857792      96.800000    -115.181830 
 37857792      96.800000    -115.177014 
 37857792      96.800000    -115.179643 
 37857792      96.800000    -115.188525 
 37857792      96.800000    -115.183050 
 37857792      96.800000    -115.187924 
 37857792      96.800000    -115.177447 
 37857792      96.800000    -115.177300 
 37857792      96.800000    -115.177266 
 37857792      96.800000    -115.176699 
 37857792      96.800000    -115.176635 
 37857792      96.800000    -115.180290 
 37857792      96.800000    -115.187844 
 37857792      96.800000    -115.186679 
 37857792      96.800000    -115.181272 
 37857792      96.800000    -115.155361 
 37857792      96.800000    -115.157550 
 37857792      96.800000    -115.152091 
 37857792      96.800000    -115.159089 
 37857792      96.800000    -115.150733 
 37857792      96.800000    -115.169601 
 37857792      96.800000    -115.163218 
 37857792      96.800000    -115.163905 
 37857792      96.800000    -115.153699 
 37857792      96.800000    -115.159799 
 37857792      96.800000    -115.161179 
 37857792      96.800000    -115.161774 
 37857792      96.800000    -115.155677 
 37857792      96.800000    -115.160197 
 37857792      96.800000    -115.158964 
 37857792      96.800000    -115.157521 
 37857792      96.800000    -115.171912 
 37857792      96.800000    -115.156046 
 37857792      96.800000    -115.165860 
 37857792       0.400000    -115.165927 
 37857792      96.800000    -115.184012 
 37857792      96.800000    -115.186044 
 37857792      96.800000    -115.179358 
 37857792      96.800000    -115.175609 
 37857792      96.800000    -115.182959 
 37857792      96.800000    -115.175589 
 37857792      96.800000    -115.181756 
 37857792      96.800000    -115.178850 
 37857792      96.800000    -115.188119 
 37857792      96.800000    -115.181395 
 37857792      96.800000    -115.185414 
 37857792      96.800000    -115.177907 
 37857792      96.800000    -115.168507 
 37857792      96.800000    -115.193173 
 37857792      96.800000    -115.184924 
 37857792      96.800000    -115.184313 
 37857792      96.800000    -115.171213 
 37857792      96.800000    -115.180195 
 37857792      96.800000    -115.182605 
 37857792      96.800000    -115.185091 
 37857792      96.800000    -115.156019 
 37857792      96.800000    -115.160506 
 37857792      96.800000    -115.162064 
 37857792      96.800000    -115.152801 
 37857792      96.800000    -115.155909 
 37857792      96.800000    -115.150291 
 37857792      96.800000    -115.146753 
 37857792      96.800000    -115.166111 
 37857792      96.800000    -115.162195 
 37857792      96.800000    -115.156197 
 37857792      96.800000    -115.169807 
 37857792      96.800000    -115.168823 
 37857792      96.800000    -115.157645 
 37857792      96.800000    -115.157913 
 37857792      96.800000    -115.154212 
 37857792      96.800000    -115.156753 
 37857792      96.800000    -115.143616 
 37857792      96.800000    -115.165283 
 37857792      96.800000    -115.165988 
 37857792      96.800000    -115.153737 
 37857792      96.800000    -115.181446 
 37857792      96.800000    -115.169827 
 37857792      96.800000    -115.174602 
 37857792      96.800000    -115.177868 
 37857792      96.800000    -115.176797 
 37857792      96.800000    -115.174165 
 37857792      96.800000    -115.188144 
 37857792      96.800000    -115.166772 
 37857792      96.800000    -115.185164 
 37857792      96.800000    -115.173444 
 37857792      96.800000    -115.179703 
 37857792      96.800000    -115.176087 
 37857792      96.800000    -115.178243 
 37857792      96.800000    -115.178923 
 37857792      96.800000    -115.179673 
 37857792      96.800000    -115.177105 
 37857792      96.800000    -115.174382 
 37857792      96.800000    -115.181340 
 37857792      96.800000    -115.180697 
 37857792      96.800000    -115.160088 
 37857792      96.800000    -115.151022 
 37857792      96.800000    -115.159909 
 37857792      96.800000    -115.160347 
 37857792      96.800000    -115.160970 
 37857792      96.800000    -115.156822 
 37857792      96.800000    -115.166041 
 37857792      96.800000    -115.166691 
 37857792      96.800000    -115.164043 
 37857792      96.800000    -115.161855 
 37857792      96.800000    -115.149906 
 37857792      96.800000    -115.161971 
 37857792      96.800000    -115.165730 
 37857792      96.800000    -115.152127 
 37857792      96.800000    -115.159922 
 37857792      96.800000    -115.161511 
 37857792      96.800000    -115.154389 
 37857792      96.800000    -115.162744 
 37857792      96.800000    -115.163583 
 37857792      96.800000    -115.158541 
 37857792      96.800000    -115.151967 
 37857792      96.800000    -115.169919 
 37857792      96.800000    -115.156737 
 37857792      96.800000    -115.158880 
 37857792      96.800000    -115.145813 
 37857792      96.800000    -115.188004 
 37857792      96.800000    -115.179536 
 37857792      96.800000    -115.183222 
 37857792      96.800000    -115.191490 
 37857792      96.800000    -115.175905 
 37857792      96.800000    -115.176121 
 37857792      96.800000    -115.184598 
 37857792      96.800000    -115.172261 
 37857792      96.800000    -115.179924 
 37857792      96.800000    -115.176695 
 37857792      96.800000    -115.185460 
 37857792      96.800000    -115.177899 
 37857792      96.800000    -115.180760 
 37857792      96.800000    -115.183055 
 37857792      96.800000    -115.182063 
 37857792      96.800000    -115.176624 
 37857792      96.800000    -115.174289 
 37857792      96.800000    -115.179126 
 37857792      96.800000    -115.187060 
 37857792      96.800000    -115.176340 
 37857792      96.800000    -115.177831 
 37857792      96.800000    -115.183577 
 37857792      96.800000    -115.184657 
 37857792      96.800000    -115.157563 
 37857792      96.800000    -115.162047 
 37857792      96.800000    -115.157954 
 37857792      96.800000    -115.162043 
 37857792      96.800000    -115.153934 
 37857792      96.800000    -115.155932 
 37857792      96.800000    -115.151467 
 37857792      96.800000    -115.167119 
 37857792      96.800000    -115.154256 
 37857792      96.800000    -115.162778 
 37857792      96.800000    -115.151721 
 37857792      96.800000    -115.170454 
 37857792      96.800000    -115.165705 
 37857792      96.800000    -115.167064 
 37857792      96.800000    -115.163362 
 37857792      96.800000    -115.166211 
 37857792      96.800000    -115.163455 
 37857792      96.800000    -115.158851 
 37857792      96.800000    -115.156677 
 37857792      96.800000    -115.157976 
 37857792      96.800000    -115.154622 
 37857792      96.800000    -115.165953 
 37857792      96.800000    -115.165355 
 37857792      96.800000    -115.158511 
 37857792      96.800000    -115.156820 
 37857792      10.400000    -115.165853 
 37857536      96.800000      80.170407 
 37857536      96.800000      80.188714 
 37857536      96.800000      80.175889 
 37857536      96.800000      80.183834 
 37857536      96.800000      80.167242 
 37857536      96.800000      80.179296 
 37857536      96.800000      80.180691 
 37857536      96.800000      80.171510 
 37857536      96.800000      80.171071 
 37857536      96.800000      80.166528 
 37857536      96.800000      80.179922 
 37857536      96.800000      80.175536 
 37857536      96.800000      80.168455 
 37857536      96.800000      80.179223 
 37857536      96.800000      80.172255 
 37857536      96.800000      80.179827 
 37857536      96.800000      80.173240 
 37857536      96.800000      80.174965 
 37857536      96.800000      80.183276 
 37857536      96.800000      80.191461 
 37857536      96.800000      80.171914 
 37857536      96.800000      80.165831 
 37857536      96.800000      80.172156 
 37857536      96.800000      80.177883 
 37857536      96.800000      80.161215 
 37857536      96.800000      80.156694 
 37857536      96.800000      80.161613 
 37857536      96.800000      80.163508 
 37857536      96.800000      80.167892 
 37857536      96.800000      80.169840 
 37857536      96.800000      80.175567 
 37857536      96.800000      80.170281 
 37857536      96.800000      80.177484 
 37857536      96.800000      80.165560 
 37857536      96.800000      80.171207 
 37857536      96.800000      80.176362 
 37857536      96.800000      80.162959 
 37857536      96.800000      80.179928 
 37857536      96.800000      80.169496 
 37857536      96.800000      80.157869 
 37857536      96.800000      80.166370 
 37857536      96.800000      80.172604 
 37857536      96.800000      80.175231 
 37857536      96.800000      80.165202 
 37857536      96.800000      80.183656 
 37857536      96.800000      80.174987 
 37857536      96.800000      80.180500 
 37857536      96.800000      80.173276 
 37857536      96.800000      80.175671 
 37857536      96.800000      80.167913 
 37857536      96.800000      80.172813 
 37857536      96.800000      80.174041 
 37857536      96.800000      80.185314 
 37857536      96.800000      80.175630 
 37857536      96.800000      80.170481 
 37857536      96.800000      80.173822 
 37857536      96.800000      80.183335 
 37857536      96.800000      80.175803 
 37857536      96.800000      80.186550 
 37857536      96.800000      80.181847 
 37857536      96.800000      80.180230 
 37857536      96.800000      80.193756 
 37857536      96.800000      80.177841 
 37857536      96.800000      80.174169 
 37857536      96.800000      80.181112 
 37857536      96.800000      80.170090 
 37857536      96.800000      80.167482 
 37857536      96.800000      80.162270 
 37857536      96.800000      80.156272 
 37857536      96.800000      80.164493 
 37857536      96.800000      80.176228 
 37857536      96.800000      80.166647 
 37857536      96.800000      80.169007 
 37857536      96.800000      80.162966 
 37857536      96.800000      80.166476 
 37857536      96.800000      80.171108 
 37857536      96.800000      80.169930 
 37857536      96.800000      80.167201 
 37857536      96.800000      80.168489 
 37857536      96.800000      80.177116 
 37857536      96.800000      80.167126 
 37857536      96.800000      80.166879 
 37857536      96.800000      80.172951 
 37857536      96.800000      80.165839 
 37857536      96.800000      80.162434 
 37857536      96.800000      80.167985 
 37857536      96.800000      80.169660 
 37857536      96.800000      80.186407 
 37857536      96.800000      80.174839 
 37857536      96.800000      80.182071 
 37857536      96.800000      80.181609 
 37857536      96.800000      80.175523 
 37857536      96.800000      80.181616 
 37857536      96.800000      80.183670 
 37857536      96.800000      80.174288 
 37857536      96.800000      80.171287 
 37857536      96.800000      80.174114 
 37857536      96.800000      80.177590 
 37857536      96.800000      80.171842 
 37857536      96.800000      80.175541 
 37857536      96.800000      80.171034 
 37857536      96.800000      80.178091 
 37857536      96.800000      80.180052 
 37857536      96.800000      80.177089 
 37857536      96.800000      80.179856 
 37857536      96.800000      80.181002 
 37857536      96.800000      80.176048 
 37857536      96.800000      80.172354 
 37857536      96.800000      80.166596 
 37857536      96.800000      80.173913 
 37857536      96.800000      80.163905 
 37857536      96.800000      80.179591 
 37857536      96.800000      80.165749 
 37857536      96.800000      80.173728 
 37857536      96.800000      80.173632 
 37857536      96.800000      80.157703 
 37857536      96.800000      80.167518 
 37857536      96.800000      80.163560 
 37857536      96.800000      80.172446 
 37857536      96.800000      80.167359 
 37857536      96.800000      80.170180 
 37857536      96.800000      80.177500 
 37857536      96.800000      80.177977 
 37857536      96.800000      80.162387 
 37857536      96.800000      80.166037 
 37857536      96.800000      80.159843 
 37857536      96.800000      80.161662 
 37857536      96.800000      80.164307 
 37857536      96.800000      80.166187 
 37857536      96.800000      80.165246 
 37857536      96.800000      80.166468 
 37857536      96.800000      80.169675 
 37857536      96.800000      80.166353 
 37857536      10.400000      80.169827 
 37857536      96.800000      80.172319 
 37857536      96.800000      80.179349 
 37857536      96.800000      80.175572 
 37857536      96.800000      80.176571 
 37857536      96.800000      80.182577 
 37857536      96.800000      80.178284 
 37857536      96.800000      80.168829 
 37857536      96.800000      80.171378 
 37857536      96.800000      80.176152 
 37857536      96.800000      80.166789 
 37857536      96.800000      80.170266 
 37857536      96.800000      80.172487 
 37857536      96.800000      80.179577 
 37857536      96.800000      80.172031 
 37857536      96.800000      80.173828 
 37857536      96.800000      80.175372 
 37857536      96.800000      80.168611 
 37857536      96.800000      80.180869 
 37857536      96.800000      80.182194 
 37857536      96.800000      80.180572 
 37857536      96.800000      80.177131 
 37857536      96.800000      80.186121 
 37857536      96.800000      80.171898 
 37857536      96.800000      80.177843 
 37857536      96.800000      80.173250 
 37857536      96.800000      80.178038 
 37857536      96.800000      80.175068 
 37857536      96.800000      80.170907 
 37857536      96.800000      80.171194 
 37857536      96.800000      80.159852 
 37857536      96.800000      80.163745 
 37857536      96.800000      80.154882 
 37857536      96.800000      80.175475 
 37857536      96.800000      80.172881 
 37857536      96.800000      80.177055 
 37857536      96.800000      80.166169 
 37857536      96.800000      80.172209 
 37857536      96.800000      80.173430 
 37857536      96.800000      80.174649 
 37857536      96.800000      80.168942 
 37857536      96.800000      80.170508 
 37857536      96.800000      80.164738 
 37857536      96.800000      80.166981 
 37857536      96.800000      80.181148 
 37857536      96.800000      80.163195 
 37857536      96.800000      80.166864 
 37857536      96.800000      80.167416 
 37857536       0.400000      80.170381 
 46130176      96.800000      71.172575 
 46130176      96.800000      71.173511 
 46130176      96.800000      71.173182 
 46130176      96.800000      71.174725 
 46130176      96.800000      71.166843 
 46130176      96.800000      71.164156 
 46130176      96.800000      71.158682 
 46130176      96.800000      71.171370 
 46130176      96.800000      71.174931 
 46130176      96.800000      71.166089 
 46130176      96.800000      71.165390 
 46130176      96.800000      71.174529 
 46130176      96.800000      71.163997 
 46130176      96.800000      71.160864 
 46130176      96.800000      71.168842 
 46130176      96.800000      71.172034 
 46130176      96.800000      71.172286 
 46130176      96.800000      71.166204 
 46130176      96.800000      71.179721 
 46130176      96.800000      71.171588 
 46130176      96.800000      71.164911 
 46130176      96.800000      71.172746 
 46130176      96.800000      71.164207 
 46130176      96.800000      71.174535 
 46130176      96.800000      71.154408 
 46130176      96.800000      71.162687 
 46130176      96.800000      71.159533 
 46130176      96.800000      71.164881 
 46130176      96.800000      71.167544 
 46130176      96.800000      71.172175 
 46130176      96.800000      71.167873 
 46130176      96.800000      71.168060 
 46130176      96.800000      71.164766 
 46130176      96.800000      71.156373 
 46130176      96.800000      71.165941 
 46130176      96.800000      71.172197 
 46130176      96.800000      71.171317 
 46130176      96.800000      71.163276 
 46130176      96.800000      71.168012 
 46130176      96.800000      71.166801 
 46130176      96.800000      71.170155 
 46130176      96.800000      71.158555 
 46130176      96.800000      71.172909 
 46130176      96.800000      71.164378 
 46130176      96.800000      71.162154 
 46130176      96.800000      71.168894 
 46130176      96.800000      71.168405 
 46130176      96.800000      71.163291 
 46130176      96.800000      71.175240 
 46130176      96.800000      71.157018 
 46130176      96.800000      71.160460 
 46130176      96.800000      71.171926 
 46130176      96.800000      71.172958 
 46130176      96.800000      71.162994 
 46130176      96.800000      71.161731 
 46130176      96.800000      71.152383 
 46130176      96.800000      71.160372 
 46130176      96.800000      71.157007 
 46130176      96.800000      71.161966 
 46130176      96.800000      71.144802 
 46130176      96.800000      71.149117 
 46130176      96.800000      71.148210 
 46130176      96.800000      71.152006 
 46130176      96.800000      71.157021 
 46130176      96.800000      71.154398 
 46130176      96.800000      71.151412 
 46130176      96.800000      71.149658 
 46130176      96.800000      71.147271 
 46130176      96.800000      71.154893 
 46130176      96.800000      71.146452 
 46130176      96.800000      71.157336 
 46130176      96.800000      71.151600 
 46130176      96.800000      71.155848 
 46130176      96.800000      71.166206 
 46130176      96.800000      71.146528 
 46130176      96.800000      71.152242 
 46130176      96.800000      71.150379 
 46130176      96.800000      71.159281 
 46130176      96.800000      71.162680 
 46130176      96.800000      71.137226 
 46130176      96.800000      71.158321 
 46130176      96.800000      71.153527 
 46130176      96.800000      71.145100 
 46130176      96.800000      71.152588 
 46130176      96.800000      71.154050 
 46130176      96.800000      71.153271 
 46130176      96.800000      71.146139 
 46130176      96.800000      71.161860 
 46130176      96.800000      71.147432 
 46130176      96.800000      71.153605 
 46130176      96.800000      71.160059 
 46130176      96.800000      71.154079 
 46130176      96.800000      71.152663 
 46130176      96.800000      71.151012 
 46130176      96.800000      71.150722 
 46130176      96.800000      71.153777 
 46130176      96.800000      71.146125 
 46130176      96.800000      71.162229 
 46130176      96.800000      71.166855 
 46130176      96.800000      71.149785 
 46130176      96.800000      71.158432 
 46130176      96.800000      71.145882 
 46130176      96.800000      71.149560 
 46130176      96.800000      71.162869 
 46130176      96.800000      71.158593 
 46130176      96.800000      71.142633 
 46130176      96.800000      71.141964 
 46130176      96.800000      71.144873 
 46130176      96.800000      71.152596 
 46130176      96.800000      71.175120 
 46130176      96.800000      71.159620 
 46130176      96.800000      71.161607 
 46130176      96.800000      71.164102 
 46130176      96.800000      71.171668 
 46130176      96.800000      71.171142 
 46130176      96.800000      71.169984 
 46130176      96.800000      71.173293 
 46130176      96.800000      71.166586 
 46130176      96.800000      71.165872 
 46130176      96.800000      71.177435 
 46130176      96.800000      71.170830 
 46130176      96.800000      71.171464 
 46130176      96.800000      71.162612 
 46130176      96.800000      71.173438 
 46130176      96.800000      71.156807 
 46130176      96.800000      71.168932 
 46130176      96.800000      71.170572 
 46130176      96.800000      71.170709 
 46130176      96.800000      71.162725 
 46130176      96.800000      71.156435 
 46130176      96.800000      71.174526 
 46130176      96.800000      71.171806 
 46130176      96.800000      71.165129 
 46130176      96.800000      71.159643 
 46130176      96.800000      71.169058 
 46130176      96.800000      71.170394 
 46130176      96.800000      71.173924 
 46130176      96.800000      71.180627 
 46130176      96.800000      71.167997 
 46130176      96.800000      71.178056 
 46130176      96.800000      71.173315 
 46130176      96.800000      71.170017 
 46130176      96.800000      71.160219 
 46130176      96.800000      71.166343 
 46130176      96.800000      71.170625 
 46130176      96.800000      71.167802 
 46130176      96.800000      71.168719 
 46130176      96.800000      71.172759 
 46130176      96.800000      71.169497 
 46130176      96.800000      71.163622 
 46130176      96.800000      71.172187 
 46130176      96.800000      71.171828 
 46130176      96.800000      71.173716 
 46130176      96.800000      71.169592 
 46130176      96.800000      71.159274 
 46130176      96.800000      71.166225 
 46130176      96.800000      71.166279 
 46130176      96.800000      71.171087 
 46130176      96.800000      71.166599 
 46130176      96.800000      71.163228 
 46130176      96.800000      71.176194 
 46130176      96.800000      71.164065 
 46130176      96.800000      71.158203 
 46130176      96.800000      71.167883 
 46130176      96.800000      71.173063 
 46130176      96.800000      71.155046 
 46130176      96.800000      71.168597 
 46130176      96.800000      71.149850 
 46130176      96.800000      71.151849 
 46130176      96.800000      71.155687 
 46130176      96.800000      71.154999 
 46130176      96.800000      71.146115 
 46130176      96.800000      71.153430 
 46130176      96.800000      71.148512 
 46130176      96.800000      71.161375 
 46130176      96.800000      71.167663 
 46130176      96.800000      71.147764 
 46130176      96.800000      71.150017 
 46130176      96.800000      71.152049 
 46130176      96.800000      71.154409 
 46130176      96.800000      71.154678 
 46130176      96.800000      71.148894 
 46130176      96.800000      71.153047 
 46130176      96.800000      71.146489 
 46130176      96.800000      71.150163 
 46130176      96.800000      71.158384 
 46130176      96.800000      71.156597 
 46130176      96.800000      71.156658 
 46130176      96.800000      71.158959 
 46130176      96.800000      71.160626 
 46130176      96.800000      71.153094 
 46130176      96.800000      71.147445 
 46130176      96.800000      71.142618 
 46130176      96.800000      71.150063 
 46130176      96.800000      71.158540 
 46130176      96.800000      71.149347 
 46130176      96.800000      71.155736 
 46130176      96.800000      71.150933 
 46130176      96.800000      71.151487 
 46130176      96.800000      71.150320 
 46130176      96.800000      71.146508 
 46130176      96.800000      71.145548 
 46130176      96.800000      71.149827 
 46130176      96.800000      71.144403 
 46130176      96.800000      71.151837 
 46130176      96.800000      71.148509 
 46130176      96.800000      71.141316 
 46130176      96.800000      71.147232 
 46130176      96.800000      71.151308 
 46130176      96.800000      71.149394 
 46130176      96.800000      71.148524 
 46130176      96.800000      71.144211 
 46130176      96.800000      71.161293 
 46130176      96.800000      71.158313 
 46130176      96.800000      71.165747 
 46130176      96.800000      71.150163 
 46130176      96.800000      71.157718 
 46130176      96.800000      71.156242 
 46130176      96.800000      71.159702 
 46130176      96.800000      71.156634 
 46130176      96.800000      71.147470 
 46130176      96.800000      71.153440 
 46130176      10.400000      71.152642 
 46130176      96.800000      71.159391 
 46130176      96.800000      71.166790 
 46130176      96.800000      71.171579 
 46130176      96.800000      71.166465 
 46130176      96.800000      71.167470 
 46130176      96.800000      71.175604 
 46130176      96.800000      71.171299 
 46130176      96.800000      71.160204 
 46130176      96.800000      71.165092 
 46130176      96.800000      71.174295 
 46130176      96.800000      71.166970 
 46130176      96.800000      71.167950 
 46130176      96.800000      71.165296 
 46130176      96.800000      71.162846 
 46130176      96.800000      71.150383 
 46130176      96.800000      71.162650 
 46130176      96.800000      71.168670 
 46130176      96.800000      71.171690 
 46130176      96.800000      71.158807 
 46130176      96.800000      71.169853 
 46130176      96.800000      71.171558 
 46130176      96.800000      71.172350 
 46130176      96.800000      71.170277 
 46130176      96.800000      71.164999 
 46130176      96.800000      71.168796 
 46130176      96.800000      71.175515 
 46130176      96.800000      71.172193 
 46130176      96.800000      71.162058 
 46130176      96.800000      71.162172 
 46130176      96.800000      71.159370 
 46130176      96.800000      71.171031 
 46130176      96.800000      71.164110 
 46130176      96.800000      71.167267 
 46130176      96.800000      71.175346 
 46130176      96.800000      71.160263 
 46130176      96.800000      71.168956 
 46130176      96.800000      71.167796 
 46130176      96.800000      71.167635 
 46130176      96.800000      71.165782 
 46130176      96.800000      71.171801 
 46130176      96.800000      71.158807 
 46130176      96.800000      71.175588 
 46130176      96.800000      71.166148 
 46130176      96.800000      71.161981 
 46130176      96.800000      71.170962 
 46130176      96.800000      71.168945 
 46130176      96.800000      71.178717 
 46130176      96.800000      71.163389 
 46130176      96.800000      71.168952 
 46130176      96.800000      71.168719 
 46130176      96.800000      71.168003 
 46130176      96.800000      71.167555 
 46130176      96.800000      71.168822 
 46130176      96.800000      71.151805 
 46130176      96.800000      71.171008 
 46130176      96.800000      71.156198 
 46130176      96.800000      71.156450 
 46130176      96.800000      71.153748 
 46130176      96.800000      71.150070 
 46130176      96.800000      71.147377 
 46130176      96.800000      71.154284 
 46130176      96.800000      71.151756 
 46130176      96.800000      71.154247 
 46130176      96.800000      71.151084 
 46130176      96.800000      71.155692 
 46130176      96.800000      71.149615 
 46130176      96.800000      71.171537 
 46130176      96.800000      71.155634 
 46130176      96.800000      71.146873 
 46130176      96.800000      71.148774 
 46130176      96.800000      71.154773 
 46130176      96.800000      71.148402 
 46130176      96.800000      71.146291 
 46130176      96.800000      71.159719 
 46130176      96.800000      71.156826 
 46130176      96.800000      71.146287 
 46130176      96.800000      71.151501 
 46130176      96.800000      71.144026 
 46130176      96.800000      71.154557 
 46130176      96.800000      71.146287 
 46130176      96.800000      71.153378 
 46130176      96.800000      71.149035 
 46130176      96.800000      71.154336 
 46130176      96.800000      71.151457 
 46130176      96.800000      71.156586 
 46130176      96.800000      71.159209 
 46130176      96.800000      71.152121 
 46130176      96.800000      71.157792 
 46130176      96.800000      71.156468 
 46130176      96.800000      71.148685 
 46130176      96.800000      71.144809 
 46130176      96.800000      71.147757 
 46130176      96.800000      71.149962 
 46130176      96.800000      71.150829 
 46130176      96.800000      71.156784 
 46130176      96.800000      71.152908 
 46130176      96.800000      71.155729 
 46130176      96.800000      71.159673 
 46130176      96.800000      71.157356 
 46130176      96.800000      71.153507 
 46130176      96.800000      71.153410 
 46130176      96.800000      71.158662 
 46130176      96.800000      71.153459 
 46130176      96.800000      71.149767 
 46130176      96.800000      71.144683 
 46130176      96.800000      71.149172 
 46130176      96.800000      71.148898 
 46130176      96.800000      71.163691 
 46130176      96.800000      71.162551 
 46130176      96.800000      71.167868 
 46130176      96.800000      71.174973 
 46130176      96.800000      71.159818 
 46130176      96.800000      71.160445 
 46130176      96.800000      71.172241 
 46130176      96.800000      71.167782 
 46130176      96.800000      71.169936 
 46130176      96.800000      71.170414 
 46130176      96.800000      71.159949 
 46130176      96.800000      71.168375 
 46130176      96.800000      71.169303 
 46130176      96.800000      71.175457 
 46130176      96.800000      71.173202 
 46130176      96.800000      71.164169 
 46130176      96.800000      71.162902 
 46130176      96.800000      71.169381 
 46130176      96.800000      71.171850 
 46130176      96.800000      71.163577 
 46130176      96.800000      71.165562 
 46130176      96.800000      71.169073 
 46130176      96.800000      71.175572 
 46130176      96.800000      71.174486 
 46130176      96.800000      71.174509 
 46130176      96.800000      71.167673 
 46130176      96.800000      71.162107 
 46130176      96.800000      71.169387 
 46130176      96.800000      71.173688 
 46130176      96.800000      71.163769 
 46130176      96.800000      71.157089 
 46130176      96.800000      71.168193 
 46130176      96.800000      71.174300 
 46130176      96.800000      71.171224 
 46130176      96.800000      71.168347 
 46130176      96.800000      71.166278 
 46130176      96.800000      71.167883 
 46130176      96.800000      71.164886 
 46130176      96.800000      71.168156 
 46130176      96.800000      71.171311 
 46130176      96.800000      71.156896 
 46130176      96.800000      71.165761 
 46130176      96.800000      71.164215 
 46130176      96.800000      71.162396 
 46130176      96.800000      71.166306 
 46130176      96.800000      71.165419 
 46130176      96.800000      71.179361 
 46130176      96.800000      71.162434 
 46130176      96.800000      71.174455 
 46130176      96.800000      71.168426 
 46130176      96.800000      71.167269 
 46130176      96.800000      71.160259 
 46130176      96.800000      71.177860 
 46130176      96.800000      71.159383 
 46130176      96.800000      71.174515 
 46130176      96.800000      71.171246 
 46130176      96.800000      71.172151 
 46130176      96.800000      71.167524 
 46130176      96.800000      71.161318 
 46130176      96.800000      71.160443 
 46130176      96.800000      71.151679 
 46130176      96.800000      71.151161 
 46130176      96.800000      71.150425 
 46130176      96.800000      71.151150 
 46130176      96.800000      71.143818 
 46130176      96.800000      71.152569 
 46130176      96.800000      71.149802 
 46130176      96.800000      71.151309 
 46130176      96.800000      71.152038 
 46130176      96.800000      71.159445 
 46130176      96.800000      71.158443 
 46130176      96.800000      71.150774 
 46130176      96.800000      71.142553 
 46130176      96.800000      71.151405 
 46130176      96.800000      71.149182 
 46130176      96.800000      71.146161 
 46130176      96.800000      71.146093 
 46130176      96.800000      71.152500 
 46130176      96.800000      71.151994 
 46130176      96.800000      71.149176 
 46130176      96.800000      71.151683 
 46130176      96.800000      71.155290 
 46130176      96.800000      71.158112 
 46130176      96.800000      71.146286 
 46130176      96.800000      71.153979 
 46130176      96.800000      71.154802 
 46130176      96.800000      71.155493 
 46130176      96.800000      71.155604 
 46130176      96.800000      71.148451 
 46130176      96.800000      71.156684 
 46130176      96.800000      71.147524 
 46130176      96.800000      71.150358 
 46130176      96.800000      71.153585 
 46130176      96.800000      71.157915 
 46130176      96.800000      71.154165 
 46130176      96.800000      71.147951 
 46130176      96.800000      71.144723 
 46130176      96.800000      71.135828 
 46130176      96.800000      71.158831 
 46130176      96.800000      71.156065 
 46130176      96.800000      71.156816 
 46130176      96.800000      71.153057 
 46130176      96.800000      71.155324 
 46130176      96.800000      71.152367 
 46130176      96.800000      71.155811 
 46130176      96.800000      71.160031 
 46130176      96.800000      71.148174 
 46130176      96.800000      71.146777 
 46130176      96.800000      71.149911 
 46130176      96.800000      71.158665 
 46130176      96.800000      71.153047 
 46130176      96.800000      71.149406 
 46130176      96.800000      71.158638 
 46130176      96.800000      71.145702 
 46130176      96.800000      71.141721 
 46130176      96.800000      71.152795 
 46130176      96.800000      71.152666 
 46130176      96.800000      71.153386 
 46130176      96.800000      71.149060 
 46130176      96.800000      71.148950 
 46130176      96.800000      71.146025 
 46130176       0.400000      71.152689 
