# 1 AORKEY
# 2 EXPTIME
# 3 CROTA2
46136832 96.800000 -66.575130
46136832 96.800000 -66.575115
46136832 96.800000 -66.572936
46136832 96.800000 -66.573971
46136832 96.800000 -66.573531
46136832 96.800000 -66.573605
46136832 96.800000 -66.574268
46136832 96.800000 -66.573158
46136832 96.800000 -66.573408
46136832 96.800000 -66.572991
46136832 96.800000 -66.573796
46136832 96.800000 -66.572793
46136832 96.800000 -66.576236
46136832 96.800000 -66.577536
46136832 96.800000 -66.572190
46136832 96.800000 -66.574827
46136832 96.800000 -66.574122
46136832 96.800000 -66.575523
46136832 96.800000 -66.574909
46136832 96.800000 -66.575033
46136832 96.800000 -66.575070
46136832 96.800000 -66.573422
46136832 96.800000 -66.572257
46136832 96.800000 -66.572681
46136832 96.800000 -66.573873
46136832 96.800000 -66.572345
46136832 96.800000 -66.572190
46136832 96.800000 -66.571936
46136832 96.800000 -66.572904
46136832 96.800000 -66.573282
46136832 96.800000 -66.574076
46136832 96.800000 -66.572872
46136832 96.800000 -66.573193
46136832 96.800000 -66.572137
46136832 96.800000 -66.572762
46136832 96.800000 -66.576412
46136832 96.800000 -66.570633
46136832 96.800000 -66.571889
46136832 96.800000 -66.570379
46136832 96.800000 -66.569659
46136832 96.800000 -66.575066
46136832 96.800000 -66.573330
46136832 96.800000 -66.574944
46136832 96.800000 -66.575243
46136832 96.800000 -66.570941
46136832 96.800000 -66.572236
46136832 96.800000 -66.571209
46136832 96.800000 -66.573053
46136832 96.800000 -66.571501
46136832 96.800000 -66.575718
46136832 96.800000 -66.572319
46136832 96.800000 -66.570379
46136832 96.800000 -66.575203
46136832 96.800000 -66.575900
46136832 96.800000 -66.573094
46136832 96.800000 -66.572463
46136832 96.800000 -66.574147
46136832 96.800000 -66.574562
46136832 96.800000 -66.571992
46136832 96.800000 -66.572859
46136832 96.800000 -66.573841
46136832 96.800000 -66.575446
46136832 96.800000 -66.577123
46136832 96.800000 -66.574001
46136832 96.800000 -66.571815
46136832 96.800000 -66.573936
46136832 96.800000 -66.574097
46136832 96.800000 -66.571940
46136832 96.800000 -66.577377
46136832 96.800000 -66.573560
46136832 96.800000 -66.573479
46136832 96.800000 -66.573530
46136832 96.800000 -66.575880
46136832 96.800000 -66.572717
46136832 96.800000 -66.574895
46136832 96.800000 -66.574860
46136832 96.800000 -66.574491
46136832 96.800000 -66.572600
46136832 96.800000 -66.573286
46136832 96.800000 -66.576243
46136832 96.800000 -66.570112
46136832 96.800000 -66.574636
46136832 96.800000 -66.577851
46136832 96.800000 -66.575091
46136832 96.800000 -66.571858
46136832 96.800000 -66.570761
46136832 96.800000 -66.574642
46136832 96.800000 -66.575160
46136832 96.800000 -66.574231
46136832 96.800000 -66.574471
46136832 96.800000 -66.576293
46136832 96.800000 -66.574807
46136832 96.800000 -66.572650
46136832 96.800000 -66.573069
46136832 96.800000 -66.571563
46136832 96.800000 -66.571209
46136832 96.800000 -66.571545
46136832 96.800000 -66.576250
46136832 96.800000 -66.572189
46136832 96.800000 -66.571899
46136832 96.800000 -66.572356
46136832 96.800000 -66.573163
46136832 96.800000 -66.572584
46136832 96.800000 -66.575488
46136832 96.800000 -66.570822
46136832 96.800000 -66.571497
46136832 96.800000 -66.572922
46136832 96.800000 -66.572904
46136832 96.800000 -66.572941
46136832 96.800000 -66.573065
46136832 96.800000 -66.573450
46136832 96.800000 -66.572060
46136832 96.800000 -66.572452
46136832 96.800000 -66.573070
46136832 96.800000 -66.574128
46136832 96.800000 -66.574271
46136832 96.800000 -66.572070
46136832 96.800000 -66.572815
46136832 96.800000 -66.573129
46136832 96.800000 -66.573725
46136832 96.800000 -66.572409
46136832 96.800000 -66.573892
46136832 96.800000 -66.572231
46136832 96.800000 -66.571934
46136832 96.800000 -66.574733
46136832 96.800000 -66.570716
46136832 96.800000 -66.571303
46136832 96.800000 -66.569542
46136832 96.800000 -66.572201
46136832 96.800000 -66.571390
46136832 96.800000 -66.570072
46136832 96.800000 -66.570311
46136832 96.800000 -66.570846
46136832 96.800000 -66.573649
46136832 96.800000 -66.571528
46136832 96.800000 -66.570862
46136832 96.800000 -66.570751
46136832 96.800000 -66.573021
46136832 96.800000 -66.575790
46136832 96.800000 -66.572821
46136832 96.800000 -66.571655
46136832 96.800000 -66.573646
46136832 96.800000 -66.573701
46136832 96.800000 -66.574706
46136832 96.800000 -66.573681
46134272 96.800000 -66.749435
46136832 96.800000 -66.569996
46136832 96.800000 -66.573816
46134272 96.800000 -66.752021
46134272 96.800000 -66.750100
46136832 96.800000 -66.576001
46134272 96.800000 -66.748395
46134272 96.800000 -66.749880
46136832 96.800000 -66.572698
46136832 96.800000 -66.570961
46136832 96.800000 -66.568971
46136832 96.800000 -66.570614
46134272 96.800000 -66.749393
46136832 96.800000 -66.575938
46136832 96.800000 -66.569971
46134272 96.800000 -66.751649
46134272 96.800000 -66.743930
46136832 96.800000 -66.575833
46134272 96.800000 -66.751336
46136832 96.800000 -66.573355
46136832 96.800000 -66.570542
46136832 96.800000 -66.574059
46136832 96.800000 -66.574783
46134272 96.800000 -66.748320
46136832 96.800000 -66.574714
46136832 96.800000 -66.577269
46134272 96.800000 -66.754294
46136832 96.800000 -66.572592
46134272 96.800000 -66.753374
46136832 96.800000 -66.576780
46136832 96.800000 -66.571799
46136832 96.800000 -66.570155
46134272 96.800000 -66.754508
46134272 96.800000 -66.755073
46134272 96.800000 -66.751210
46134272 96.800000 -66.748509
46134272 96.800000 -66.747769
46136832 96.800000 -66.574312
46136832 96.800000 -66.575547
46136832 96.800000 -66.573977
46134272 96.800000 -66.748000
46136832 96.800000 -66.575860
46136832 96.800000 -66.573444
46134272 96.800000 -66.751876
46136832 96.800000 -66.574230
46136832 96.800000 -66.572179
46136832 96.800000 -66.572153
46136832 96.800000 -66.573146
46134272 96.800000 -66.757405
46136832 96.800000 -66.574758
46136832 96.800000 -66.575355
46136832 96.800000 -66.575852
46134272 96.800000 -66.752582
46134272 96.800000 -66.752598
46136832 96.800000 -66.570268
46136832 96.800000 -66.571993
46134272 96.800000 -66.754285
46136832 96.800000 -66.574024
46136832 96.800000 -66.570097
46136832 96.800000 -66.574775
46136832 96.800000 -66.575117
46136832 96.800000 -66.574653
46134272 96.800000 -66.747416
46136832 96.800000 -66.574252
46136832 96.800000 -66.578050
46136832 96.800000 -66.570789
46134272 96.800000 -66.756204
46136832 96.800000 -66.574175
46136832 96.800000 -66.574862
46134272 96.800000 -66.752565
46136832 96.800000 -66.573751
46136832 96.800000 -66.570731
46136832 96.800000 -66.570628
46134272 96.800000 -66.753729
46136832 96.800000 -66.569893
46136832 96.800000 -66.575961
46136832 96.800000 -66.571392
46136832 96.800000 -66.577095
46134272 96.800000 -66.751231
46136832 96.800000 -66.570914
46136832 96.800000 -66.574336
46134272 96.800000 -66.752624
46136832 96.800000 -66.570176
46134272 96.800000 -66.753025
46136832 96.800000 -66.577309
46134272 96.800000 -66.751022
46136832 96.800000 -66.577505
46136832 96.800000 -66.573356
46136832 96.800000 -66.572715
46134272 96.800000 -66.755374
46134272 96.800000 -66.752862
46134272 96.800000 -66.752644
46136832 96.800000 -66.578487
46136832 96.800000 -66.576528
46134272 96.800000 -66.757405
46136832 96.800000 -66.575764
46134272 96.800000 -66.752136
46136832 96.800000 -66.573142
46136832 96.800000 -66.573214
46136832 96.800000 -66.570861
46134272 96.800000 -66.749282
46134272 96.800000 -66.752946
46134272 96.800000 -66.750002
46134272 96.800000 -66.748540
46136832 96.800000 -66.573527
46136832 96.800000 -66.573752
46136832 96.800000 -66.572364
46134272 96.800000 -66.752878
46136832 96.800000 -66.573639
46134272 96.800000 -66.749183
46136832 96.800000 -66.572393
46134272 96.800000 -66.754036
46136832 96.800000 -66.573754
46136832 96.800000 -66.572317
46134272 96.800000 -66.751396
46136832 96.800000 -66.572887
46136832 96.800000 -66.571348
46134272 96.800000 -66.748074
46134272 96.800000 -66.748117
46136832 96.800000 -66.571284
46134272 96.800000 -66.749925
46136832 96.800000 -66.576173
46134272 96.800000 -66.754517
46136832 96.800000 -66.575621
46136832 96.800000 -66.571920
46136832 96.800000 -66.570677
46134272 96.800000 -66.753628
46134272 96.800000 -66.752018
46136832 96.800000 -66.575912
46136832 96.800000 -66.572735
46134272 96.800000 -66.746578
46136832 96.800000 -66.571885
46136832 96.800000 -66.570623
46136832 96.800000 -66.570364
46136832 96.800000 -66.572927
46136832 96.800000 -66.571706
46136832 96.800000 -66.570776
46136832 96.800000 -66.575873
46136832 96.800000 -66.571052
46134272 96.800000 -66.749211
46134272 96.800000 -66.749133
46136832 96.800000 -66.576747
46136832 96.800000 -66.570812
46134272 96.800000 -66.749019
46136832 96.800000 -66.571922
46136832 96.800000 -66.572603
46136832 96.800000 -66.572852
46134272 96.800000 -66.753675
46134272 96.800000 -66.746178
46136832 96.800000 -66.575090
46134272 96.800000 -66.744826
46136832 96.800000 -66.577225
46136832 96.800000 -66.574974
46136832 96.800000 -66.573609
46134272 96.800000 -66.746188
46136832 96.800000 -66.575741
46136832 96.800000 -66.574172
46134272 96.800000 -66.751888
46136832 96.800000 -66.575763
46134272 96.800000 -66.746429
46136832 96.800000 -66.576631
46136832 96.800000 -66.573702
46129152 96.800000 113.461999
46129152 96.800000 113.460309
46136832 96.800000 -66.571411
46129152 96.800000 113.463165
46129152 96.800000 113.462283
46136832 96.800000 -66.571555
46129152 96.800000 113.462039
46136832 96.800000 -66.571013
46129152 96.800000 113.462446
46134272 96.800000 -66.749579
46136832 96.800000 -66.570635
46129152 96.800000 113.461752
46136832 96.800000 -66.570165
46129152 96.800000 113.462672
46136832 96.800000 -66.566862
46129152 96.800000 113.463398
46136832 96.800000 -66.568922
46136832 96.800000 -66.571000
46129152 96.800000 113.457666
46129152 96.800000 113.458602
46136832 96.800000 -66.569496
46129152 96.800000 113.462147
46136832 96.800000 -66.570217
46129152 96.800000 113.463615
46129152 96.800000 113.460537
46129152 96.800000 113.461400
46136832 96.800000 -66.568396
46129152 96.800000 113.461112
46136832 96.800000 -66.571144
46129152 96.800000 113.462427
46129152 96.800000 113.460593
46136832 96.800000 -66.569875
46129152 96.800000 113.463986
46129152 96.800000 113.462805
46136832 96.800000 -66.570872
46129152 96.800000 113.464105
46129152 96.800000 113.463863
46129152 96.800000 113.462448
46136832 96.800000 -66.569901
46129152 96.800000 113.462129
46136832 96.800000 -66.570051
46129152 96.800000 113.460453
46129152 96.800000 113.462695
46129152 96.800000 113.462988
46129152 96.800000 113.464529
46129152 96.800000 113.460271
46136832 96.800000 -66.568979
46136832 96.800000 -66.574324
46129152 96.800000 113.463034
46129152 96.800000 113.461268
46129152 96.800000 113.462531
46136832 96.800000 -66.570932
46129152 96.800000 113.461650
46136832 96.800000 -66.568469
46129152 96.800000 113.465210
46129152 96.800000 113.463106
46129152 96.800000 113.459876
46129152 96.800000 113.462947
46136832 96.800000 -66.569104
46129152 96.800000 113.463500
46129152 96.800000 113.462402
46136832 96.800000 -66.570490
46129152 96.800000 113.458696
46129152 96.800000 113.458122
46129152 96.800000 113.460280
46129152 96.800000 113.463663
46129152 96.800000 113.460356
46129152 96.800000 113.459233
46129152 96.800000 113.458065
46136832 96.800000 -66.570153
46129152 96.800000 113.462291
46136832 96.800000 -66.570726
46129152 96.800000 113.463372
46129152 96.800000 113.461425
46129152 96.800000 113.459791
46129152 96.800000 113.460222
46129152 96.800000 113.461829
46129152 96.800000 113.459499
46129152 96.800000 113.462581
46136832 96.800000 -66.570686
46136832 96.800000 -66.568871
46129152 96.800000 113.461675
46129152 96.800000 113.461621
46136832 96.800000 -66.570969
46136832 96.800000 -66.571984
46129152 96.800000 113.462620
46129152 96.800000 113.460453
46129152 96.800000 113.460518
46129152 96.800000 113.457216
46129152 96.800000 113.460767
46136832 96.800000 -66.569522
46129152 96.800000 113.463733
46136832 96.800000 -66.569263
46129152 96.800000 113.461678
46136832 96.800000 -66.571573
46136832 96.800000 -66.569292
46129152 96.800000 113.458826
46129152 96.800000 113.461291
46129152 96.800000 113.458873
46136832 96.800000 -66.571589
46129152 96.800000 113.458228
46129152 96.800000 113.462711
46136832 96.800000 -66.574518
46129152 96.800000 113.460054
46129152 96.800000 113.462146
46136832 96.800000 -66.567234
46129152 96.800000 113.459782
46129152 96.800000 113.460376
46136832 96.800000 -66.569760
46129152 96.800000 113.458591
46136832 96.800000 -66.567602
46136832 96.800000 -66.570616
46129152 96.800000 113.458935
46129152 96.800000 113.458674
46136832 96.800000 -66.567331
46129152 96.800000 113.458083
46129152 96.800000 113.459247
46136832 96.800000 -66.569076
46136832 96.800000 -66.573850
46129152 96.800000 113.456927
46129152 96.800000 113.458435
46136832 96.800000 -66.576229
46136832 96.800000 -66.571709
46129152 96.800000 113.456129
46129152 96.800000 113.458211
46129152 96.800000 113.459655
46129152 96.800000 113.460804
46129152 96.800000 113.460722
46136832 96.800000 -66.567817
46129152 96.800000 113.458170
46136832 96.800000 -66.573676
46129152 96.800000 113.458303
46129152 96.800000 113.463852
46136832 96.800000 -66.570558
46129152 96.800000 113.459835
46129152 96.800000 113.460035
46129152 96.800000 113.458633
46129152 96.800000 113.457382
46129152 96.800000 113.457768
46129152 96.800000 113.460050
46129152 96.800000 113.462964
46136832 96.800000 -66.569095
46129152 96.800000 113.460233
46129152 96.800000 113.460790
46129152 96.800000 113.460805
46129152 96.800000 113.461469
46136832 96.800000 -66.569371
46136832 96.800000 -66.572905
46129152 96.800000 113.460683
46136832 96.800000 -66.566730
46129152 96.800000 113.463909
46136832 96.800000 -66.568865
46129152 96.800000 113.463339
46129152 96.800000 113.455966
46136832 96.800000 -66.574371
46136832 96.800000 -66.568468
46129152 96.800000 113.461753
46129152 96.800000 113.462625
46136832 96.800000 -66.570059
46129152 96.800000 113.456484
46129152 96.800000 113.464126
46129152 96.800000 113.465078
46129152 96.800000 113.462784
46129152 96.800000 113.462830
46129152 96.800000 113.463850
46136832 96.800000 -66.565533
46129152 96.800000 113.458899
46129152 96.800000 113.463354
46136832 96.800000 -66.566845
46129152 96.800000 113.462909
46129152 96.800000 113.466613
46129152 96.800000 113.463742
46136832 96.800000 -66.567465
46129152 96.800000 113.459431
46129152 96.800000 113.460549
46129152 96.800000 113.465025
46129152 96.800000 113.462794
46136832 96.800000 -66.568466
46129152 96.800000 113.462610
46129152 96.800000 113.465564
46129152 96.800000 113.461989
46129152 96.800000 113.463208
46129152 96.800000 113.462322
46136832 96.800000 -66.575997
46129152 96.800000 113.462039
46136832 96.800000 -66.570484
46136832 96.800000 -66.571379
46136832 96.800000 -66.574503
46136832 96.800000 -66.569706
46136832 96.800000 -66.571149
46136832 96.800000 -66.573353
46136832 96.800000 -66.575420
46136832 96.800000 -66.571269
46136832 96.800000 -66.572987
46136832 96.800000 -66.571698
46136832 96.800000 -66.574746
46136832 96.800000 -66.573094
46136832 96.800000 -66.572412
46136832 96.800000 -66.570488
46136832 96.800000 -66.572772
46136832 96.800000 -66.574347
46136832 96.800000 -66.570240
46136832 96.800000 -66.569821
46136832 96.800000 -66.570840
46136832 96.800000 -66.569447
46136832 96.800000 -66.568620
46136832 96.800000 -66.572173
46136832 96.800000 -66.572654
46136832 96.800000 -66.571030
46136832 96.800000 -66.569177
46136832 96.800000 -66.570413
46136832 96.800000 -66.573006
46136832 96.800000 -66.571462
46136832 96.800000 -66.573526
46136832 96.800000 -66.572544
46136832 96.800000 -66.572695
46136832 96.800000 -66.573174
46136832 96.800000 -66.572009
46136832 96.800000 -66.571681
46136832 96.800000 -66.574847
46136832 96.800000 -66.571935
46136832 96.800000 -66.575551
46136832 96.800000 -66.575046
46136832 96.800000 -66.575506
46136832 96.800000 -66.576119
46136832 96.800000 -66.571858
46136832 96.800000 -66.573646
46136832 96.800000 -66.574892
46136832 96.800000 -66.572376
46136832 96.800000 -66.572808
46136832 96.800000 -66.571779
46136832 96.800000 -66.573925
46136832 96.800000 -66.574893
46136832 96.800000 -66.570561
46136832 96.800000 -66.575992
46136832 96.800000 -66.574756
46136832 96.800000 -66.571630
46136832 96.800000 -66.572587
46136832 96.800000 -66.568766
46136832 96.800000 -66.574196
46136832 96.800000 -66.574393
46136832 96.800000 -66.572118
46136832 96.800000 -66.572232
46136832 96.800000 -66.571484
46136832 96.800000 -66.570062
46136832 96.800000 -66.568685
46136832 96.800000 -66.569692
46136832 96.800000 -66.571415
46136832 96.800000 -66.568070
46136832 96.800000 -66.570939
46136832 96.800000 -66.571655
46136832 96.800000 -66.567985
46136832 96.800000 -66.572492
46136832 96.800000 -66.570181
46136832 96.800000 -66.569456
46136832 96.800000 -66.570103
46136832 96.800000 -66.571182
46136832 96.800000 -66.570036
46136832 96.800000 -66.569339
46136832 96.800000 -66.569439
46136832 96.800000 -66.569798
46136832 96.800000 -66.572896
46136832 96.800000 -66.569877
46136832 96.800000 -66.568641
46136832 96.800000 -66.568732
46136832 96.800000 -66.570075
46136832 96.800000 -66.571244
46136832 96.800000 -66.568697
46136832 96.800000 -66.568296
46136832 96.800000 -66.569761
46136832 96.800000 -66.568170
46136832 96.800000 -66.569586
46136832 96.800000 -66.570324
46136832 96.800000 -66.571712
46136832 96.800000 -66.568878
46136832 96.800000 -66.572844
46136832 96.800000 -66.572178
46136832 96.800000 -66.572861
46136832 96.800000 -66.571749
46136832 96.800000 -66.572962
46136832 96.800000 -66.571575
46136832 96.800000 -66.571023
46136832 96.800000 -66.572067
46136832 96.800000 -66.570431
46136832 96.800000 -66.572769
46136832 96.800000 -66.570798
46136832 96.800000 -66.573087
46136832 96.800000 -66.571982
46136832 96.800000 -66.571954
46136832 96.800000 -66.570934
46136832 96.800000 -66.570508
46136832 96.800000 -66.574890
46136832 96.800000 -66.573865
46136832 96.800000 -66.574761
46136832 96.800000 -66.568682
46136832 96.800000 -66.568040
46136832 96.800000 -66.571379
46136832 96.800000 -66.572180
46136832 96.800000 -66.569840
46136832 96.800000 -66.569354
46136832 96.800000 -66.568799
46136832 96.800000 -66.570934
46136832 96.800000 -66.568135
46136832 96.800000 -66.569402
46136832 96.800000 -66.569154
46136832 96.800000 -66.573226
46136832 96.800000 -66.569263
46136832 96.800000 -66.567892
46136832 96.800000 -66.571170
46136832 96.800000 -66.570000
46136832 96.800000 -66.575516
46136832 96.800000 -66.569247
46136832 96.800000 -66.569666
46136832 96.800000 -66.575914
46136832 96.800000 -66.569497
46136832 96.800000 -66.572829
46136832 96.800000 -66.577785
46136832 96.800000 -66.576666
46136832 96.800000 -66.572937
46136832 96.800000 -66.574034
46136832 96.800000 -66.571150
46136832 96.800000 -66.572510
46136832 96.800000 -66.575945
46136832 96.800000 -66.573414
46136832 10.400000 -66.570978
46136832 96.800000 -66.576033
46136832 96.800000 -66.575053
46136832 96.800000 -66.573500
46136832 96.800000 -66.571776
46136832 96.800000 -66.573752
46136832 0.400000 -66.570630
37854976 96.800000 -66.742444
46131712 96.800000 113.631524
46131712 96.800000 113.632566
37854976 96.800000 -66.735010
46131712 96.800000 113.631016
46134272 96.800000 -66.752056
37854976 96.800000 -66.739327
46131712 96.800000 113.630648
46134272 96.800000 -66.743426
46131712 96.800000 113.636098
37854976 96.800000 -66.743134
46131712 96.800000 113.631424
37854976 96.800000 -66.736139
37854976 96.800000 -66.739667
46131712 96.800000 113.632165
37854976 96.800000 -66.740073
46131712 96.800000 113.635120
46131712 96.800000 113.635133
46134272 96.800000 -66.749092
46131712 96.800000 113.635197
46131712 96.800000 113.632303
46134272 96.800000 -66.751654
46131712 96.800000 113.633157
46134272 96.800000 -66.751253
46134272 96.800000 -66.750489
37854976 96.800000 -66.734970
46131712 96.800000 113.632789
46134272 96.800000 -66.750019
46131712 96.800000 113.634920
46131712 96.800000 113.635066
46134272 96.800000 -66.748244
46131712 96.800000 113.632126
46131712 96.800000 113.635182
46134272 96.800000 -66.752464
46131712 96.800000 113.632949
46134272 96.800000 -66.753586
46131712 96.800000 113.635925
46131712 96.800000 113.634779
46131712 96.800000 113.633038
46131712 96.800000 113.636048
46131712 96.800000 113.635672
46131712 96.800000 113.634979
46134272 96.800000 -66.750570
46131712 96.800000 113.634246
46134272 96.800000 -66.748406
46131712 96.800000 113.634225
46131712 96.800000 113.635733
46134272 96.800000 -66.751718
46131712 96.800000 113.632464
46134272 96.800000 -66.750388
46131712 96.800000 113.637762
46134272 96.800000 -66.755840
46134272 96.800000 -66.749910
46131712 96.800000 113.638537
46131712 96.800000 113.638401
46134272 96.800000 -66.750745
46131712 96.800000 113.638422
46134272 96.800000 -66.751086
37854976 96.800000 -66.739478
46131712 96.800000 113.637065
46134272 96.800000 -66.752916
46134272 96.800000 -66.748011
46131712 96.800000 113.638053
46131712 96.800000 113.635377
37854976 96.800000 -66.739491
46131712 96.800000 113.636466
37854976 96.800000 -66.741065
46131712 96.800000 113.637524
46134272 96.800000 -66.746507
37854976 96.800000 -66.739463
46131712 96.800000 113.637375
46131712 96.800000 113.632065
37854976 96.800000 -66.739643
46131712 96.800000 113.635889
46134272 96.800000 -66.746479
46131712 96.800000 113.635678
37854976 96.800000 -66.741494
46134272 96.800000 -66.747394
46131712 96.800000 113.636221
37854976 96.800000 -66.738017
46131712 96.800000 113.635011
46131712 96.800000 113.637358
37854976 96.800000 -66.738502
46131712 96.800000 113.636865
37854976 96.800000 -66.741625
46131712 96.800000 113.633277
46131712 96.800000 113.632970
46131712 96.800000 113.638499
37854976 96.800000 -66.737318
46134272 96.800000 -66.747804
46131712 96.800000 113.633879
37854976 96.800000 -66.740151
46134272 96.800000 -66.746282
46131712 96.800000 113.634184
46131712 96.800000 113.632249
46134272 96.800000 -66.748202
46131712 96.800000 113.631096
46131712 96.800000 113.631825
37854976 96.800000 -66.736821
46134272 96.800000 -66.751752
46131712 96.800000 113.634383
46134272 96.800000 -66.748756
37854976 96.800000 -66.739992
46131712 96.800000 113.631887
46131712 96.800000 113.633518
46134272 96.800000 -66.746536
46131712 96.800000 113.635036
37854976 96.800000 -66.738631
37854976 96.800000 -66.740499
46134272 96.800000 -66.749049
46134272 96.800000 -66.749797
46131712 96.800000 113.634749
37854976 96.800000 -66.739773
46134272 96.800000 -66.746925
37854976 96.800000 -66.739110
46131712 96.800000 113.631637
46134272 96.800000 -66.745387
46134272 96.800000 -66.747970
46134272 96.800000 -66.745450
46134272 96.800000 -66.745103
46134272 96.800000 -66.742807
46134272 96.800000 -66.744707
37854976 96.800000 -66.742972
46134272 96.800000 -66.748365
46134272 96.800000 -66.744779
46134272 96.800000 -66.747749
37854976 96.800000 -66.739154
46134272 96.800000 -66.744486
46134272 96.800000 -66.745209
46134272 96.800000 -66.748004
37854976 96.800000 -66.739620
46134272 10.400000 -66.747927
46134272 96.800000 -66.744975
46134272 96.800000 -66.746578
37854976 96.800000 -66.742887
37854976 96.800000 -66.745225
37854976 96.800000 -66.742688
46134272 96.800000 -66.742611
46134272 96.800000 -66.750892
37854976 96.800000 -66.736121
46131712 96.800000 113.639474
46134272 96.800000 -66.748425
37854976 96.800000 -66.743973
46134272 0.400000 -66.748047
46134272 96.800000 -66.748528
46134272 96.800000 -66.747503
46134272 96.800000 -66.741484
46131712 96.800000 113.632403
46134272 96.800000 -66.743012
46131712 96.800000 113.639417
37854976 96.800000 -66.738312
46134272 96.800000 -66.742036
46134272 96.800000 -66.748099
46134272 96.800000 -66.748428
46134272 96.800000 -66.742809
46134272 96.800000 -66.744432
46134272 96.800000 -66.743902
46134272 96.800000 -66.748034
46131712 96.800000 113.632786
46131712 96.800000 113.630299
46134272 96.800000 -66.743395
46131712 96.800000 113.634255
46131712 96.800000 113.631851
46131712 96.800000 113.629724
46134272 96.800000 -66.751983
46134272 96.800000 -66.744679
46131712 96.800000 113.637098
46134272 96.800000 -66.748320
46134272 96.800000 -66.748645
46131712 96.800000 113.635204
46134272 96.800000 -66.743953
46131712 96.800000 113.634924
46134272 96.800000 -66.747754
46134272 96.800000 -66.746422
46134272 96.800000 -66.747374
46131712 96.800000 113.632281
46134272 96.800000 -66.751129
46134272 96.800000 -66.747699
46131712 96.800000 113.632569
46131712 96.800000 113.634391
37854976 96.800000 -66.742943
37854976 96.800000 -66.742860
46131712 96.800000 113.632652
46134272 96.800000 -66.746525
46134272 96.800000 -66.747480
46131712 96.800000 113.635919
46134272 96.800000 -66.749596
46134272 96.800000 -66.742158
46131712 96.800000 113.634723
46134272 96.800000 -66.747926
46131712 96.800000 113.637454
46134272 96.800000 -66.749357
46131712 96.800000 113.636905
46134272 96.800000 -66.748835
46134272 96.800000 -66.743376
46131712 96.800000 113.634998
37854976 96.800000 -66.739380
37854976 96.800000 -66.739477
46134272 96.800000 -66.746481
46134272 96.800000 -66.749508
46131712 96.800000 113.635099
37854976 96.800000 -66.736812
46131712 96.800000 113.636157
46134272 96.800000 -66.753117
46134272 96.800000 -66.751661
46131712 96.800000 113.633587
46134272 96.800000 -66.747039
46131712 96.800000 113.635732
46134272 96.800000 -66.749050
46134272 96.800000 -66.746628
37854976 96.800000 -66.742660
46134272 96.800000 -66.750739
37854976 96.800000 -66.739298
46131712 96.800000 113.634959
46134272 96.800000 -66.744883
46131712 96.800000 113.635579
46134272 96.800000 -66.748547
46134272 96.800000 -66.753626
46131712 96.800000 113.633215
46134272 96.800000 -66.749028
46134272 96.800000 -66.747916
46131712 96.800000 113.633745
46134272 96.800000 -66.748874
46134272 96.800000 -66.748697
46134272 96.800000 -66.748867
46131712 96.800000 113.634480
46134272 96.800000 -66.747372
46131712 96.800000 113.631381
46134272 96.800000 -66.747709
46131712 96.800000 113.634933
46134272 96.800000 -66.744155
46134272 96.800000 -66.746774
46131712 96.800000 113.636444
46134272 96.800000 -66.743911
46134272 96.800000 -66.751009
46131712 96.800000 113.631401
46134272 96.800000 -66.751004
46134272 96.800000 -66.748794
46131712 96.800000 113.632418
37854976 96.800000 -66.743996
46134272 96.800000 -66.749356
46134272 96.800000 -66.744373
46131712 96.800000 113.635002
46134272 96.800000 -66.744227
37854976 96.800000 -66.736819
37854976 96.800000 -66.744166
46134272 96.800000 -66.749630
46134272 96.800000 -66.745036
37854976 96.800000 -66.740347
37854976 96.800000 -66.732797
46134272 96.800000 -66.748829
46131712 96.800000 113.634415
46134272 96.800000 -66.744154
37854976 96.800000 -66.730561
46131712 96.800000 113.630974
46134272 96.800000 -66.746830
46131712 96.800000 113.631110
46134272 96.800000 -66.749718
46134272 96.800000 -66.745237
37854976 96.800000 -66.735054
37854976 96.800000 -66.735421
46134272 96.800000 -66.749380
46131712 96.800000 113.631462
46134272 96.800000 -66.744583
46134272 96.800000 -66.746669
46134272 96.800000 -66.743276
46131712 96.800000 113.633709
46131712 96.800000 113.632239
37854976 96.800000 -66.732734
46131712 96.800000 113.635088
37854976 96.800000 -66.737577
37854976 96.800000 -66.733497
46131712 96.800000 113.633113
37854976 96.800000 -66.734122
37854976 96.800000 -66.735828
46131712 96.800000 113.635779
46131712 96.800000 113.632332
46131712 96.800000 113.633606
46131712 96.800000 113.633137
37854976 96.800000 -66.734146
46131712 96.800000 113.634691
37854976 96.800000 -66.737871
37854976 96.800000 -66.734388
37854976 96.800000 -66.734064
37854976 96.800000 -66.732998
46131712 96.800000 113.632412
37854976 96.800000 -66.731551
37854976 96.800000 -66.744491
37854976 96.800000 -66.733140
37854976 96.800000 -66.736241
46131712 96.800000 113.631932
37854976 96.800000 -66.738352
37854976 96.800000 -66.740728
37854976 96.800000 -66.739092
46131712 96.800000 113.632130
37854976 96.800000 -66.742738
46131712 96.800000 113.635899
46131712 96.800000 113.631464
46131712 96.800000 113.632467
46131712 96.800000 113.634012
37854976 96.800000 -66.737297
37854976 96.800000 -66.733135
46131712 96.800000 113.633961
37854976 96.800000 -66.741643
46131712 96.800000 113.633257
46134272 96.800000 -66.748597
46134272 96.800000 -66.748576
46134272 96.800000 -66.744832
46134272 96.800000 -66.753565
46134272 96.800000 -66.743325
46134272 96.800000 -66.744971
46134272 96.800000 -66.749127
46134272 96.800000 -66.749182
46134272 96.800000 -66.748016
46134272 96.800000 -66.748878
46134272 96.800000 -66.746367
46134272 96.800000 -66.743860
46134272 96.800000 -66.744290
46134272 96.800000 -66.746004
46134272 96.800000 -66.749781
46134272 96.800000 -66.746654
46134272 96.800000 -66.745998
46134272 96.800000 -66.743401
46134272 96.800000 -66.752725
46131712 96.800000 113.634280
46134272 96.800000 -66.753675
46134272 96.800000 -66.748094
46134272 96.800000 -66.749806
46134272 96.800000 -66.746969
46134272 96.800000 -66.754768
46134272 96.800000 -66.751258
46134272 96.800000 -66.747383
46131712 96.800000 113.632030
46131712 96.800000 113.636861
46131712 96.800000 113.632103
46131712 96.800000 113.631866
46134272 96.800000 -66.748371
46134272 96.800000 -66.749625
46134272 96.800000 -66.753703
46131712 96.800000 113.631425
46134272 96.800000 -66.748488
46134272 96.800000 -66.748543
46134272 96.800000 -66.749631
46131712 96.800000 113.636130
46134272 96.800000 -66.748040
46134272 96.800000 -66.747915
46134272 96.800000 -66.749271
46134272 96.800000 -66.749572
46134272 96.800000 -66.745819
46134272 96.800000 -66.746807
46134272 96.800000 -66.748174
46134272 96.800000 -66.746219
46134272 96.800000 -66.746932
46131712 96.800000 113.632193
46134272 96.800000 -66.745377
46134272 96.800000 -66.745174
46134272 96.800000 -66.746840
46134272 96.800000 -66.744155
46134272 96.800000 -66.745756
46134272 96.800000 -66.751273
46134272 96.800000 -66.745948
46131712 96.800000 113.634149
46134272 96.800000 -66.744469
46131712 96.800000 113.631782
46134272 96.800000 -66.744973
46134272 96.800000 -66.751620
46134272 96.800000 -66.746776
46134272 96.800000 -66.745844
46134272 96.800000 -66.752915
46134272 96.800000 -66.747754
46131712 96.800000 113.638424
46134272 96.800000 -66.746841
46134272 96.800000 -66.747312
46134272 96.800000 -66.751027
46131712 96.800000 113.638797
46134272 96.800000 -66.745687
46131712 96.800000 113.636378
46134272 96.800000 -66.747185
46134272 96.800000 -66.747178
46131712 96.800000 113.638871
46131712 96.800000 113.634255
46131712 96.800000 113.638050
46134272 96.800000 -66.747555
46134272 96.800000 -66.748718
46131712 96.800000 113.637996
46134272 96.800000 -66.752255
46131712 96.800000 113.637359
46134272 96.800000 -66.754490
46134272 96.800000 -66.746779
46134272 96.800000 -66.748644
46134272 96.800000 -66.751714
46134272 96.800000 -66.748865
46131712 96.800000 113.636244
46134272 96.800000 -66.750112
46134272 96.800000 -66.749923
46134272 96.800000 -66.748311
46131712 96.800000 113.635756
46131712 96.800000 113.635360
46131712 96.800000 113.634244
46131712 96.800000 113.636869
46134272 96.800000 -66.749853
46131712 96.800000 113.637901
46134272 96.800000 -66.749550
46131712 96.800000 113.635093
46131712 96.800000 113.635693
46134272 96.800000 -66.748430
46131712 96.800000 113.636190
46134272 96.800000 -66.752946
46131712 96.800000 113.633803
46131712 96.800000 113.633665
46131712 96.800000 113.636693
46131712 96.800000 113.634120
46134272 96.800000 -66.750931
46131712 96.800000 113.636263
46131712 96.800000 113.636621
46134272 96.800000 -66.748278
46131712 96.800000 113.635359
46131712 96.800000 113.638978
46131712 96.800000 113.632256
46131712 96.800000 113.635356
46131712 96.800000 113.630262
46131712 96.800000 113.631140
46131712 96.800000 113.631264
46131712 96.800000 113.631797
46134272 96.800000 -66.753496
46134272 96.800000 -66.745275
46131712 96.800000 113.631189
46131712 96.800000 113.632646
46131712 96.800000 113.631532
46134272 96.800000 -66.753385
46131712 96.800000 113.631409
46134272 96.800000 -66.747252
46131712 96.800000 113.634417
46131712 96.800000 113.636062
46131712 96.800000 113.639638
46134272 96.800000 -66.744074
46131712 96.800000 113.635456
46131712 96.800000 113.640445
46131712 96.800000 113.640481
46131712 96.800000 113.633891
46131712 96.800000 113.631318
46131712 96.800000 113.636763
46131712 96.800000 113.634340
46131712 96.800000 113.635816
46131712 96.800000 113.632784
46131712 96.800000 113.636193
46134272 96.800000 -66.748368
46131712 96.800000 113.633949
46131712 96.800000 113.637082
46134272 96.800000 -66.749408
46134272 96.800000 -66.749434
46131712 96.800000 113.635461
46131712 96.800000 113.633605
46131712 96.800000 113.635955
46134272 96.800000 -66.748991
46131712 96.800000 113.631661
46131712 96.800000 113.635306
46131712 96.800000 113.632361
46131712 96.800000 113.635707
46131712 96.800000 113.635881
46134272 96.800000 -66.749987
46131712 96.800000 113.635606
46129152 96.800000 113.461459
37854976 96.800000 -66.736975
46129152 96.800000 113.463821
46129152 96.800000 113.461020
37854976 96.800000 -66.733579
46129152 96.800000 113.461778
37854976 96.800000 -66.736624
46129152 96.800000 113.457798
46129152 96.800000 113.457865
37854976 96.800000 -66.736648
46134272 96.800000 -66.745128
46129152 96.800000 113.461250
46134272 96.800000 -66.747659
46129152 96.800000 113.461042
37854976 96.800000 -66.734180
46129152 96.800000 113.460313
46129152 96.800000 113.463689
46129152 96.800000 113.462295
37854976 96.800000 -66.736889
46129152 96.800000 113.459323
46129152 96.800000 113.462460
46129152 96.800000 113.462014
37854976 96.800000 -66.738281
46129152 96.800000 113.463356
37854976 96.800000 -66.740250
46129152 96.800000 113.462654
46129152 96.800000 113.458093
46134272 96.800000 -66.748465
46134272 96.800000 -66.750585
46129152 96.800000 113.460710
46129152 96.800000 113.461282
37854976 96.800000 -66.739049
46129152 96.800000 113.463824
37854976 96.800000 -66.736302
46129152 96.800000 113.455424
46134272 96.800000 -66.753818
37854976 96.800000 -66.737797
46129152 96.800000 113.461754
46134272 96.800000 -66.750066
37854976 96.800000 -66.736443
46129152 96.800000 113.456335
46129152 96.800000 113.457966
46129152 96.800000 113.461000
46129152 96.800000 113.464511
37854976 96.800000 -66.739462
46129152 96.800000 113.460030
46129152 96.800000 113.457957
46129152 96.800000 113.461267
46129152 96.800000 113.462881
46134272 96.800000 -66.750202
46129152 96.800000 113.463865
37854976 96.800000 -66.735022
46134272 96.800000 -66.749854
46129152 96.800000 113.460590
46134272 96.800000 -66.749395
46129152 96.800000 113.463037
37854976 96.800000 -66.740989
46134272 96.800000 -66.747672
46129152 96.800000 113.463532
46129152 96.800000 113.464985
37854976 96.800000 -66.737330
46129152 96.800000 113.464487
46134272 96.800000 -66.748227
46129152 96.800000 113.461457
46129152 96.800000 113.461501
37854976 96.800000 -66.738107
37854976 96.800000 -66.735465
46129152 96.800000 113.462626
37854976 96.800000 -66.737226
46134272 96.800000 -66.750723
46129152 96.800000 113.460695
46129152 96.800000 113.461130
46134272 96.800000 -66.755382
46129152 96.800000 113.464066
46129152 96.800000 113.464794
46129152 96.800000 113.462126
46134272 96.800000 -66.750867
46129152 96.800000 113.458826
46129152 96.800000 113.460428
46129152 96.800000 113.463372
37854976 96.800000 -66.736203
46129152 96.800000 113.459794
46134272 96.800000 -66.752845
46129152 96.800000 113.463442
46134272 96.800000 -66.753917
46129152 96.800000 113.461647
46129152 96.800000 113.464679
46129152 96.800000 113.461755
46134272 96.800000 -66.754555
46129152 96.800000 113.462155
46129152 96.800000 113.459802
37854976 96.800000 -66.740097
46129152 96.800000 113.460479
46129152 96.800000 113.463929
46134272 96.800000 -66.749456
46129152 96.800000 113.458465
37854976 96.800000 -66.734376
46129152 96.800000 113.460644
46129152 96.800000 113.460121
46129152 96.800000 113.463231
46134272 96.800000 -66.750727
46129152 96.800000 113.463203
46129152 96.800000 113.462940
46129152 96.800000 113.460263
46129152 96.800000 113.461660
46134272 96.800000 -66.751402
46129152 96.800000 113.457482
46134272 96.800000 -66.751506
46129152 96.800000 113.460187
46134272 96.800000 -66.748398
46129152 96.800000 113.459608
46129152 96.800000 113.457418
46129152 96.800000 113.458741
46129152 96.800000 113.459749
46134272 96.800000 -66.754040
46129152 96.800000 113.460036
46129152 96.800000 113.459838
46134272 96.800000 -66.752820
46129152 96.800000 113.457879
46129152 96.800000 113.461869
46129152 96.800000 113.457357
46129152 96.800000 113.462919
37854976 96.800000 -66.736093
46129152 96.800000 113.462276
46129152 96.800000 113.462484
37854976 0.400000 -66.737360
46129152 96.800000 113.460692
46134272 96.800000 -66.748773
46129152 96.800000 113.459363
37854976 96.800000 -66.734480
46129152 96.800000 113.456968
37854976 96.800000 -66.733876
37854976 96.800000 -66.738029
46129152 96.800000 113.457924
46129152 96.800000 113.459955
46134272 96.800000 -66.751876
46129152 96.800000 113.460792
46129152 96.800000 113.457761
46134272 96.800000 -66.754851
46129152 96.800000 113.459903
46134272 96.800000 -66.753930
46129152 96.800000 113.457498
46129152 96.800000 113.458741
46129152 96.800000 113.460342
46129152 96.800000 113.456714
37854976 96.800000 -66.733110
46129152 96.800000 113.458136
46129152 96.800000 113.458767
37854976 96.800000 -66.733601
46129152 96.800000 113.457764
46134272 96.800000 -66.751298
46129152 96.800000 113.458341
46129152 96.800000 113.456768
46134272 96.800000 -66.750682
37854976 96.800000 -66.733964
46129152 96.800000 113.457233
46134272 96.800000 -66.749219
46129152 96.800000 113.458196
37854976 96.800000 -66.735561
46129152 96.800000 113.459276
37854976 96.800000 -66.732890
46129152 96.800000 113.460507
37854976 10.400000 -66.737185
46129152 96.800000 113.459144
46134272 96.800000 -66.750953
46129152 96.800000 113.456691
46129152 96.800000 113.456306
37854976 96.800000 -66.731506
46129152 96.800000 113.460429
46134272 96.800000 -66.748400
46129152 96.800000 113.457744
37854976 96.800000 -66.730824
46129152 96.800000 113.460583
37854976 96.800000 -66.737529
46129152 96.800000 113.462433
37854976 96.800000 -66.735595
37854976 96.800000 -66.739928
46129152 96.800000 113.457896
37854976 96.800000 -66.736169
46134272 96.800000 -66.747776
46129152 96.800000 113.463469
37854976 96.800000 -66.739379
46129152 96.800000 113.460906
46129152 96.800000 113.457967
37854976 96.800000 -66.737183
46129152 96.800000 113.463945
37854976 96.800000 -66.732037
46129152 96.800000 113.459607
37854976 96.800000 -66.735777
46129152 96.800000 113.459109
46129152 96.800000 113.459500
37854976 96.800000 -66.732721
46129152 96.800000 113.458135
46134272 96.800000 -66.752728
37854976 96.800000 -66.739227
46134272 96.800000 -66.748927
46129152 96.800000 113.460501
46134272 96.800000 -66.750484
46129152 96.800000 113.457742
37854976 96.800000 -66.733264
46134272 96.800000 -66.749917
46129152 96.800000 113.462776
37854976 96.800000 -66.738383
46129152 96.800000 113.462876
46134272 96.800000 -66.752097
46129152 96.800000 113.457747
46134272 96.800000 -66.753992
46129152 96.800000 113.459973
37854976 96.800000 -66.736225
46134272 96.800000 -66.750077
46129152 96.800000 113.461428
37854976 96.800000 -66.740749
37854976 96.800000 -66.741627
46129152 96.800000 113.463047
37854976 96.800000 -66.740225
46129152 96.800000 113.459637
46129152 96.800000 113.458854
37854976 96.800000 -66.742332
46134272 96.800000 -66.754114
46129152 96.800000 113.459219
37854976 96.800000 -66.738644
46129152 96.800000 113.459805
46129152 96.800000 113.460940
46134272 96.800000 -66.752240
37854976 96.800000 -66.737281
46129152 96.800000 113.462323
46134272 96.800000 -66.751063
46129152 96.800000 113.461779
46129152 96.800000 113.460626
46129152 96.800000 113.464746
46129152 96.800000 113.463387
46129152 96.800000 113.464619
46129152 96.800000 113.464635
46129152 96.800000 113.458855
46129152 96.800000 113.458450
46129152 96.800000 113.463114
46129152 96.800000 113.459877
46129152 96.800000 113.463451
46129152 96.800000 113.463170
46129152 96.800000 113.459153
46129152 96.800000 113.457213
46129152 96.800000 113.459468
46129152 96.800000 113.457320
46129152 96.800000 113.457926
46129152 96.800000 113.454252
46134272 96.800000 -66.754263
46129152 96.800000 113.458239
46134272 96.800000 -66.753039
46129152 96.800000 113.457913
46129152 96.800000 113.456567
46134272 96.800000 -66.751122
46129152 96.800000 113.465171
46129152 96.800000 113.457521
46129152 96.800000 113.456591
46134272 96.800000 -66.752658
46129152 96.800000 113.455418
46129152 96.800000 113.464665
46129152 96.800000 113.459611
46129152 96.800000 113.458462
46129152 96.800000 113.457088
46129152 96.800000 113.462980
46134272 96.800000 -66.750073
46129152 96.800000 113.460079
46129152 96.800000 113.458118
46134272 96.800000 -66.752072
46129152 96.800000 113.458849
46129152 96.800000 113.461075
46129152 96.800000 113.459479
46134272 96.800000 -66.752243
46134272 96.800000 -66.749980
46129152 96.800000 113.455851
46129152 96.800000 113.459883
46129152 96.800000 113.458005
46129152 96.800000 113.460244
46134272 96.800000 -66.749171
46134272 96.800000 -66.752141
46129152 96.800000 113.460753
46129152 96.800000 113.460316
46129152 96.800000 113.462617
46134272 96.800000 -66.753235
46129152 96.800000 113.459633
46129152 96.800000 113.462043
46129152 96.800000 113.462393
46129152 96.800000 113.458875
46134272 96.800000 -66.752557
46129152 96.800000 113.459692
46134272 96.800000 -66.752561
46129152 96.800000 113.458967
46129152 96.800000 113.460937
46129152 96.800000 113.460135
46134272 96.800000 -66.751647
46129152 96.800000 113.458647
46134272 96.800000 -66.755149
46129152 96.800000 113.458646
46134272 96.800000 -66.756167
46129152 96.800000 113.462017
46134272 96.800000 -66.752071
46129152 96.800000 113.462369
46134272 96.800000 -66.751143
46129152 96.800000 113.456867
46134272 96.800000 -66.751682
46129152 96.800000 113.465937
46134272 96.800000 -66.750253
46129152 96.800000 113.462923
46129152 96.800000 113.464833
46134272 96.800000 -66.756270
46129152 96.800000 113.461505
46129152 96.800000 113.461690
46129152 96.800000 113.458671
46129152 96.800000 113.462010
46134272 96.800000 -66.750693
46129152 96.800000 113.462649
46129152 96.800000 113.457662
46129152 96.800000 113.456205
46129152 96.800000 113.457601
46129152 96.800000 113.459220
46134272 96.800000 -66.753135
46129152 96.800000 113.460283
46129152 96.800000 113.456527
46134272 96.800000 -66.751203
46129152 96.800000 113.459105
46129152 96.800000 113.457814
46134272 96.800000 -66.749365
46134272 96.800000 -66.747509
46129152 96.800000 113.457518
46129152 96.800000 113.458137
46134272 96.800000 -66.746792
46129152 96.800000 113.457429
46129152 96.800000 113.461802
46129152 96.800000 113.456756
46134272 96.800000 -66.747826
46129152 96.800000 113.459251
46129152 96.800000 113.458717
46134272 96.800000 -66.747538
46134272 96.800000 -66.747889
46129152 96.800000 113.457472
46129152 96.800000 113.457193
46129152 96.800000 113.457543
46129152 96.800000 113.460600
46129152 96.800000 113.458455
46129152 96.800000 113.459207
46134272 96.800000 -66.751458
46129152 96.800000 113.459243
46134272 96.800000 -66.753063
46129152 96.800000 113.458383
46129152 96.800000 113.458042
46134272 96.800000 -66.748718
46129152 96.800000 113.455896
46129152 96.800000 113.459702
46134272 96.800000 -66.749245
46129152 96.800000 113.458133
46129152 96.800000 113.461123
46129152 96.800000 113.459746
46129152 96.800000 113.457520
46134272 96.800000 -66.751955
46129152 96.800000 113.463421
46134272 96.800000 -66.752591
46129152 96.800000 113.457195
46129152 96.800000 113.461307
46134272 96.800000 -66.747320
46129152 96.800000 113.461430
46129152 96.800000 113.460943
46134272 96.800000 -66.751295
46129152 96.800000 113.461923
46129152 96.800000 113.457856
46134272 96.800000 -66.748783
46129152 96.800000 113.459755
46134272 96.800000 -66.752119
46129152 96.800000 113.462563
46129152 96.800000 113.461204
46134272 96.800000 -66.748136
46129152 96.800000 113.460665
46129152 96.800000 113.460217
46134272 96.800000 -66.748395
46129152 96.800000 113.460576
46129152 96.800000 113.459960
46129152 96.800000 113.463296
46134272 96.800000 -66.746717
46129152 96.800000 113.460763
46134272 96.800000 -66.746428
46129152 96.800000 113.463658
46129152 96.800000 113.460692
46129152 96.800000 113.460150
46129152 96.800000 113.462144
46129152 96.800000 113.459781
46134272 96.800000 -66.751701
46129152 96.800000 113.462208
46129152 96.800000 113.461739
46134272 96.800000 -66.747986
46129152 96.800000 113.459545
46129152 96.800000 113.462027
46129152 96.800000 113.460984
46134272 96.800000 -66.746819
46134272 96.800000 -66.747325
46129152 96.800000 113.459861
46129152 96.800000 113.461891
46129152 96.800000 113.460846
46129152 96.800000 113.458226
46129152 96.800000 113.462309
46129152 96.800000 113.460013
46129152 96.800000 113.460885
46129152 96.800000 113.463324
37854976 96.800000 -66.736185
46129152 96.800000 113.459121
46129152 96.800000 113.460664
46129152 96.800000 113.460299
46129152 96.800000 113.457042
46134272 96.800000 -66.747942
46129152 96.800000 113.458109
37854976 96.800000 -66.735318
46134272 96.800000 -66.745333
46129152 96.800000 113.460149
46129152 96.800000 113.458414
46129152 96.800000 113.460398
46129152 96.800000 113.460356
46129152 96.800000 113.463248
37854976 96.800000 -66.740456
46134272 96.800000 -66.746724
46129152 96.800000 113.456846
37854976 96.800000 -66.739997
46129152 96.800000 113.460430
46129152 96.800000 113.457559
46134272 96.800000 -66.746922
46129152 96.800000 113.458114
37854976 96.800000 -66.733860
37854976 96.800000 -66.739253
46129152 96.800000 113.456962
46129152 96.800000 113.459100
46129152 96.800000 113.456528
46129152 96.800000 113.460635
37854976 96.800000 -66.738895
46129152 96.800000 113.458043
46134272 96.800000 -66.749226
46129152 96.800000 113.457195
46129152 96.800000 113.457647
37854976 96.800000 -66.735666
46129152 96.800000 113.458659
46129152 96.800000 113.458367
46129152 96.800000 113.456714
46129152 96.800000 113.457374
37854976 96.800000 -66.738748
46129152 96.800000 113.456805
46129152 96.800000 113.459583
37854976 96.800000 -66.742195
46129152 96.800000 113.457361
46134272 96.800000 -66.751231
46129152 96.800000 113.462558
46129152 96.800000 113.456731
46129152 96.800000 113.456196
46129152 96.800000 113.457703
37854976 96.800000 -66.739744
46129152 96.800000 113.462002
46129152 96.800000 113.459906
46134272 96.800000 -66.744439
46129152 96.800000 113.459601
46134272 96.800000 -66.745493
46129152 96.800000 113.457629
37854976 96.800000 -66.742921
46129152 96.800000 113.460690
37854976 96.800000 -66.741233
46129152 96.800000 113.460480
46134272 96.800000 -66.745321
46129152 96.800000 113.462898
46129152 96.800000 113.458550
46129152 96.800000 113.460695
46129152 96.800000 113.459690
46134272 96.800000 -66.745566
46129152 96.800000 113.458106
37854976 96.800000 -66.737864
46129152 96.800000 113.460105
37854976 96.800000 -66.739633
46129152 96.800000 113.462139
46129152 96.800000 113.457760
46129152 96.800000 113.462638
46134272 96.800000 -66.749232
46129152 96.800000 113.460935
46129152 96.800000 113.460654
46134272 96.800000 -66.756326
46129152 96.800000 113.464128
46129152 96.800000 113.461508
46129152 96.800000 113.460843
46129152 96.800000 113.461644
46134272 96.800000 -66.754473
46129152 96.800000 113.460100
46129152 96.800000 113.464299
46134272 96.800000 -66.749844
37854976 96.800000 -66.737698
46129152 96.800000 113.459477
46129152 96.800000 113.461027
46134272 96.800000 -66.749158
37854976 96.800000 -66.743078
46134272 96.800000 -66.745193
46129152 96.800000 113.459435
46134272 96.800000 -66.747709
46129152 96.800000 113.460631
46129152 96.800000 113.461443
37854976 96.800000 -66.737874
46129152 96.800000 113.461763
46129152 96.800000 113.458205
46134272 96.800000 -66.742425
37854976 96.800000 -66.738282
46129152 96.800000 113.458238
46134272 96.800000 -66.747529
37854976 96.800000 -66.744362
46129152 96.800000 113.462738
37854976 96.800000 -66.735476
37854976 96.800000 -66.735753
37854976 96.800000 -66.731752
46134272 96.800000 -66.754989
46134272 96.800000 -66.753823
37854976 96.800000 -66.735472
37854976 96.800000 -66.734168
37854976 96.800000 -66.731336
46134272 96.800000 -66.753387
46134272 96.800000 -66.751398
46134272 96.800000 -66.752488
46134272 96.800000 -66.751040
37854976 96.800000 -66.732309
46134272 96.800000 -66.749267
46129152 0.400000 113.459416
46129152 10.400000 113.459512
37854976 96.800000 -66.733716
46129152 96.800000 113.462242
46134272 96.800000 -66.752183
46129152 96.800000 113.456609
37854976 96.800000 -66.733530
46134272 96.800000 -66.749342
37854976 96.800000 -66.735193
46129152 96.800000 113.458250
46134272 96.800000 -66.752219
37854976 96.800000 -66.739107
46129152 96.800000 113.459495
46134272 96.800000 -66.750313
46134272 96.800000 -66.749201
46129152 96.800000 113.456433
46129152 96.800000 113.459651
46129152 96.800000 113.459186
46129152 96.800000 113.460596
46129152 96.800000 113.458669
46129152 96.800000 113.456096
46129152 96.800000 113.458306
46134272 96.800000 -66.752825
46129152 96.800000 113.457867
46129152 96.800000 113.461661
46129152 96.800000 113.458681
46134272 96.800000 -66.750736
46129152 96.800000 113.462286
46129152 96.800000 113.458216
46129152 96.800000 113.457828
46129152 96.800000 113.459079
46134272 96.800000 -66.748933
46129152 96.800000 113.456314
46134272 96.800000 -66.752917
37854976 96.800000 -66.738569
46129152 96.800000 113.457819
37854976 96.800000 -66.735377
46134272 96.800000 -66.751697
46129152 96.800000 113.460022
46129152 96.800000 113.460714
46129152 96.800000 113.458555
37854976 96.800000 -66.731476
46129152 96.800000 113.458573
37854976 96.800000 -66.732550
46129152 96.800000 113.463296
46134272 96.800000 -66.754829
46134272 96.800000 -66.755292
37854976 96.800000 -66.732982
46129152 96.800000 113.459164
46129152 96.800000 113.459241
37854976 96.800000 -66.738819
46129152 96.800000 113.462318
46129152 96.800000 113.459974
46129152 96.800000 113.462841
46134272 96.800000 -66.756746
46129152 96.800000 113.460419
46129152 96.800000 113.463045
46129152 96.800000 113.462096
46129152 96.800000 113.461391
46129152 96.800000 113.458580
46134272 96.800000 -66.750721
46134272 96.800000 -66.753250
46134272 96.800000 -66.754741
46134272 96.800000 -66.749861
37854976 96.800000 -66.734515
46134272 96.800000 -66.754427
37854976 96.800000 -66.733811
46134272 96.800000 -66.754618
37854976 96.800000 -66.734615
46134272 96.800000 -66.757041
37854976 96.800000 -66.738459
46134272 96.800000 -66.752006
46134272 96.800000 -66.751229
46134272 96.800000 -66.750355
37854976 96.800000 -66.737494
37854976 96.800000 -66.734543
46134272 96.800000 -66.752960
37854976 96.800000 -66.733564
46134272 96.800000 -66.751993
37854976 96.800000 -66.739679
46134272 96.800000 -66.752402
37854976 96.800000 -66.732640
46134272 96.800000 -66.752663
46134272 96.800000 -66.751815
37854976 96.800000 -66.735113
46134272 96.800000 -66.750532
46134272 96.800000 -66.752279
37854976 96.800000 -66.733286
46134272 96.800000 -66.751763
46134272 96.800000 -66.752575
46134272 96.800000 -66.750647
46134272 96.800000 -66.752024
46134272 96.800000 -66.754840
46134272 96.800000 -66.751481
37854976 96.800000 -66.734831
46134272 96.800000 -66.754107
37854976 96.800000 -66.734285
37854976 96.800000 -66.737217
46134272 96.800000 -66.752965
46134272 96.800000 -66.756355
46134272 96.800000 -66.752641
46134272 96.800000 -66.752063
46134272 96.800000 -66.755985
37854976 96.800000 -66.733636
46134272 96.800000 -66.756412
37854976 96.800000 -66.732570
46134272 96.800000 -66.753963
46134272 96.800000 -66.757077
46134272 96.800000 -66.752821
37854976 96.800000 -66.739292
37854976 96.800000 -66.737233
46134272 96.800000 -66.756699
46134272 96.800000 -66.751630
46134272 96.800000 -66.758680
46134272 96.800000 -66.752854
46134272 96.800000 -66.753727
37854976 96.800000 -66.734348
46134272 96.800000 -66.753285
46134272 96.800000 -66.750004
46134272 96.800000 -66.756567
37854976 96.800000 -66.737482
46134272 96.800000 -66.752216
46134272 96.800000 -66.750436
46134272 96.800000 -66.754132
37854976 96.800000 -66.739734
46134272 96.800000 -66.749309
46134272 96.800000 -66.746131
46134272 96.800000 -66.755440
46134272 96.800000 -66.748328
46134272 96.800000 -66.751076
46134272 96.800000 -66.751625
46134272 96.800000 -66.749194
46134272 96.800000 -66.751737
46134272 96.800000 -66.747642
46131712 96.800000 113.628875
46131712 96.800000 113.630708
46131712 96.800000 113.630744
46131712 96.800000 113.631472
46131712 96.800000 113.630639
46131712 96.800000 113.631338
46131712 96.800000 113.631319
46131712 96.800000 113.634382
46131712 96.800000 113.633113
46131712 96.800000 113.631320
46131712 96.800000 113.634260
46131712 96.800000 113.631317
46131712 96.800000 113.629560
46131712 96.800000 113.630678
46131712 96.800000 113.633048
46131712 96.800000 113.630866
46131712 96.800000 113.632162
46131712 96.800000 113.631987
46131712 96.800000 113.632699
46131712 96.800000 113.634076
46131712 96.800000 113.633174
46131712 96.800000 113.633327
46131712 96.800000 113.632912
46131712 96.800000 113.633874
46131712 96.800000 113.633586
46131712 96.800000 113.635442
46131712 96.800000 113.634993
46131712 96.800000 113.632908
46131712 96.800000 113.634258
46131712 96.800000 113.634823
46131712 96.800000 113.634926
46131712 96.800000 113.632197
46131712 96.800000 113.632350
46131712 96.800000 113.632642
46131712 96.800000 113.631081
46131712 96.800000 113.630447
46131712 96.800000 113.633078
46131712 96.800000 113.629830
46131712 96.800000 113.630282
46131712 96.800000 113.630951
46131712 96.800000 113.632216
46131712 96.800000 113.631181
46131712 96.800000 113.632270
46131712 96.800000 113.632711
46131712 96.800000 113.632211
46131712 96.800000 113.630760
46131712 96.800000 113.631242
46131712 96.800000 113.633355
46131712 96.800000 113.633818
46131712 96.800000 113.632037
46131712 96.800000 113.629297
46131712 96.800000 113.631518
46131712 96.800000 113.630783
46131712 96.800000 113.630669
46131712 96.800000 113.630652
46131712 96.800000 113.632715
46131712 96.800000 113.628814
46131712 96.800000 113.631382
46131712 96.800000 113.630518
46131712 96.800000 113.629820
46131712 96.800000 113.630140
46131712 96.800000 113.629830
46131712 96.800000 113.629721
46131712 96.800000 113.630055
46131712 96.800000 113.631555
46131712 96.800000 113.631346
46131712 96.800000 113.632957
46131712 96.800000 113.631688
46131712 96.800000 113.632258
46131712 96.800000 113.635525
46131712 96.800000 113.632906
46131712 0.400000 113.632976
46131712 96.800000 113.632751
46131712 96.800000 113.633963
46131712 96.800000 113.634238
46131712 96.800000 113.633529
46131712 96.800000 113.633315
46131712 96.800000 113.635034
46131712 96.800000 113.633519
46131712 96.800000 113.634655
46131712 96.800000 113.630456
46131712 96.800000 113.633856
46131712 96.800000 113.634471
46131712 96.800000 113.633141
46131712 96.800000 113.634144
46131712 96.800000 113.631569
46131712 96.800000 113.634479
46131712 10.400000 113.632823
46131712 96.800000 113.632672
46131712 96.800000 113.632684
46131712 96.800000 113.630973
46131712 96.800000 113.631604
46131712 96.800000 113.633004
46131712 96.800000 113.632014
46131712 96.800000 113.632500
46131712 96.800000 113.631381
46131712 96.800000 113.630998
46131712 96.800000 113.629296
46131712 96.800000 113.631782
46131712 96.800000 113.628754
46131712 96.800000 113.630046
46131712 96.800000 113.632492
46131712 96.800000 113.632145
46131712 96.800000 113.632368
46131712 96.800000 113.631322
46131712 96.800000 113.632626
46131712 96.800000 113.630705
46131712 96.800000 113.631549
46131712 96.800000 113.632417
46131712 96.800000 113.633594
46131712 96.800000 113.630846
46131712 96.800000 113.633013
46131712 96.800000 113.634909
46131712 96.800000 113.635411
46131712 96.800000 113.633626
46131712 96.800000 113.633816
46131712 96.800000 113.634055
46131712 96.800000 113.635710
46131712 96.800000 113.636430
46131712 96.800000 113.635205
46131712 96.800000 113.635378
46131712 96.800000 113.635889
46131712 96.800000 113.632444
46131712 96.800000 113.631405
46131712 96.800000 113.635343
46131712 96.800000 113.634014
46131712 96.800000 113.634067
46131712 96.800000 113.633089
46131712 96.800000 113.632930
46131712 96.800000 113.635522
46131712 96.800000 113.636670
46131712 96.800000 113.633025
46131712 96.800000 113.632669
46131712 96.800000 113.631285
46131712 96.800000 113.633726
46131712 96.800000 113.633353
46131712 96.800000 113.633632
46131712 96.800000 113.631872
46131712 96.800000 113.632265
46131712 96.800000 113.631805
46131712 96.800000 113.634114
46131712 96.800000 113.631653
46131712 96.800000 113.634579
46131712 96.800000 113.631662
46131712 96.800000 113.634711
46131712 96.800000 113.632957
46131712 96.800000 113.634619
46131712 96.800000 113.636554
46131712 96.800000 113.636823
46131712 96.800000 113.630506
46131712 96.800000 113.633178
46131712 96.800000 113.636768
46131712 96.800000 113.632980
46131712 96.800000 113.635206
46131712 96.800000 113.632079
46131712 96.800000 113.630857
46131712 96.800000 113.630218
46131712 96.800000 113.630315
46131712 96.800000 113.632255
46131712 96.800000 113.628530
46131712 96.800000 113.630184
46131712 96.800000 113.631497
46131712 96.800000 113.630412
46131712 96.800000 113.629212
46131712 96.800000 113.631109
46131712 96.800000 113.631605
46131712 96.800000 113.630215
46131712 96.800000 113.629719
46131712 96.800000 113.632391
46131712 96.800000 113.630884
46131712 96.800000 113.629099
46131712 96.800000 113.630764
46131712 96.800000 113.630418
46131712 96.800000 113.629695
46131712 96.800000 113.630373
46131712 96.800000 113.630655
46131712 96.800000 113.630311
46131712 96.800000 113.632766
46131712 96.800000 113.632484
46131712 96.800000 113.631613
46131712 96.800000 113.632780
46131712 96.800000 113.630482
46131712 96.800000 113.633056
46131712 96.800000 113.630178
46131712 96.800000 113.631859
46131712 96.800000 113.632188
46131712 96.800000 113.631370
46131712 96.800000 113.629509
46131712 96.800000 113.633052
46131712 96.800000 113.632409
46131712 96.800000 113.630557
46131712 96.800000 113.631773
46131712 96.800000 113.630504
46131712 96.800000 113.632882
46131712 96.800000 113.631296
46131712 96.800000 113.630986
46131712 96.800000 113.632132
46131712 96.800000 113.630374
46131712 96.800000 113.630627
46131712 96.800000 113.631205
46131712 96.800000 113.632742
46131712 96.800000 113.632529
46131712 96.800000 113.631872
46131712 96.800000 113.630692
46131712 96.800000 113.633378
46131712 96.800000 113.634708
46131712 96.800000 113.633348
46131712 96.800000 113.633300
46131712 96.800000 113.631741
46131712 96.800000 113.631476
46131712 96.800000 113.633261
46131712 96.800000 113.634261
46131712 96.800000 113.633137
46131712 96.800000 113.630730
46131712 96.800000 113.633884
46131712 96.800000 113.633914
46131712 96.800000 113.635550
46131712 96.800000 113.633671
46131712 96.800000 113.632966
46131712 96.800000 113.634155
46131712 96.800000 113.633384
46131712 96.800000 113.632195
46131712 96.800000 113.633527
46131712 96.800000 113.631953
46131712 96.800000 113.634828
46131712 96.800000 113.633237
46131712 96.800000 113.634745
46131712 96.800000 113.631178
46131712 96.800000 113.631290
46131712 96.800000 113.634201
46131712 96.800000 113.632437
46131712 96.800000 113.632607
46131712 96.800000 113.632598
46131712 96.800000 113.632582
46131712 96.800000 113.633683
46131712 96.800000 113.630811
46131712 96.800000 113.629602
46131712 96.800000 113.630996
46131712 96.800000 113.634865
46131712 96.800000 113.633689
46131712 96.800000 113.631411
46131712 96.800000 113.633538
46131712 96.800000 113.631451
46131712 96.800000 113.633257
46131712 96.800000 113.632065
46131712 96.800000 113.632585
46131712 96.800000 113.631313
46131712 96.800000 113.630330
46131712 96.800000 113.631038
46131712 96.800000 113.634165
46131712 96.800000 113.631586
46131712 96.800000 113.634194
46131712 96.800000 113.632905
46131712 96.800000 113.630980
46131712 96.800000 113.632969
46131712 96.800000 113.633244
46131712 96.800000 113.632777
46131712 96.800000 113.630520
46131712 96.800000 113.632957
46131712 96.800000 113.633554
46131712 96.800000 113.632103
46131712 96.800000 113.631748
46131712 96.800000 113.633052
46131712 96.800000 113.632527
46131712 96.800000 113.629741
46131712 96.800000 113.632052
46131712 96.800000 113.632121
37855232 96.800000 113.410032
37855232 96.800000 113.410273
37855232 96.800000 113.411155
37855232 96.800000 113.411548
37855232 96.800000 113.411373
37855232 96.800000 113.410108
37855232 96.800000 113.412134
37855232 96.800000 113.414843
37855232 96.800000 113.410890
37855232 96.800000 113.410969
37855232 96.800000 113.411636
37855232 96.800000 113.409777
37855232 96.800000 113.412270
37855232 96.800000 113.412453
37855232 96.800000 113.412707
37855232 96.800000 113.411304
37855232 96.800000 113.412537
37855232 96.800000 113.411459
37855232 96.800000 113.414558
37855232 96.800000 113.413082
37855232 96.800000 113.415087
37855232 96.800000 113.412763
37855232 96.800000 113.411770
37855232 96.800000 113.412087
37855232 96.800000 113.412020
37855232 96.800000 113.412750
37855232 96.800000 113.412000
37855232 96.800000 113.411697
37855232 96.800000 113.412760
37855232 96.800000 113.408514
37855232 96.800000 113.410472
37855232 96.800000 113.412037
37855232 96.800000 113.410465
37855232 96.800000 113.409452
37855232 96.800000 113.409773
37855232 96.800000 113.411204
37855232 96.800000 113.410021
37855232 96.800000 113.409700
37855232 96.800000 113.408954
37855232 96.800000 113.410982
37855232 96.800000 113.409358
37855232 96.800000 113.410328
37855232 96.800000 113.412413
37855232 96.800000 113.411519
37855232 96.800000 113.412185
37855232 96.800000 113.409593
37855232 96.800000 113.409542
37855232 96.800000 113.410373
37855232 96.800000 113.410187
37855232 96.800000 113.410922
37855232 96.800000 113.411608
37855232 96.800000 113.412263
37855232 96.800000 113.410736
37855232 96.800000 113.411342
37855232 96.800000 113.412423
37855232 96.800000 113.409851
37855232 96.800000 113.412178
37855232 96.800000 113.411474
37855232 96.800000 113.413762
37855232 96.800000 113.412222
37855232 96.800000 113.410806
37855232 96.800000 113.408915
37855232 96.800000 113.411588
37855232 96.800000 113.411660
37855232 96.800000 113.412942
37855232 96.800000 113.410704
37855232 96.800000 113.410903
37855232 96.800000 113.410453
37855232 96.800000 113.409351
37855232 96.800000 113.412402
37855232 96.800000 113.413024
37855232 96.800000 113.411222
37855232 96.800000 113.411170
37855232 96.800000 113.411482
37855232 96.800000 113.411559
37855232 96.800000 113.412123
37855232 96.800000 113.410592
37855232 96.800000 113.412032
37855232 96.800000 113.412180
37855232 96.800000 113.412241
37855232 96.800000 113.411119
37855232 96.800000 113.412990
37855232 96.800000 113.411956
37855232 96.800000 113.412444
37855232 96.800000 113.411218
37855232 96.800000 113.409740
37855232 96.800000 113.413456
37855232 96.800000 113.411609
37855232 96.800000 113.412813
37855232 96.800000 113.409261
37855232 96.800000 113.412038
37855232 96.800000 113.415337
37855232 96.800000 113.412518
37855232 96.800000 113.411524
37855232 96.800000 113.414964
37855232 96.800000 113.413372
37855232 96.800000 113.413749
37855232 96.800000 113.415925
37855232 96.800000 113.412704
37855232 96.800000 113.414001
37855232 96.800000 113.413197
37855232 96.800000 113.413119
37855232 96.800000 113.413813
37855232 96.800000 113.412668
37855232 96.800000 113.412303
37855232 96.800000 113.411600
37855232 96.800000 113.414688
37855232 96.800000 113.412974
37855232 96.800000 113.413481
37855232 96.800000 113.413461
37855232 96.800000 113.413668
37855232 96.800000 113.414284
37855232 96.800000 113.413011
37855232 96.800000 113.414251
37855232 96.800000 113.414663
37855232 96.800000 113.412579
37855232 96.800000 113.413776
37855232 96.800000 113.415727
37855232 96.800000 113.414134
37855232 96.800000 113.412675
37855232 96.800000 113.413249
37855232 96.800000 113.412341
37855232 96.800000 113.413397
37855232 96.800000 113.412954
37855232 96.800000 113.412967
37855232 96.800000 113.414361
37855232 96.800000 113.412941
37855232 96.800000 113.411744
37855232 96.800000 113.410712
37855232 96.800000 113.415707
37855232 96.800000 113.414625
37855232 96.800000 113.413041
37855232 96.800000 113.411664
37855232 96.800000 113.413309
37855232 96.800000 113.412292
37855232 96.800000 113.411978
37855232 96.800000 113.413763
37855232 96.800000 113.412174
37855232 96.800000 113.413283
37855232 96.800000 113.413250
37855232 96.800000 113.413106
37855232 96.800000 113.414474
37855232 96.800000 113.412232
37855232 96.800000 113.413082
37855232 96.800000 113.415994
37855232 96.800000 113.413526
37855232 96.800000 113.413192
37855232 96.800000 113.412159
37855232 96.800000 113.414927
37855232 96.800000 113.413476
37855232 96.800000 113.413124
37855232 96.800000 113.412159
37855232 96.800000 113.414107
37855232 96.800000 113.410471
37855232 96.800000 113.410868
37855232 96.800000 113.410468
37855232 96.800000 113.411063
37855232 96.800000 113.409732
37855232 96.800000 113.411710
37855232 10.400000 113.411548
37855232 96.800000 113.411279
37855232 96.800000 113.411554
37855232 96.800000 113.414406
37855232 96.800000 113.410073
37855232 96.800000 113.411770
37855232 0.400000 113.411351
37855232 96.800000 113.410136
37855232 96.800000 113.411302
37855232 96.800000 113.411835
37855232 96.800000 113.411302
37855232 96.800000 113.410348
37855232 96.800000 113.411441
37855232 96.800000 113.413294
37855232 96.800000 113.410814
37855232 96.800000 113.413203
37855232 96.800000 113.412387
37855232 96.800000 113.412520
37855232 96.800000 113.410623
37855232 96.800000 113.412268
37855232 96.800000 113.410690
37855232 96.800000 113.412966
37855232 96.800000 113.411125
