## MACS0717 IRAC ch2 observation
# 1 AOR
# 2 EXPTIME
# 3 CROTA2
 46130944      96.800000      82.970012 
 46130944      96.800000      82.941274 
 46130944      96.800000      82.950251 
 46130944      96.800000      82.936565 
 46130944      96.800000      82.949423 
 46130944      96.800000      82.945177 
 46130944      96.800000      82.949367 
 46130944      96.800000      82.949339 
 46130944      96.800000      82.951080 
 46130944      96.800000      82.956023 
 46130944      96.800000      82.937820 
 46130944      96.800000      82.934866 
 46130944      96.800000      82.949605 
 46130944      96.800000      82.947298 
 46130944      96.800000      82.961787 
 46130944      96.800000      82.949300 
 46130944      96.800000      82.955029 
 46130944      96.800000      82.940826 
 46130944      96.800000      82.930933 
 46130944      96.800000      82.955967 
 46130944      96.800000      82.954210 
 46130944      96.800000      82.952782 
 46130944      96.800000      82.943453 
 46130944      96.800000      82.946455 
 46130944      96.800000      82.946128 
 46130944      96.800000      82.953039 
 46130944      96.800000      82.942669 
 46130944      96.800000      82.952054 
 46130944      96.800000      82.944192 
 46130944      96.800000      82.946373 
 46130944      96.800000      82.955188 
 46130944      96.800000      82.956865 
 46130944      96.800000      82.945765 
 46130944      96.800000      82.951558 
 46130944      96.800000      82.959803 
 46130944      96.800000      82.941651 
 46130944      96.800000      82.952846 
 46130944      96.800000      82.941358 
 46130944      96.800000      82.942677 
 46130944      96.800000      82.948270 
 46130944      96.800000      82.934549 
 46130944      96.800000      82.953411 
 46130944      96.800000      82.944880 
 46130944      96.800000      82.943893 
 46130944      96.800000      82.954860 
 46130944      96.800000      82.934170 
 46130944      96.800000      82.968989 
 46130944      96.800000      82.952165 
 46130944      96.800000      82.944494 
 46130944      96.800000      82.945932 
 46130944      96.800000      82.948624 
 46130944      96.800000      82.945774 
 46130944      96.800000      82.934499 
 46130944      96.800000      82.943038 
 46130944      96.800000      82.946809 
 46130944      96.800000      82.940943 
 46130944      96.800000      82.951896 
 46130944      96.800000      82.940307 
 46130944      96.800000      82.927884 
 46130944      96.800000      82.953296 
 46130944      96.800000      82.937539 
 46130944      96.800000      82.934215 
 46130944      96.800000      82.946429 
 46130944      96.800000      82.939091 
 46130944      96.800000      82.922399 
 46130944      96.800000      82.932203 
 46130944      96.800000      82.929182 
 46130944      96.800000      82.937297 
 46130944      96.800000      82.937111 
 46130944      96.800000      82.936261 
 46130944      96.800000      82.937977 
 46130944      96.800000      82.935564 
 46130944      96.800000      82.944711 
 46130944      96.800000      82.935444 
 46130944      96.800000      82.937705 
 46130944      96.800000      82.929042 
 46130944      96.800000      82.942869 
 46130944      96.800000      82.943989 
 46130944      96.800000      82.949774 
 46130944      96.800000      82.950212 
 46130944      96.800000      82.939226 
 46130944      96.800000      82.941962 
 46130944      96.800000      82.942300 
 46130944      96.800000      82.932614 
 46130944      96.800000      82.926978 
 46130944      96.800000      82.932246 
 46130944      96.800000      82.935481 
 46130944      96.800000      82.938170 
 46130944      96.800000      82.941901 
 46130944      96.800000      82.936510 
 46130944      96.800000      82.938686 
 46130944      96.800000      82.951352 
 46130944      96.800000      82.952125 
 46130944      96.800000      82.935932 
 46130944      96.800000      82.913209 
 46130944      96.800000      82.937090 
 46130944      96.800000      82.942520 
 46130944      96.800000      82.947931 
 46130944      96.800000      82.932047 
 46130944      96.800000      82.946210 
 46130944      96.800000      82.945563 
 46130944      96.800000      82.927125 
 46130944      96.800000      82.922663 
 46130944      96.800000      82.931362 
 46130944      96.800000      82.946421 
 46130944      96.800000      82.940009 
 46130944      96.800000      82.932099 
 46130944      96.800000      82.946518 
 46130944      96.800000      82.944820 
 46130944      96.800000      82.922669 
 46130944      96.800000      82.941403 
 46130944      96.800000      82.930139 
 46130944      96.800000      82.942603 
 46130944      96.800000      82.931878 
 46130944      96.800000      82.940776 
 46130944      96.800000      82.934971 
 46130944      96.800000      82.926291 
 46130944       0.400000      82.936096 
 46130944      96.800000      82.931913 
 46130944      96.800000      82.938241 
 46130944      96.800000      82.953714 
 46130944      96.800000      82.935600 
 46130944      96.800000      82.938279 
 46130944      96.800000      82.945893 
 46130944      96.800000      82.933443 
 46130944      96.800000      82.955268 
 46130944      96.800000      82.954694 
 46130944      96.800000      82.964832 
 46130944      96.800000      82.944658 
 46130944      96.800000      82.954788 
 46130944      96.800000      82.952496 
 46130944      96.800000      82.938834 
 46130944      96.800000      82.944368 
 46130944      96.800000      82.937233 
 46130944      96.800000      82.943766 
 46130944      96.800000      82.950567 
 46130944      96.800000      82.939142 
 46130944      96.800000      82.938121 
 46130944      96.800000      82.960712 
 46130944      96.800000      82.958305 
 46130944      96.800000      82.931577 
 46130944      96.800000      82.944844 
 46130944      96.800000      82.949585 
 46130944      96.800000      82.937767 
 46130944      96.800000      82.952379 
 46130944      96.800000      82.942585 
 46130944      96.800000      82.953940 
 46130944      96.800000      82.941960 
 46130944      96.800000      82.930475 
 46130944      96.800000      82.946440 
 46130944      96.800000      82.941654 
 46130944      96.800000      82.936080 
 46130944      96.800000      82.956373 
 46130944      96.800000      82.973617 
 46130944      96.800000      82.941263 
 46130944      96.800000      82.946569 
 46130944      96.800000      82.933692 
 46130944      96.800000      82.962142 
 46130944      96.800000      82.939238 
 46130944      96.800000      82.955257 
 46130944      96.800000      82.938601 
 46130944      96.800000      82.943241 
 46130944      96.800000      82.959151 
 46130944      96.800000      82.946393 
 46130944      96.800000      82.927026 
 46130944      96.800000      82.954849 
 46130944      96.800000      82.942276 
 46130944      96.800000      82.954629 
 46130944      96.800000      82.940323 
 46130944      96.800000      82.932459 
 46130944      96.800000      82.942537 
 46130944      96.800000      82.929921 
 46130944      96.800000      82.937833 
 46130944      96.800000      82.930031 
 46130944      96.800000      82.917240 
 46130944      96.800000      82.939824 
 46130944      96.800000      82.936942 
 46130944      96.800000      82.938525 
 46130944      96.800000      82.944068 
 46130944      96.800000      82.924036 
 46130944      96.800000      82.958847 
 46130944      96.800000      82.930394 
 46130944      96.800000      82.947316 
 46130944      96.800000      82.938160 
 46130944      96.800000      82.939905 
 46130944      96.800000      82.929421 
 46130944      96.800000      82.933132 
 46130944      96.800000      82.928703 
 46130944      96.800000      82.921616 
 46130944      96.800000      82.944315 
 46130944      96.800000      82.948633 
 46130944      96.800000      82.929006 
 46130944      96.800000      82.949485 
 46130944      96.800000      82.936525 
 46130944      96.800000      82.954956 
 46130944      96.800000      82.938994 
 46130944      96.800000      82.941554 
 46130944      96.800000      82.946656 
 46130944      96.800000      82.928404 
 46130944      96.800000      82.953862 
 46130944      96.800000      82.947268 
 46130944      96.800000      82.945283 
 46130944      96.800000      82.931211 
 46130944      96.800000      82.942791 
 46130944      96.800000      82.947381 
 46130944      96.800000      82.954101 
 46130944      96.800000      82.938988 
 46130944      96.800000      82.945911 
 46130944      96.800000      82.948844 
 46130944      96.800000      82.932791 
 46130944      96.800000      82.946490 
 46130944      96.800000      82.949831 
 46130944      96.800000      82.925896 
 46130944      96.800000      82.923213 
 46130944      96.800000      82.949752 
 46130944      96.800000      82.929494 
 46130944      96.800000      82.932624 
 46130944      96.800000      82.947514 
 46130944      10.400000      82.936220 
 46130944      96.800000      82.933834 
 46130944      96.800000      82.942459 
 46130944      96.800000      82.949949 
 46130944      96.800000      82.959785 
 46130944      96.800000      82.949315 
 46130944      96.800000      82.947868 
 46130944      96.800000      82.946130 
 46130944      96.800000      82.936171 
 46130944      96.800000      82.949507 
 46130944      96.800000      82.942871 
 46130944      96.800000      82.943692 
 46130944      96.800000      82.965789 
 46130944      96.800000      82.932339 
 46130944      96.800000      82.954663 
 46130944      96.800000      82.943237 
 46130944      96.800000      82.945852 
 46130944      96.800000      82.952693 
 46130944      96.800000      82.950181 
 46130944      96.800000      82.937193 
 46130944      96.800000      82.953660 
 46130944      96.800000      82.938763 
 46130944      96.800000      82.934730 
 46130944      96.800000      82.935925 
 46130944      96.800000      82.945381 
 46130944      96.800000      82.937547 
 46130944      96.800000      82.949812 
 46130944      96.800000      82.950659 
 46130944      96.800000      82.943898 
 46130944      96.800000      82.930582 
 46130944      96.800000      82.941386 
 46130944      96.800000      82.947205 
 46130944      96.800000      82.953586 
 46130944      96.800000      82.941473 
 46130944      96.800000      82.946782 
 46130944      96.800000      82.938454 
 46130944      96.800000      82.934354 
 46130944      96.800000      82.939700 
 46130944      96.800000      82.943818 
 46130944      96.800000      82.952927 
 46130944      96.800000      82.946740 
 46130944      96.800000      82.956038 
 46130944      96.800000      82.955381 
 46130944      96.800000      82.950923 
 46130944      96.800000      82.942897 
 46130944      96.800000      82.957523 
 46130944      96.800000      82.953268 
 46130944      96.800000      82.955665 
 46130944      96.800000      82.932718 
 46130944      96.800000      82.951590 
 46130944      96.800000      82.947653 
 46130944      96.800000      82.941052 
 46130944      96.800000      82.954951 
 46130944      96.800000      82.931340 
 46130944      96.800000      82.945844 
 46130944      96.800000      82.933773 
 46130944      96.800000      82.953295 
 46130944      96.800000      82.950749 
 46130944      96.800000      82.948806 
 46130944      96.800000      82.938854 
 46130944      96.800000      82.929027 
 46130944      96.800000      82.947719 
 46130944      96.800000      82.935112 
 46130944      96.800000      82.947138 
 46130944      96.800000      82.937378 
 46130944      96.800000      82.947126 
 46130944      96.800000      82.931075 
 46130944      96.800000      82.964548 
 46130944      96.800000      82.948598 
 46130944      96.800000      82.922874 
 46130944      96.800000      82.931148 
 46130944      96.800000      82.929323 
 46130944      96.800000      82.944135 
 46130944      96.800000      82.936469 
 46130944      96.800000      82.935062 
 46130944      96.800000      82.933605 
 46130944      96.800000      82.964814 
 46130944      96.800000      82.940029 
 46130944      96.800000      82.936904 
 46130944      96.800000      82.936764 
 46130944      96.800000      82.934359 
 46130944      96.800000      82.930733 
 46130944      96.800000      82.942244 
 46130944      96.800000      82.938696 
 46130944      96.800000      82.931339 
 46130944      96.800000      82.937519 
 46130944      96.800000      82.935650 
 46130944      96.800000      82.922282 
 46130944      96.800000      82.951740 
 46130944      96.800000      82.946938 
 46130944      96.800000      82.945207 
 46130944      96.800000      82.920211 
 46130944      96.800000      82.939114 
 46130944      96.800000      82.944438 
 46130944      96.800000      82.935386 
 46130944      96.800000      82.938810 
 46130944      96.800000      82.935773 
 46130944      96.800000      82.937896 
 46130944      96.800000      82.946596 
 46130944      96.800000      82.944816 
 46130944      96.800000      82.949558 
 46130944      96.800000      82.952735 
 46130944      96.800000      82.941895 
 46130944      96.800000      82.937005 
 46130944      96.800000      82.939053 
 46130944      96.800000      82.937957 
 46130944      96.800000      82.946363 
 46130944      96.800000      82.936780 
 46130944      96.800000      82.957002 
 46130944      96.800000      82.949261 
 46130944      96.800000      82.937907 
 46130944      96.800000      82.936161 
 46130944      96.800000      82.951892 
 46130944      96.800000      82.934587 
 46130944      96.800000      82.934053 
 46130944      96.800000      82.935706 
 46130944      96.800000      82.945901 
 46130944      96.800000      82.949865 
 46130944      96.800000      82.951226 
 46130944      96.800000      82.929288 
 46130944      96.800000      82.944016 
 46130944      96.800000      82.943750 
 46130944      96.800000      82.948851 
 46130944      96.800000      82.943113 
 46130944      96.800000      82.945933 
 46130944      96.800000      82.952528 
 46130944      96.800000      82.938682 
 46130944      96.800000      82.954955 
 46130944      96.800000      82.924415 
 46130944      96.800000      82.957113 
 46130944      96.800000      82.934970 
 46130944      96.800000      82.946517 
 46130944      96.800000      82.941020 
 46130944      96.800000      82.945327 
 46130944      96.800000      82.936050 
 46130944      96.800000      82.952173 
 46130944      96.800000      82.948389 
 46130944      96.800000      82.934622 
 46130944      96.800000      82.943143 
 46130944      96.800000      82.954244 
 46130944      96.800000      82.942110 
 46130944      96.800000      82.957857 
 46130944      96.800000      82.953769 
 46130944      96.800000      82.936238 
 46130944      96.800000      82.937673 
 46130944      96.800000      82.957398 
 46130944      96.800000      82.936034 
 46130944      96.800000      82.959333 
 46130944      96.800000      82.961105 
 46130944      96.800000      82.937973 
 46130944      96.800000      82.945059 
 46130944      96.800000      82.945839 
 46130944      96.800000      82.948507 
 46130944      96.800000      82.950057 
 46130944      96.800000      82.936045 
 46130944      96.800000      82.940826 
 46130944      96.800000      82.952411 
 46130944      96.800000      82.949743 
 46130944      96.800000      82.947952 
 46130944      96.800000      82.939553 
 46130944      96.800000      82.948486 
 46130944      96.800000      82.943294 
 46130944      96.800000      82.935792 
 46130944      96.800000      82.946508 
 46130944      96.800000      82.947681 
 46130944      96.800000      82.957410 
 46130944      96.800000      82.940921 
 46130944      96.800000      82.940765 
 46130944      96.800000      82.945701 
 46130944      96.800000      82.954557 
 46130944      96.800000      82.944904 
 46130944      96.800000      82.932036 
 46130944      96.800000      82.935317 
 46130944      96.800000      82.930282 
 46130944      96.800000      82.946283 
 46130944      96.800000      82.928704 
 46130944      96.800000      82.933241 
 46130944      96.800000      82.937461 
 46130944      96.800000      82.931369 
 46130944      96.800000      82.932693 
 46130944      96.800000      82.924427 
 46130944      96.800000      82.929261 
 46130944      96.800000      82.933475 
 46130944      96.800000      82.928718 
 46130944      96.800000      82.953423 
 46130944      96.800000      82.940448 
 46130944      96.800000      82.948125 
 46130944      96.800000      82.948368 
 46130944      96.800000      82.935949 
 46130944      96.800000      82.925203 
 46130944      96.800000      82.927666 
 46130944      96.800000      82.941388 
 46130944      96.800000      82.937454 
 46130944      96.800000      82.924898 
 46130944      96.800000      82.936678 
 46130944      96.800000      82.930417 
 46130944      96.800000      82.940549 
 46130944      96.800000      82.932661 
 46130944      96.800000      82.943114 
 46130944      96.800000      82.945148 
 46130944      96.800000      82.941103 
 46130944      96.800000      82.930217 
 46130944      96.800000      82.942498 
 46130944      96.800000      82.943162 
 46130944      96.800000      82.920507 
 46130944      96.800000      82.934637 
 46130944      96.800000      82.929750 
 46130944      96.800000      82.941777 
 46130944      96.800000      82.946004 
 46130944      96.800000      82.935810 
 46130944      96.800000      82.932789 
 46130944      96.800000      82.930065 
 46130944      96.800000      82.944034 
 46130944      96.800000      82.943330 
 46130944      96.800000      82.941437 
 46130944      96.800000      82.941889 
 46130944      96.800000      82.933495 
 46130944      96.800000      82.928956 
 46130944      96.800000      82.933669 
 46130944      96.800000      82.936960 
 46130944      96.800000      82.945654 
 46130944      96.800000      82.941379 
 46130944      96.800000      82.939033 
 46130944      96.800000      82.945111 
 46130944      96.800000      82.956272 
 46130944      96.800000      82.934526 
 46130944      96.800000      82.935884 
 46130944      96.800000      82.942474 
 46130944      96.800000      82.955428 
 46130944      96.800000      82.939629 
 46130944      96.800000      82.926394 
 46130944      96.800000      82.943425 
 46130944      96.800000      82.936215 
 46130944      96.800000      82.936284 
 46128384      96.800000      79.664599 
 46128384      96.800000      79.645109 
 46128384      96.800000      79.649998 
 46128384      96.800000      79.657526 
 46128384      96.800000      79.634217 
 46128384      96.800000      79.634076 
 46128384      96.800000      79.656578 
 46128384      96.800000      79.657359 
 46128384      96.800000      79.648339 
 46128384      96.800000      79.645460 
 46128384      96.800000      79.659221 
 46128384      96.800000      79.649503 
 46128384      96.800000      79.651803 
 46128384      96.800000      79.650257 
 46128384      96.800000      79.641495 
 46128384      96.800000      79.651402 
 46128384      96.800000      79.646771 
 46128384      96.800000      79.678971 
 46128384      96.800000      79.656479 
 46128384      96.800000      79.637992 
 46128384      96.800000      79.652208 
 46128384      96.800000      79.655975 
 46128384      96.800000      79.649219 
 46128384      96.800000      79.660090 
 46128384      96.800000      79.661020 
 46128384      96.800000      79.644723 
 46128384      96.800000      79.663951 
 46128384      96.800000      79.650438 
 46128384      96.800000      79.655432 
 46128384      96.800000      79.639939 
 46128384      96.800000      79.659424 
 46128384      96.800000      79.642525 
 46128384      96.800000      79.658231 
 46128384      96.800000      79.648225 
 46128384      96.800000      79.649532 
 46128384      96.800000      79.649807 
 46128384      96.800000      79.655822 
 46128384      96.800000      79.649629 
 46128384      96.800000      79.658285 
 46128384      96.800000      79.650006 
 46128384      96.800000      79.660236 
 46128384      96.800000      79.648394 
 46128384      96.800000      79.638868 
 46128384      96.800000      79.629904 
 46128384      96.800000      79.656630 
 46128384      96.800000      79.662881 
 46128384      96.800000      79.656621 
 46128384      96.800000      79.635844 
 46128384      96.800000      79.658752 
 46128384      96.800000      79.663190 
 46128384      96.800000      79.661713 
 46128384      96.800000      79.652505 
 46128384      96.800000      79.657942 
 46128384      96.800000      79.647041 
 46128384      96.800000      79.652899 
 46128384      96.800000      79.664685 
 46128384      96.800000      79.642635 
 46128384      96.800000      79.666093 
 46128384      96.800000      79.664785 
 46128384      96.800000      79.657270 
 46128384      96.800000      79.641996 
 46128384      96.800000      79.630375 
 46128384      96.800000      79.638967 
 46128384      96.800000      79.637616 
 46128384      96.800000      79.637906 
 46128384      96.800000      79.645341 
 46128384      96.800000      79.625088 
 46128384      96.800000      79.646584 
 46128384      96.800000      79.647718 
 46128384      96.800000      79.642894 
 46128384      96.800000      79.644850 
 46128384      96.800000      79.652779 
 46128384      96.800000      79.651986 
 46128384      96.800000      79.644343 
 46128384      96.800000      79.623483 
 46128384      96.800000      79.653122 
 46128384      96.800000      79.649403 
 46128384      96.800000      79.622896 
 46128384      96.800000      79.634187 
 46128384      96.800000      79.626400 
 46128384      96.800000      79.641287 
 46128384      96.800000      79.620421 
 46128384      96.800000      79.641273 
 46128384      96.800000      79.627165 
 46128384      96.800000      79.630886 
 46128384      96.800000      79.645770 
 46128384      96.800000      79.645433 
 46128384      96.800000      79.646967 
 46128384      96.800000      79.636822 
 46128384      96.800000      79.642780 
 46128384      96.800000      79.632015 
 46128384      96.800000      79.649540 
 46128384      96.800000      79.638906 
 46128384      96.800000      79.634278 
 46128384      96.800000      79.634022 
 46128384      96.800000      79.634163 
 46128384      96.800000      79.633258 
 46128384      96.800000      79.624282 
 46128384      96.800000      79.640418 
 46128384      96.800000      79.652789 
 46128384      96.800000      79.640253 
 46128384      96.800000      79.670252 
 46128384      96.800000      79.652248 
 46128384      96.800000      79.643489 
 46128384      96.800000      79.637185 
 46128384      96.800000      79.637702 
 46128384      96.800000      79.646643 
 46128384      96.800000      79.634876 
 46128384      96.800000      79.643491 
 46128384      96.800000      79.643664 
 46128384      96.800000      79.639396 
 46128384      96.800000      79.632111 
 46128384      96.800000      79.616719 
 46128384      96.800000      79.636738 
 46128384      96.800000      79.647436 
 46128384      96.800000      79.637969 
 46128384      96.800000      79.644148 
 46128384      96.800000      79.637256 
 46128384      96.800000      79.645100 
 46128384      96.800000      79.630501 
 46128384      96.800000      79.640033 
 46128384      96.800000      79.635820 
 46128384      96.800000      79.632400 
 46128384      96.800000      79.653844 
 46128384      96.800000      79.642269 
 46128384      96.800000      79.665678 
 46128384      96.800000      79.658618 
 46128384      96.800000      79.657954 
 46128384      96.800000      79.653887 
 46128384      96.800000      79.650301 
 46128384      96.800000      79.646109 
 46128384      96.800000      79.646466 
 46128384      96.800000      79.670522 
 46128384      96.800000      79.653396 
 46128384      96.800000      79.666660 
 46128384      96.800000      79.660701 
 46128384      96.800000      79.650676 
 46128384      96.800000      79.646012 
 46128384      96.800000      79.653553 
 46128384      96.800000      79.649823 
 46128384      96.800000      79.666118 
 46128384      96.800000      79.651640 
 46128384      96.800000      79.642952 
 46128384      96.800000      79.655429 
 46128384      96.800000      79.650336 
 46128384      96.800000      79.653740 
 46128384      96.800000      79.638500 
 46128384      96.800000      79.657221 
 46128384      96.800000      79.664766 
 46128384      96.800000      79.649673 
 46128384      96.800000      79.658402 
 46128384      96.800000      79.657609 
 46128384      96.800000      79.634857 
 46128384      96.800000      79.654171 
 46128384      96.800000      79.652981 
 46128384      96.800000      79.640365 
 46128384      96.800000      79.653438 
 46128384      96.800000      79.648178 
 46128384      96.800000      79.671541 
 46128384      96.800000      79.647830 
 46128384      96.800000      79.660826 
 46128384      96.800000      79.639781 
 46128384      96.800000      79.653344 
 46128384      96.800000      79.654246 
 46128384      96.800000      79.664841 
 46128384      96.800000      79.656664 
 46128384      96.800000      79.659856 
 46128384      96.800000      79.668702 
 46128384      96.800000      79.641900 
 46128384      96.800000      79.656119 
 46128384      96.800000      79.651343 
 46128384      96.800000      79.661175 
 46128384      96.800000      79.652335 
 46128384      96.800000      79.647815 
 46128384      96.800000      79.652722 
 46128384      96.800000      79.670757 
 46128384      96.800000      79.644877 
 46128384      96.800000      79.653280 
 46128384      96.800000      79.656249 
 46128384      96.800000      79.635254 
 46128384      96.800000      79.655815 
 46128384      96.800000      79.645787 
 46128384      96.800000      79.628081 
 46128384      96.800000      79.651646 
 46128384      96.800000      79.637333 
 46128384      96.800000      79.639215 
 46128384      96.800000      79.647661 
 46128384      96.800000      79.642614 
 46128384      96.800000      79.632328 
 46128384      96.800000      79.644650 
 46128384      96.800000      79.633088 
 46128384      96.800000      79.632022 
 46128384      96.800000      79.630555 
 46128384      96.800000      79.634861 
 46128384      96.800000      79.639847 
 46128384      96.800000      79.645594 
 46128384      96.800000      79.648822 
 46128384      96.800000      79.641795 
 46128384      96.800000      79.633058 
 46128384      96.800000      79.636889 
 46128384      96.800000      79.642512 
 46128384      96.800000      79.646318 
 46128384      96.800000      79.629416 
 46128384      96.800000      79.639271 
 46128384      96.800000      79.646599 
 46128384      96.800000      79.634000 
 46128384      96.800000      79.663596 
 46128384      96.800000      79.630848 
 46128384      96.800000      79.656846 
 46128384      96.800000      79.635530 
 46128384      96.800000      79.634124 
 46128384      96.800000      79.642642 
 46128384      96.800000      79.634439 
 46128384      96.800000      79.645985 
 46128384      96.800000      79.642338 
 46128384      96.800000      79.641975 
 46128384      96.800000      79.635495 
 46128384      96.800000      79.638414 
 46128384      96.800000      79.632371 
 46128384      96.800000      79.630538 
 46128384      96.800000      79.647958 
 46128384      96.800000      79.638621 
 46128384      96.800000      79.641014 
 46128384      96.800000      79.650165 
 46128384      96.800000      79.637472 
 46128384      96.800000      79.627141 
 46128384      96.800000      79.646566 
 46128384      96.800000      79.644610 
 46128384      96.800000      79.631041 
 46128384      96.800000      79.639534 
 46128384      96.800000      79.637104 
 46128384      96.800000      79.635444 
 46128384      96.800000      79.650119 
 46128384      96.800000      79.615850 
 46128384      96.800000      79.661638 
 46128384      96.800000      79.647755 
 46128384      96.800000      79.647666 
 46128384      96.800000      79.652383 
 46128384      96.800000      79.646237 
 46128384      96.800000      79.660755 
 46128384      96.800000      79.655666 
 46128384      96.800000      79.638215 
 46128384      96.800000      79.637394 
 46128384      96.800000      79.651030 
 46128384      96.800000      79.646627 
 46128384      96.800000      79.657474 
 46128384      96.800000      79.656340 
 46128384      96.800000      79.644420 
 46128384      96.800000      79.647587 
 46128384      96.800000      79.659100 
 46128384      96.800000      79.637245 
 46128384      96.800000      79.640531 
 46128384      96.800000      79.651546 
 46128384      96.800000      79.657722 
 46128384      96.800000      79.656490 
 46128384      96.800000      79.661447 
 46128384      96.800000      79.654848 
 46128384      96.800000      79.644959 
 46128384      96.800000      79.646682 
 46128384      96.800000      79.656683 
 46128384      96.800000      79.682675 
 46128384      96.800000      79.648745 
 46128384      96.800000      79.644800 
 46128384      96.800000      79.646465 
 46128384      96.800000      79.640977 
 46128384      96.800000      79.649808 
 46128384      96.800000      79.658145 
 46128384      96.800000      79.643046 
 46128384      96.800000      79.658879 
 46128384      96.800000      79.644975 
 46128384      96.800000      79.642536 
 46128384      96.800000      79.655861 
 46128384      96.800000      79.637758 
 46128384      96.800000      79.653192 
 46128384      96.800000      79.649392 
 46128384      96.800000      79.634417 
 46128384      96.800000      79.651721 
 46128384      96.800000      79.657023 
 46128384      96.800000      79.647334 
 46128384      96.800000      79.652162 
 46128384      96.800000      79.643579 
 46128384      96.800000      79.651470 
 46128384      96.800000      79.639852 
 46128384      96.800000      79.645275 
 46128384      96.800000      79.655139 
 46128384      96.800000      79.656961 
 46128384      96.800000      79.668282 
 46128384      96.800000      79.643658 
 46128384      96.800000      79.646298 
 46128384      96.800000      79.638877 
 46128384      96.800000      79.650370 
 46128384      96.800000      79.637024 
 46128384      96.800000      79.647363 
 46128384      96.800000      79.620383 
 46128384      96.800000      79.643229 
 46128384      96.800000      79.642139 
 46128384      96.800000      79.634791 
 46128384      96.800000      79.639697 
 46128384      96.800000      79.633217 
 46128384      96.800000      79.641204 
 46128384      96.800000      79.644549 
 46128384      96.800000      79.628643 
 46128384      96.800000      79.638950 
 46128384      96.800000      79.662520 
 46128384      96.800000      79.640415 
 46128384      96.800000      79.633649 
 46128384      96.800000      79.616229 
 46128384      96.800000      79.637753 
 46128384      96.800000      79.649025 
 46128384      96.800000      79.642079 
 46128384      96.800000      79.639115 
 46128384      96.800000      79.633893 
 46128384      96.800000      79.639624 
 46128384      96.800000      79.631232 
 46128384      96.800000      79.639368 
 46128384      96.800000      79.651852 
 46128384      96.800000      79.636239 
 46128384      96.800000      79.638700 
 46128384      96.800000      79.633858 
 46128384      96.800000      79.649376 
 46128384      96.800000      79.649708 
 46128384      96.800000      79.647230 
 46128384      96.800000      79.628854 
 46128384      96.800000      79.631790 
 46128384      96.800000      79.650498 
 46128384      96.800000      79.639620 
 46128384      96.800000      79.644233 
 46128384      96.800000      79.634517 
 46128384      96.800000      79.641339 
 46128384      96.800000      79.641988 
 46128384      96.800000      79.624696 
 46128384      96.800000      79.644063 
 46128384      96.800000      79.643449 
 46128384      96.800000      79.638794 
 46128384      96.800000      79.643757 
 46128384      96.800000      79.641213 
 46128384      96.800000      79.633717 
 46128384      96.800000      79.650605 
 46128384      96.800000      79.634634 
 46128384      96.800000      79.631051 
 46128384      96.800000      79.641410 
 46128384      96.800000      79.625526 
 46128384      96.800000      79.625922 
 46128384      96.800000      79.638259 
 46128384      96.800000      79.632523 
 46128384      96.800000      79.641444 
 46128384      96.800000      79.646653 
 46128384      96.800000      79.625695 
 46128384      96.800000      79.644342 
 46128384      96.800000      79.640227 
 46128384      96.800000      79.636087 
 46128384      96.800000      79.649568 
 46128384      96.800000      79.645486 
 46128384      96.800000      79.638964 
 46128384      96.800000      79.648130 
 46128384      96.800000      79.654252 
 46128384      96.800000      79.654803 
 46128384      96.800000      79.662566 
 46128384      96.800000      79.646202 
 46128384      96.800000      79.663269 
 46128384      96.800000      79.643975 
 46128384      96.800000      79.645274 
 46128384      96.800000      79.644097 
 46128384      96.800000      79.640460 
 46128384      96.800000      79.648989 
 46128384      96.800000      79.653625 
 46128384      96.800000      79.642607 
 46128384      96.800000      79.653734 
 46128384      96.800000      79.653377 
 46128384      96.800000      79.651677 
 46128384      96.800000      79.659425 
 46128384      96.800000      79.640529 
 46128384      96.800000      79.649471 
 46128384      96.800000      79.652135 
 46128384      96.800000      79.643726 
 46128384      96.800000      79.654527 
 46128384      96.800000      79.648591 
 46128384      96.800000      79.647040 
 46128384      96.800000      79.655515 
 46128384      96.800000      79.660623 
 46128384      96.800000      79.657338 
 46128384      96.800000      79.674868 
 46128384      96.800000      79.665658 
 46128384      96.800000      79.659074 
 46128384      96.800000      79.645124 
 46128384      96.800000      79.656807 
 46128384      96.800000      79.648127 
 46128384      96.800000      79.653270 
 46128384      96.800000      79.655290 
 46128384      96.800000      79.669386 
 46128384      96.800000      79.644805 
 46128384      96.800000      79.646787 
 46128384      96.800000      79.660225 
 46128384      96.800000      79.656757 
 46128384      96.800000      79.655662 
 46128384      96.800000      79.647507 
 46128384      96.800000      79.643241 
 46128384      96.800000      79.651649 
 46128384      96.800000      79.643620 
 46128384      96.800000      79.656986 
 46128384      96.800000      79.642565 
 46128384      96.800000      79.640810 
 46128384      96.800000      79.658322 
 46128384      96.800000      79.660167 
 46128384      96.800000      79.662387 
 46128384      96.800000      79.661178 
 46128384      96.800000      79.652502 
 46128384      96.800000      79.658912 
 46128384      96.800000      79.666563 
 46128384      96.800000      79.666164 
 46128384      96.800000      79.657667 
 46128384      96.800000      79.651064 
 46128384      96.800000      79.660187 
 46128384      96.800000      79.649094 
 46128384      96.800000      79.639819 
 46128384      96.800000      79.633338 
 46128384      96.800000      79.646751 
 46128384      96.800000      79.646806 
 46128384      96.800000      79.638489 
 46128384      96.800000      79.636181 
 46128384      96.800000      79.641351 
 46128384      96.800000      79.640597 
 46128384      96.800000      79.641802 
 46128384      96.800000      79.631293 
 46128384      96.800000      79.639587 
 46128384      96.800000      79.648783 
 46128384      96.800000      79.646486 
 46128384      96.800000      79.660483 
 46128384      96.800000      79.629581 
 46128384      96.800000      79.637556 
 46128384      96.800000      79.637844 
 46128384      96.800000      79.635778 
 46128384      96.800000      79.647535 
 46128384      96.800000      79.644603 
 46128384      96.800000      79.636370 
 46128384      96.800000      79.625881 
 46128384      96.800000      79.647900 
 46128384      96.800000      79.629890 
 46128384      96.800000      79.634416 
 46128384      96.800000      79.622443 
 46128384      96.800000      79.636550 
 46128384      96.800000      79.641224 
 46128384      96.800000      79.642663 
 46128384      96.800000      79.634594 
 46128384      96.800000      79.633577 
 46128384      96.800000      79.642096 
 46128384      96.800000      79.628273 
 46128384      96.800000      79.636056 
 46128384      96.800000      79.657114 
 46128384      96.800000      79.641045 
 46128384      96.800000      79.631044 
 46128384      96.800000      79.646809 
 46128384      96.800000      79.641352 
 46128384      96.800000      79.645722 
 46128384      96.800000      79.639677 
 46128384      96.800000      79.653035 
 46128384      96.800000      79.640797 
 46128384      96.800000      79.636887 
 46128384      96.800000      79.626233 
 46128384      96.800000      79.632021 
 46128384      96.800000      79.641021 
 46128384      96.800000      79.646861 
 46128384      96.800000      79.646801 
 46128384      96.800000      79.639608 
 46128384      96.800000      79.661325 
 46128384      96.800000      79.651101 
 46128384      96.800000      79.643060 
 46128384      96.800000      79.639089 
 46128384      96.800000      79.637181 
 46128384      96.800000      79.632555 
 46128384      96.800000      79.632945 
 46128384      96.800000      79.657500 
 46128384      96.800000      79.636776 
 46128384      96.800000      79.642232 
 46128384      96.800000      79.626050 
 46128384      96.800000      79.649175 
 46128384      96.800000      79.652972 
 46128384      96.800000      79.640994 
 46128384      96.800000      79.638158 
 46128384       0.400000      79.651523 
 46128384      10.400000      79.651670 
 46128384      96.800000      79.651631 
 37856256      96.800000      78.755669 
 37856256      96.800000      78.770577 
 37856256      96.800000      78.759976 
 37856256      96.800000      78.758956 
 37856256      96.800000      78.759961 
 37856256      96.800000      78.774091 
 37856256      96.800000      78.760204 
 37856256      96.800000      78.754519 
 37856256      96.800000      78.764281 
 37856256      96.800000      78.764075 
 37856256      96.800000      78.761147 
 37856256      96.800000      78.774565 
 37856256      96.800000      78.767160 
 37856256      96.800000      78.758272 
 37856256      96.800000      78.774739 
 37856256      96.800000      78.782863 
 37856256      96.800000      78.771090 
 37856256      96.800000      78.752680 
 37856256      96.800000      78.761817 
 37856256      96.800000      78.761562 
 37856256      96.800000      78.766911 
 37856256      96.800000      78.768717 
 37856256      96.800000      78.780506 
 37856256      96.800000      78.753879 
 37856256      96.800000      78.748160 
 37856256      96.800000      78.750566 
 37856256      96.800000      78.749549 
 37856256      96.800000      78.739897 
 37856256      96.800000      78.753026 
 37856256      96.800000      78.760902 
 37856256      96.800000      78.774252 
 37856256      96.800000      78.757873 
 37856256      96.800000      78.754593 
 37856256      96.800000      78.752420 
 37856256      96.800000      78.750003 
 37856256      96.800000      78.757461 
 37856256      96.800000      78.757650 
 37856256      96.800000      78.758530 
 37856256      96.800000      78.749305 
 37856256      96.800000      78.748074 
 37856256      96.800000      78.747566 
 37856256      96.800000      78.727304 
 37856256      96.800000      78.763582 
 37856256      96.800000      78.779449 
 37856256      96.800000      78.752555 
 37856256      96.800000      78.758894 
 37856256      96.800000      78.759506 
 37856256      96.800000      78.763968 
 37856256      96.800000      78.750923 
 37856256      96.800000      78.772869 
 37856256      96.800000      78.774547 
 37856256      96.800000      78.774392 
 37856256      96.800000      78.769710 
 37856256      96.800000      78.757239 
 37856256      96.800000      78.762909 
 37856256      96.800000      78.773369 
 37856256      96.800000      78.790305 
 37856256      96.800000      78.758762 
 37856256      96.800000      78.753698 
 37856256      96.800000      78.765001 
 37856256      96.800000      78.767996 
 37856256      96.800000      78.782808 
 37856256      96.800000      78.769214 
 37856256      96.800000      78.760525 
 37856256      96.800000      78.753438 
 37856256      96.800000      78.756329 
 37856256      96.800000      78.751497 
 37856256      96.800000      78.751872 
 37856256      96.800000      78.750246 
 37856256      96.800000      78.744723 
 37856256      96.800000      78.754406 
 37856256      96.800000      78.765493 
 37856256      96.800000      78.757024 
 37856256      96.800000      78.755579 
 37856256      96.800000      78.766348 
 37856256      96.800000      78.755303 
 37856256      96.800000      78.760060 
 37856256      96.800000      78.743150 
 37856256      96.800000      78.757981 
 37856256      96.800000      78.756614 
 37856256      96.800000      78.738522 
 37856256      96.800000      78.750237 
 37856256      96.800000      78.753016 
 37856256      96.800000      78.747301 
 37856256      96.800000      78.755579 
 37856256      96.800000      78.748787 
 37856256      96.800000      78.758362 
 37856256      96.800000      78.760221 
 37856256      96.800000      78.731335 
 37856256      96.800000      78.749172 
 37856256      96.800000      78.752001 
 37856256      96.800000      78.762409 
 37856256      96.800000      78.770286 
 37856256      96.800000      78.775852 
 37856256      96.800000      78.749182 
 37856256      96.800000      78.766206 
 37856256      96.800000      78.763812 
 37856256      96.800000      78.771640 
 37856256      96.800000      78.752071 
 37856256      96.800000      78.770527 
 37856256      96.800000      78.768685 
 37856256      96.800000      78.766921 
 37856256      96.800000      78.775231 
 37856256      96.800000      78.772339 
 37856256      96.800000      78.770511 
 37856256      96.800000      78.760656 
 37856256      96.800000      78.759631 
 37856256      96.800000      78.767525 
 37856256      96.800000      78.757828 
 37856256      96.800000      78.768808 
 37856256      96.800000      78.770642 
 37856256      96.800000      78.765268 
 37856256      96.800000      78.753432 
 37856256      96.800000      78.785396 
 37856256      96.800000      78.739143 
 37856256      96.800000      78.749969 
 37856256      96.800000      78.747763 
 37856256      96.800000      78.745703 
 37856256      96.800000      78.744885 
 37856256      96.800000      78.761043 
 37856256      96.800000      78.752556 
 37856256      96.800000      78.743146 
 37856256      96.800000      78.756920 
 37856256      96.800000      78.751641 
 37856256      96.800000      78.746882 
 37856256      96.800000      78.744918 
 37856256      96.800000      78.759407 
 37856256      96.800000      78.765159 
 37856256      10.400000      78.765334 
 37856256      96.800000      78.773323 
 37856256      96.800000      78.784337 
 37856256      96.800000      78.767019 
 37856256      96.800000      78.779555 
 37856256      96.800000      78.761603 
 37856256      96.800000      78.763630 
 37856256      96.800000      78.780140 
 37856256      96.800000      78.758742 
 37856256      96.800000      78.767960 
 37856256      96.800000      78.751376 
 37856256      96.800000      78.776870 
 37856256      96.800000      78.759715 
 37856256      96.800000      78.767722 
 37856256      96.800000      78.767291 
 37856256      96.800000      78.777156 
 37856256      96.800000      78.763924 
 37856256      96.800000      78.760944 
 37856256      96.800000      78.781139 
 37856256      96.800000      78.761386 
 37856256      96.800000      78.754027 
 37856256      96.800000      78.757318 
 37856256      96.800000      78.752907 
 37856256      96.800000      78.757958 
 37856256      96.800000      78.766347 
 37856256      96.800000      78.770475 
 37856256      96.800000      78.745027 
 37856256      96.800000      78.758024 
 37856256      96.800000      78.752709 
 37856256      96.800000      78.749326 
 37856256      96.800000      78.754439 
 37856256      96.800000      78.743254 
 37856256      96.800000      78.760678 
 37856256      96.800000      78.759255 
 37856256      96.800000      78.749459 
 37856256      96.800000      78.755461 
 37856256      96.800000      78.754652 
 37856256      96.800000      78.742761 
 37856256      96.800000      78.766403 
 37856256      96.800000      78.751212 
 37856256      96.800000      78.737921 
 37856256      96.800000      78.744763 
 37856256      96.800000      78.757717 
 37856256      96.800000      78.746313 
 37856256      96.800000      78.735672 
 37856256      96.800000      78.748013 
 37856256      96.800000      78.742097 
 37856256      96.800000      78.751313 
 37856256      96.800000      78.753126 
 37856256      96.800000      78.765396 
 37856256      96.800000      78.757430 
 37856256      96.800000      78.770670 
 37856256      96.800000      78.742743 
 37856256       0.400000      78.765581 
 37856000      96.800000    -107.742715 
 37856000      96.800000    -107.741239 
 37856000      96.800000    -107.732053 
 37856000      96.800000    -107.753505 
 37856000      96.800000    -107.732160 
 37856000      96.800000    -107.762848 
 37856000      96.800000    -107.740782 
 37856000      96.800000    -107.740921 
 37856000      96.800000    -107.739086 
 37856000      96.800000    -107.754573 
 37856000      96.800000    -107.732972 
 37856000      96.800000    -107.740534 
 37856000      96.800000    -107.740675 
 37856000      96.800000    -107.742636 
 37856000      96.800000    -107.739238 
 37856000      96.800000    -107.755559 
 37856000      96.800000    -107.750678 
 37856000      96.800000    -107.739282 
 37856000      96.800000    -107.736198 
 37856000      96.800000    -107.761672 
 37856000      96.800000    -107.758605 
 37856000      96.800000    -107.748286 
 37856000      96.800000    -107.783440 
 37856000      96.800000    -107.774935 
 37856000      96.800000    -107.776517 
 37856000      96.800000    -107.766425 
 37856000      96.800000    -107.768550 
 37856000      96.800000    -107.772118 
 37856000      96.800000    -107.752042 
 37856000      96.800000    -107.764473 
 37856000      96.800000    -107.759224 
 37856000      96.800000    -107.752014 
 37856000      96.800000    -107.773064 
 37856000      96.800000    -107.784718 
 37856000      96.800000    -107.753515 
 37856000      96.800000    -107.764082 
 37856000      96.800000    -107.767543 
 37856000      96.800000    -107.785321 
 37856000      96.800000    -107.763193 
 37856000      96.800000    -107.751950 
 37856000      96.800000    -107.757952 
 37856000      96.800000    -107.735039 
 37856000      96.800000    -107.739471 
 37856000      96.800000    -107.754223 
 37856000      96.800000    -107.741514 
 37856000      96.800000    -107.749167 
 37856000      96.800000    -107.735601 
 37856000      96.800000    -107.740897 
 37856000      96.800000    -107.729330 
 37856000      96.800000    -107.736056 
 37856000      96.800000    -107.747071 
 37856000      96.800000    -107.737794 
 37856000      96.800000    -107.735525 
 37856000      96.800000    -107.723797 
 37856000      96.800000    -107.725743 
 37856000      96.800000    -107.746509 
 37856000      96.800000    -107.753021 
 37856000      96.800000    -107.724096 
 37856000      96.800000    -107.735094 
 37856000      96.800000    -107.733215 
 37856000      96.800000    -107.725669 
 37856000      96.800000    -107.737660 
 37856000      96.800000    -107.736405 
 37856000      96.800000    -107.761485 
 37856000      96.800000    -107.784940 
 37856000      96.800000    -107.744852 
 37856000      96.800000    -107.750967 
 37856000      96.800000    -107.762495 
 37856000      96.800000    -107.749501 
 37856000      96.800000    -107.756629 
 37856000      96.800000    -107.773205 
 37856000      96.800000    -107.764186 
 37856000      96.800000    -107.758500 
 37856000      96.800000    -107.755465 
 37856000      96.800000    -107.758986 
 37856000      96.800000    -107.766411 
 37856000      96.800000    -107.776173 
 37856000      96.800000    -107.777761 
 37856000      96.800000    -107.776748 
 37856000      96.800000    -107.758248 
 37856000      96.800000    -107.766669 
 37856000      96.800000    -107.773155 
 37856000      96.800000    -107.757934 
 37856000      96.800000    -107.742254 
 37856000      96.800000    -107.733683 
 37856000      96.800000    -107.747030 
 37856000      96.800000    -107.735358 
 37856000      96.800000    -107.746296 
 37856000      96.800000    -107.730374 
 37856000      96.800000    -107.739321 
 37856000      96.800000    -107.727065 
 37856000      96.800000    -107.724084 
 37856000      96.800000    -107.736034 
 37856000      96.800000    -107.744099 
 37856000      96.800000    -107.747338 
 37856000      96.800000    -107.735638 
 37856000      96.800000    -107.751796 
 37856000      96.800000    -107.728165 
 37856000      96.800000    -107.721310 
 37856000      96.800000    -107.743188 
 37856000      96.800000    -107.744477 
 37856000      96.800000    -107.742613 
 37856000      96.800000    -107.726712 
 37856000      96.800000    -107.739610 
 37856000      96.800000    -107.733931 
 37856000      96.800000    -107.736931 
 37856000      96.800000    -107.736607 
 37856000      96.800000    -107.766131 
 37856000      96.800000    -107.767018 
 37856000      96.800000    -107.762950 
 37856000      96.800000    -107.754790 
 37856000      96.800000    -107.773571 
 37856000      96.800000    -107.765214 
 37856000      96.800000    -107.754684 
 37856000      96.800000    -107.759888 
 37856000      96.800000    -107.768860 
 37856000      96.800000    -107.773672 
 37856000      96.800000    -107.772952 
 37856000      96.800000    -107.767855 
 37856000      96.800000    -107.767651 
 37856000      96.800000    -107.768367 
 37856000      96.800000    -107.761949 
 37856000      96.800000    -107.761689 
 37856000      96.800000    -107.767903 
 37856000      96.800000    -107.760664 
 37856000      96.800000    -107.764991 
 37856000      96.800000    -107.775899 
 37856000      96.800000    -107.767312 
 37856000      96.800000    -107.778105 
 37856000      96.800000    -107.763654 
 37856000      96.800000    -107.767841 
 37856000      96.800000    -107.759575 
 37856000      96.800000    -107.752144 
 37856000      96.800000    -107.770412 
 37856000      96.800000    -107.742592 
 37856000      96.800000    -107.742041 
 37856000       0.400000    -107.741659 
 37856000      96.800000    -107.743783 
 37856000      10.400000    -107.741936 
 37856000      96.800000    -107.730761 
 37856000      96.800000    -107.747599 
 37856000      96.800000    -107.733681 
 37856000      96.800000    -107.733843 
 37856000      96.800000    -107.728159 
 37856000      96.800000    -107.732079 
 37856000      96.800000    -107.733027 
 37856000      96.800000    -107.738198 
 37856000      96.800000    -107.746776 
 37856000      96.800000    -107.747638 
 37856000      96.800000    -107.732934 
 37856000      96.800000    -107.740669 
 37856000      96.800000    -107.747951 
 37856000      96.800000    -107.743401 
 37856000      96.800000    -107.753639 
 37856000      96.800000    -107.738628 
 37856000      96.800000    -107.734181 
 37856000      96.800000    -107.747715 
 37856000      96.800000    -107.737982 
 37856000      96.800000    -107.757120 
 37856000      96.800000    -107.746405 
 37856000      96.800000    -107.751683 
 37856000      96.800000    -107.759738 
 37856000      96.800000    -107.766424 
 37856000      96.800000    -107.773885 
 37856000      96.800000    -107.770557 
 37856000      96.800000    -107.770144 
 37856000      96.800000    -107.765238 
 37856000      96.800000    -107.759891 
 37856000      96.800000    -107.766718 
 37856000      96.800000    -107.764815 
 37856000      96.800000    -107.770211 
 37856000      96.800000    -107.756417 
 37856000      96.800000    -107.771256 
 37856000      96.800000    -107.750133 
 37856000      96.800000    -107.752793 
 37856000      96.800000    -107.770793 
 37856000      96.800000    -107.753741 
 37856000      96.800000    -107.754256 
 37856000      96.800000    -107.779793 
 37856000      96.800000    -107.777788 
 37856000      96.800000    -107.771751 
 37856000      96.800000    -107.777272 
 46133504      96.800000    -102.622743 
 46133504      96.800000    -102.603948 
 46133504      96.800000    -102.602121 
 46133504      96.800000    -102.603368 
 46133504      96.800000    -102.595997 
 46133504      96.800000    -102.604524 
 46133504      96.800000    -102.586961 
 46133504      96.800000    -102.599395 
 46133504      96.800000    -102.584765 
 46133504      96.800000    -102.603007 
 46133504      96.800000    -102.603135 
 46133504      96.800000    -102.604664 
 46133504      96.800000    -102.619587 
 46133504      96.800000    -102.602234 
 46133504      96.800000    -102.598530 
 46133504      96.800000    -102.605153 
 46133504      96.800000    -102.590862 
 46133504      96.800000    -102.590665 
 46133504      96.800000    -102.599928 
 46133504      96.800000    -102.603768 
 46133504      96.800000    -102.608407 
 46133504      96.800000    -102.604173 
 46133504      96.800000    -102.605512 
 46133504      96.800000    -102.634318 
 46133504      96.800000    -102.610761 
 46133504      96.800000    -102.592969 
 46133504      96.800000    -102.598243 
 46133504      96.800000    -102.590608 
 46133504      96.800000    -102.595529 
 46133504      96.800000    -102.595649 
 46133504      96.800000    -102.590775 
 46133504      96.800000    -102.590549 
 46133504      96.800000    -102.606317 
 46133504      96.800000    -102.603798 
 46133504      96.800000    -102.612367 
 46133504      96.800000    -102.606370 
 46133504      96.800000    -102.610993 
 46133504      96.800000    -102.597053 
 46133504      96.800000    -102.585139 
 46133504      96.800000    -102.589404 
 46133504      96.800000    -102.602872 
 46133504      96.800000    -102.599022 
 46133504      96.800000    -102.596206 
 46133504      96.800000    -102.601327 
 46133504      96.800000    -102.580812 
 46133504      96.800000    -102.608415 
 46133504      96.800000    -102.616634 
 46133504      96.800000    -102.596537 
 46133504      96.800000    -102.616498 
 46133504      96.800000    -102.589757 
 46133504      96.800000    -102.608903 
 46133504      96.800000    -102.604742 
 46133504      96.800000    -102.603712 
 46133504      96.800000    -102.600589 
 46133504      96.800000    -102.607677 
 46133504      96.800000    -102.593500 
 46133504      96.800000    -102.594824 
 46133504      96.800000    -102.588377 
 46133504      96.800000    -102.572137 
 46133504      96.800000    -102.573727 
 46133504      96.800000    -102.583854 
 46133504      96.800000    -102.588227 
 46133504      96.800000    -102.587160 
 46133504      96.800000    -102.589861 
 46133504      96.800000    -102.592482 
 46133504      96.800000    -102.575051 
 46133504      96.800000    -102.581606 
 46133504      96.800000    -102.581784 
 46133504      96.800000    -102.586027 
 46133504      96.800000    -102.585900 
 46133504      96.800000    -102.608280 
 46133504      96.800000    -102.576321 
 46133504      96.800000    -102.572835 
 46133504      96.800000    -102.603586 
 46133504      96.800000    -102.578697 
 46133504      96.800000    -102.571038 
 46133504      96.800000    -102.573164 
 46133504      96.800000    -102.599369 
 46133504      96.800000    -102.581968 
 46133504      96.800000    -102.567484 
 46133504      96.800000    -102.584565 
 46133504      96.800000    -102.591364 
 46133504      96.800000    -102.573676 
 46133504      96.800000    -102.598159 
 46133504      96.800000    -102.589688 
 46133504      96.800000    -102.593946 
 46133504      96.800000    -102.570821 
 46133504      96.800000    -102.584810 
 46133504      96.800000    -102.579226 
 46133504      96.800000    -102.583246 
 46133504      96.800000    -102.582774 
 46133504      96.800000    -102.582662 
 46133504      96.800000    -102.578700 
 46133504      96.800000    -102.584714 
 46133504      96.800000    -102.577639 
 46133504      96.800000    -102.578368 
 46133504      96.800000    -102.578807 
 46133504      96.800000    -102.582322 
 46133504      96.800000    -102.576182 
 46133504      96.800000    -102.582884 
 46133504      96.800000    -102.581286 
 46133504      96.800000    -102.582631 
 46133504      96.800000    -102.566975 
 46133504      96.800000    -102.594291 
 46133504      96.800000    -102.574997 
 46133504      96.800000    -102.589322 
 46133504      96.800000    -102.582911 
 46133504      96.800000    -102.587154 
 46133504      96.800000    -102.590952 
 46133504      96.800000    -102.576521 
 46133504      96.800000    -102.581153 
 46133504      96.800000    -102.590838 
 46133504      96.800000    -102.586972 
 46133504      96.800000    -102.575401 
 46133504      96.800000    -102.589310 
 46133504      96.800000    -102.627521 
 46133504      96.800000    -102.589031 
 46133504      96.800000    -102.596189 
 46133504      96.800000    -102.601530 
 46133504      96.800000    -102.589997 
 46133504      96.800000    -102.614884 
 46133504      96.800000    -102.617109 
 46133504      96.800000    -102.602792 
 46133504      96.800000    -102.615254 
 46133504      96.800000    -102.606886 
 46133504      96.800000    -102.599924 
 46133504      96.800000    -102.595860 
 46133504      96.800000    -102.589556 
 46133504      96.800000    -102.613884 
 46133504      96.800000    -102.607083 
 46133504      96.800000    -102.597994 
 46133504      96.800000    -102.608725 
 46133504      96.800000    -102.601674 
 46133504      96.800000    -102.604038 
 46133504      96.800000    -102.619158 
 46133504      96.800000    -102.591412 
 46133504      96.800000    -102.600592 
 46133504      96.800000    -102.599262 
 46133504      96.800000    -102.614257 
 46133504      96.800000    -102.620162 
 46133504      96.800000    -102.594160 
 46133504      96.800000    -102.597601 
 46133504      96.800000    -102.596733 
 46133504      96.800000    -102.610592 
 46133504      96.800000    -102.597974 
 46133504      96.800000    -102.603320 
 46133504      96.800000    -102.598277 
 46133504      96.800000    -102.599660 
 46133504      96.800000    -102.597622 
 46133504      96.800000    -102.597398 
 46133504      96.800000    -102.602326 
 46133504      96.800000    -102.610616 
 46133504      96.800000    -102.609533 
 46133504      96.800000    -102.609187 
 46133504      96.800000    -102.617244 
 46133504      96.800000    -102.615341 
 46133504      96.800000    -102.604316 
 46133504      96.800000    -102.591444 
 46133504      96.800000    -102.605632 
 46133504      96.800000    -102.603769 
 46133504      96.800000    -102.603228 
 46133504      96.800000    -102.605819 
 46133504      96.800000    -102.602936 
 46133504      96.800000    -102.607831 
 46133504      96.800000    -102.601268 
 46133504      96.800000    -102.595449 
 46133504      96.800000    -102.595167 
 46133504      96.800000    -102.619649 
 46133504      96.800000    -102.582014 
 46133504      96.800000    -102.616037 
 46133504      96.800000    -102.595994 
 46133504      96.800000    -102.597096 
 46133504      96.800000    -102.593038 
 46133504      96.800000    -102.617249 
 46133504      96.800000    -102.609423 
 46133504      96.800000    -102.600524 
 46133504      96.800000    -102.608649 
 46133504      96.800000    -102.590146 
 46133504      96.800000    -102.614970 
 46133504      96.800000    -102.585966 
 46133504      96.800000    -102.589119 
 46133504      96.800000    -102.612749 
 46133504      96.800000    -102.597065 
 46133504      96.800000    -102.594870 
 46133504      96.800000    -102.590688 
 46133504      96.800000    -102.590179 
 46133504      96.800000    -102.579188 
 46133504      96.800000    -102.575615 
 46133504      96.800000    -102.598861 
 46133504      96.800000    -102.581634 
 46133504      96.800000    -102.600811 
 46133504      96.800000    -102.585051 
 46133504      96.800000    -102.584787 
 46133504      96.800000    -102.581788 
 46133504      96.800000    -102.589488 
 46133504      96.800000    -102.590548 
 46133504      96.800000    -102.585494 
 46133504      96.800000    -102.600069 
 46133504      96.800000    -102.593730 
 46133504      96.800000    -102.588029 
 46133504      96.800000    -102.587737 
 46133504      96.800000    -102.582999 
 46133504      96.800000    -102.589413 
 46133504      96.800000    -102.577314 
 46133504      96.800000    -102.588344 
 46133504      96.800000    -102.580507 
 46133504      96.800000    -102.590668 
 46133504      96.800000    -102.582495 
 46133504      96.800000    -102.583386 
 46133504      96.800000    -102.584829 
 46133504      96.800000    -102.570765 
 46133504      96.800000    -102.581776 
 46133504      96.800000    -102.580709 
 46133504      96.800000    -102.588897 
 46133504      96.800000    -102.572705 
 46133504      96.800000    -102.595902 
 46133504      96.800000    -102.593006 
 46133504      96.800000    -102.588581 
 46133504      96.800000    -102.599143 
 46133504      96.800000    -102.572446 
 46133504      96.800000    -102.577254 
 46133504      96.800000    -102.583113 
 46133504      96.800000    -102.605064 
 46133504      96.800000    -102.596542 
 46133504      96.800000    -102.589639 
 46133504      96.800000    -102.583909 
 46133504      96.800000    -102.582562 
 46133504      96.800000    -102.580041 
 46133504      96.800000    -102.587459 
 46133504      96.800000    -102.586490 
 46133504      96.800000    -102.590756 
 46133504      96.800000    -102.593288 
 46133504      96.800000    -102.584081 
 46133504      96.800000    -102.583849 
 46133504      96.800000    -102.584779 
 46133504      96.800000    -102.585204 
 46133504      96.800000    -102.593855 
 46133504      96.800000    -102.569267 
 46133504      96.800000    -102.579813 
 46133504      10.400000    -102.607152 
 46133504      96.800000    -102.604309 
 46133504      96.800000    -102.604456 
 46133504      96.800000    -102.602400 
 46133504      96.800000    -102.614523 
 46133504      96.800000    -102.607155 
 46133504      96.800000    -102.601482 
 46133504      96.800000    -102.598800 
 46133504      96.800000    -102.606089 
 46133504      96.800000    -102.587748 
 46133504      96.800000    -102.611251 
 46133504      96.800000    -102.608318 
 46133504      96.800000    -102.608542 
 46133504      96.800000    -102.584410 
 46133504      96.800000    -102.614425 
 46133504      96.800000    -102.592299 
 46133504      96.800000    -102.602911 
 46133504      96.800000    -102.609030 
 46133504      96.800000    -102.601096 
 46133504      96.800000    -102.590623 
 46133504      96.800000    -102.596054 
 46133504      96.800000    -102.593028 
 46133504      96.800000    -102.603343 
 46133504      96.800000    -102.604202 
 46133504      96.800000    -102.603965 
 46133504      96.800000    -102.617317 
 46133504      96.800000    -102.589731 
 46133504      96.800000    -102.609646 
 46133504      96.800000    -102.604395 
 46133504      96.800000    -102.605048 
 46133504      96.800000    -102.600666 
 46133504      96.800000    -102.589202 
 46133504      96.800000    -102.604399 
 46133504      96.800000    -102.605943 
 46133504      96.800000    -102.624734 
 46133504      96.800000    -102.595166 
 46133504      96.800000    -102.597916 
 46133504      96.800000    -102.607818 
 46133504      96.800000    -102.600353 
 46133504      96.800000    -102.586766 
 46133504      96.800000    -102.604776 
 46133504      96.800000    -102.608107 
 46133504      96.800000    -102.609683 
 46133504      96.800000    -102.609045 
 46133504      96.800000    -102.603685 
 46133504      96.800000    -102.592207 
 46133504      96.800000    -102.607997 
 46133504      96.800000    -102.600428 
 46133504      96.800000    -102.603498 
 46133504      96.800000    -102.605889 
 46133504      96.800000    -102.606025 
 46133504      96.800000    -102.593063 
 46133504      96.800000    -102.610593 
 46133504      96.800000    -102.604515 
 46133504      96.800000    -102.610055 
 46133504      96.800000    -102.583904 
 46133504      96.800000    -102.575801 
 46133504      96.800000    -102.598892 
 46133504      96.800000    -102.602667 
 46133504      96.800000    -102.593626 
 46133504      96.800000    -102.585611 
 46133504      96.800000    -102.598553 
 46133504      96.800000    -102.584772 
 46133504      96.800000    -102.578442 
 46133504      96.800000    -102.582152 
 46133504      96.800000    -102.583629 
 46133504      96.800000    -102.593230 
 46133504      96.800000    -102.595781 
 46133504      96.800000    -102.576914 
 46133504      96.800000    -102.576565 
 46133504      96.800000    -102.594394 
 46133504      96.800000    -102.582071 
 46133504      96.800000    -102.593238 
 46133504      96.800000    -102.569214 
 46133504      96.800000    -102.581745 
 46133504      96.800000    -102.584236 
 46133504      96.800000    -102.590315 
 46133504      96.800000    -102.583312 
 46133504      96.800000    -102.570972 
 46133504      96.800000    -102.587235 
 46133504      96.800000    -102.590493 
 46133504      96.800000    -102.583115 
 46133504      96.800000    -102.588416 
 46133504      96.800000    -102.595715 
 46133504      96.800000    -102.581948 
 46133504      96.800000    -102.590470 
 46133504      96.800000    -102.585738 
 46133504      96.800000    -102.588283 
 46133504      96.800000    -102.593395 
 46133504      96.800000    -102.578294 
 46133504      96.800000    -102.580147 
 46133504      96.800000    -102.591325 
 46133504      96.800000    -102.589399 
 46133504      96.800000    -102.582210 
 46133504      96.800000    -102.580899 
 46133504      96.800000    -102.588188 
 46133504      96.800000    -102.584537 
 46133504      96.800000    -102.584806 
 46133504      96.800000    -102.594339 
 46133504      96.800000    -102.586305 
 46133504      96.800000    -102.592130 
 46133504      96.800000    -102.574665 
 46133504      96.800000    -102.579643 
 46133504      96.800000    -102.591168 
 46133504      96.800000    -102.582406 
 46133504      96.800000    -102.594416 
 46133504      96.800000    -102.607069 
 46133504      96.800000    -102.593946 
 46133504      96.800000    -102.590329 
 46133504      96.800000    -102.604705 
 46133504      96.800000    -102.594967 
 46133504      96.800000    -102.596101 
 46133504      96.800000    -102.601447 
 46133504      96.800000    -102.593492 
 46133504      96.800000    -102.607541 
 46133504      96.800000    -102.605322 
 46133504      96.800000    -102.602850 
 46133504      96.800000    -102.602726 
 46133504      96.800000    -102.611735 
 46133504      96.800000    -102.602146 
 46133504      96.800000    -102.584223 
 46133504      96.800000    -102.589235 
 46133504      96.800000    -102.624492 
 46133504      96.800000    -102.610260 
 46133504      96.800000    -102.609587 
 46133504      96.800000    -102.610675 
 46133504      96.800000    -102.597586 
 46133504      96.800000    -102.604046 
 46133504      96.800000    -102.606717 
 46133504      96.800000    -102.601639 
 46133504      96.800000    -102.595882 
 46133504      96.800000    -102.598652 
 46133504      96.800000    -102.588048 
 46133504      96.800000    -102.600250 
 46133504      96.800000    -102.605653 
 46133504      96.800000    -102.616106 
 46133504      96.800000    -102.614789 
 46133504      96.800000    -102.600905 
 46133504      96.800000    -102.593507 
 46133504      96.800000    -102.595035 
 46133504      96.800000    -102.607647 
 46133504      96.800000    -102.598681 
 46133504      96.800000    -102.605193 
 46133504      96.800000    -102.597906 
 46133504      96.800000    -102.605215 
 46133504      96.800000    -102.607882 
 46133504      96.800000    -102.600581 
 46133504      96.800000    -102.612921 
 46133504      96.800000    -102.604395 
 46133504      96.800000    -102.607834 
 46133504      96.800000    -102.591705 
 46133504      96.800000    -102.592502 
 46133504      96.800000    -102.611049 
 46133504      96.800000    -102.595139 
 46133504      96.800000    -102.596098 
 46133504      96.800000    -102.603651 
 46133504      96.800000    -102.596753 
 46133504      96.800000    -102.603240 
 46133504      96.800000    -102.575242 
 46133504      96.800000    -102.583166 
 46133504      96.800000    -102.586131 
 46133504      96.800000    -102.601277 
 46133504      96.800000    -102.586124 
 46133504      96.800000    -102.575533 
 46133504      96.800000    -102.590548 
 46133504      96.800000    -102.600438 
 46133504      96.800000    -102.589096 
 46133504      96.800000    -102.588019 
 46133504      96.800000    -102.577686 
 46133504      96.800000    -102.575987 
 46133504      96.800000    -102.584702 
 46133504      96.800000    -102.591394 
 46133504      96.800000    -102.583053 
 46133504      96.800000    -102.587296 
 46133504      96.800000    -102.587180 
 46133504      96.800000    -102.593095 
 46133504      96.800000    -102.579980 
 46133504      96.800000    -102.584769 
 46133504      96.800000    -102.575445 
 46133504      96.800000    -102.568862 
 46133504      96.800000    -102.571110 
 46133504      96.800000    -102.573295 
 46133504      96.800000    -102.606241 
 46133504      96.800000    -102.595701 
 46133504      96.800000    -102.591705 
 46133504      96.800000    -102.584105 
 46133504      96.800000    -102.595252 
 46133504      96.800000    -102.589131 
 46133504      96.800000    -102.587229 
 46133504      96.800000    -102.597493 
 46133504      96.800000    -102.590214 
 46133504      96.800000    -102.579972 
 46133504      96.800000    -102.588550 
 46133504      96.800000    -102.582060 
 46133504      96.800000    -102.591141 
 46133504      96.800000    -102.593139 
 46133504      96.800000    -102.579113 
 46133504      96.800000    -102.578165 
 46133504      96.800000    -102.611383 
 46133504      96.800000    -102.599369 
 46133504      96.800000    -102.584300 
 46133504      96.800000    -102.593311 
 46133504      96.800000    -102.587376 
 46133504      96.800000    -102.578762 
 46133504      96.800000    -102.581972 
 46133504      96.800000    -102.613112 
 46133504      96.800000    -102.585723 
 46133504      96.800000    -102.585192 
 46133504      96.800000    -102.590602 
 46133504      96.800000    -102.581560 
 46133504      96.800000    -102.589254 
 46133504      96.800000    -102.582458 
 46133504       0.400000    -102.607356 
 46136064      96.800000     -99.205372 
 46136064      96.800000     -99.192440 
 46136064      96.800000     -99.218303 
 46136064      96.800000     -99.186787 
 46136064      96.800000     -99.205459 
 46136064      96.800000     -99.207312 
 46136064      96.800000     -99.205437 
 46136064      96.800000     -99.196465 
 46136064      96.800000     -99.211887 
 46136064      96.800000     -99.213458 
 46136064      96.800000     -99.211817 
 46136064      96.800000     -99.209621 
 46136064      96.800000     -99.206673 
 46136064      96.800000     -99.210808 
 46136064      96.800000     -99.226321 
 46136064      96.800000     -99.209680 
 46136064      96.800000     -99.196149 
 46136064      96.800000     -99.209085 
 46136064      96.800000     -99.201328 
 46136064      96.800000     -99.206323 
 46136064      96.800000     -99.221904 
 46136064      96.800000     -99.210181 
 46136064      96.800000     -99.201377 
 46136064      96.800000     -99.193344 
 46136064      96.800000     -99.209036 
 46136064      96.800000     -99.205603 
 46136064      96.800000     -99.193668 
 46136064      96.800000     -99.210370 
 46136064      96.800000     -99.207952 
 46136064      96.800000     -99.193750 
 46136064      96.800000     -99.205502 
 46136064      96.800000     -99.198805 
 46136064      96.800000     -99.197287 
 46136064      96.800000     -99.196193 
 46136064      96.800000     -99.223956 
 46136064      96.800000     -99.194993 
 46136064      96.800000     -99.218926 
 46136064      96.800000     -99.195414 
 46136064      96.800000     -99.203146 
 46136064      96.800000     -99.201131 
 46136064      96.800000     -99.202127 
 46136064      96.800000     -99.194935 
 46136064      96.800000     -99.205072 
 46136064      96.800000     -99.203494 
 46136064      96.800000     -99.193551 
 46136064      96.800000     -99.190510 
 46136064      96.800000     -99.206814 
 46136064      96.800000     -99.205396 
 46136064      96.800000     -99.208994 
 46136064      96.800000     -99.206536 
 46136064      96.800000     -99.194785 
 46136064      96.800000     -99.189354 
 46136064      96.800000     -99.193689 
 46136064      96.800000     -99.188047 
 46136064      96.800000     -99.193967 
 46136064      96.800000     -99.203947 
 46136064      96.800000     -99.172934 
 46136064      96.800000     -99.187387 
 46136064      96.800000     -99.188879 
 46136064      96.800000     -99.191996 
 46136064      96.800000     -99.184069 
 46136064      96.800000     -99.194902 
 46136064      96.800000     -99.198607 
 46136064      96.800000     -99.170522 
 46136064      96.800000     -99.200664 
 46136064      96.800000     -99.189168 
 46136064      96.800000     -99.188853 
 46136064      96.800000     -99.187594 
 46136064      96.800000     -99.199859 
 46136064      96.800000     -99.187912 
 46136064      96.800000     -99.194611 
 46136064      96.800000     -99.191264 
 46136064      96.800000     -99.192123 
 46136064      96.800000     -99.183483 
 46136064      96.800000     -99.188432 
 46136064      96.800000     -99.205795 
 46136064      96.800000     -99.193113 
 46136064      96.800000     -99.186166 
 46136064      96.800000     -99.202843 
 46136064      96.800000     -99.185551 
 46136064      96.800000     -99.184670 
 46136064      96.800000     -99.188255 
 46136064      96.800000     -99.176982 
 46136064      96.800000     -99.190088 
 46136064      96.800000     -99.202549 
 46136064      96.800000     -99.185795 
 46136064      96.800000     -99.200809 
 46136064      96.800000     -99.188222 
 46136064      96.800000     -99.192038 
 46136064      96.800000     -99.193516 
 46136064      96.800000     -99.202486 
 46136064      96.800000     -99.192381 
 46136064      96.800000     -99.188918 
 46136064      96.800000     -99.188838 
 46136064      96.800000     -99.171478 
 46136064      96.800000     -99.184781 
 46136064      96.800000     -99.188759 
 46136064      96.800000     -99.188923 
 46136064      96.800000     -99.198017 
 46136064      96.800000     -99.197199 
 46136064      96.800000     -99.184497 
 46136064      96.800000     -99.179533 
 46136064      96.800000     -99.181561 
 46136064       0.400000     -99.198295 
 46136064      96.800000     -99.200279 
 46136064      96.800000     -99.199867 
 46136064      96.800000     -99.202138 
 46136064      96.800000     -99.196584 
 46136064      96.800000     -99.208635 
 46136064      96.800000     -99.204450 
 46136064      96.800000     -99.201821 
 46136064      96.800000     -99.201361 
 46136064      96.800000     -99.193189 
 46136064      96.800000     -99.199543 
 46136064      96.800000     -99.195044 
 46136064      96.800000     -99.206653 
 46136064      96.800000     -99.210359 
 46136064      96.800000     -99.200588 
 46136064      96.800000     -99.207882 
 46136064      96.800000     -99.210900 
 46136064      96.800000     -99.205680 
 46136064      96.800000     -99.203092 
 46136064      96.800000     -99.209406 
 46136064      96.800000     -99.201173 
 46136064      96.800000     -99.201211 
 46136064      96.800000     -99.187394 
 46136064      96.800000     -99.211014 
 46136064      96.800000     -99.204145 
 46136064      96.800000     -99.215472 
 46136064      96.800000     -99.198583 
 46136064      96.800000     -99.198533 
 46136064      96.800000     -99.198575 
 46136064      96.800000     -99.212311 
 46136064      96.800000     -99.207925 
 46136064      96.800000     -99.200835 
 46136064      96.800000     -99.193299 
 46136064      96.800000     -99.182618 
 46136064      96.800000     -99.204153 
 46136064      96.800000     -99.214457 
 46136064      96.800000     -99.187717 
 46136064      96.800000     -99.206759 
 46136064      96.800000     -99.212013 
 46136064      96.800000     -99.224313 
 46136064      96.800000     -99.220156 
 46136064      96.800000     -99.188123 
 46136064      96.800000     -99.214311 
 46136064      96.800000     -99.195563 
 46136064      96.800000     -99.188298 
 46136064      96.800000     -99.209438 
 46136064      96.800000     -99.199167 
 46136064      96.800000     -99.208291 
 46136064      96.800000     -99.205596 
 46136064      96.800000     -99.205931 
 46136064      96.800000     -99.206617 
 46136064      96.800000     -99.193720 
 46136064      96.800000     -99.199322 
 46136064      96.800000     -99.207790 
 46136064      96.800000     -99.221179 
 46136064      96.800000     -99.185819 
 46136064      96.800000     -99.177253 
 46136064      96.800000     -99.210810 
 46136064      96.800000     -99.190707 
 46136064      96.800000     -99.205438 
 46136064      96.800000     -99.182395 
 46136064      96.800000     -99.183766 
 46136064      96.800000     -99.195220 
 46136064      96.800000     -99.185983 
 46136064      96.800000     -99.194851 
 46136064      96.800000     -99.194430 
 46136064      96.800000     -99.183551 
 46136064      96.800000     -99.191825 
 46136064      96.800000     -99.186872 
 46136064      96.800000     -99.200475 
 46136064      96.800000     -99.194497 
 46136064      96.800000     -99.188145 
 46136064      96.800000     -99.176090 
 46136064      96.800000     -99.218721 
 46136064      96.800000     -99.182744 
 46136064      96.800000     -99.197244 
 46136064      96.800000     -99.187513 
 46136064      96.800000     -99.193043 
 46136064      96.800000     -99.197583 
 46136064      96.800000     -99.198387 
 46136064      96.800000     -99.195482 
 46136064      96.800000     -99.196323 
 46136064      96.800000     -99.194565 
 46136064      96.800000     -99.201499 
 46136064      96.800000     -99.185297 
 46136064      96.800000     -99.193284 
 46136064      96.800000     -99.186972 
 46136064      96.800000     -99.201980 
 46136064      96.800000     -99.193607 
 46136064      96.800000     -99.194306 
 46136064      96.800000     -99.214284 
 46136064      96.800000     -99.194659 
 46136064      96.800000     -99.198580 
 46136064      96.800000     -99.195491 
 46136064      96.800000     -99.195788 
 46136064      96.800000     -99.182970 
 46136064      96.800000     -99.191862 
 46136064      96.800000     -99.189686 
 46136064      96.800000     -99.188385 
 46136064      96.800000     -99.208852 
 46136064      96.800000     -99.201189 
 46136064      96.800000     -99.209124 
 46136064      96.800000     -99.183734 
 46136064      96.800000     -99.194542 
 46136064      96.800000     -99.189880 
 46136064      96.800000     -99.207070 
 46136064      96.800000     -99.191085 
 46136064      96.800000     -99.184109 
 46136064      96.800000     -99.200772 
 46136064      96.800000     -99.174850 
 46136064      96.800000     -99.197634 
 46136064      96.800000     -99.198889 
 46136064      96.800000     -99.194067 
 46136064      96.800000     -99.192990 
 46136064      10.400000     -99.198202 
 46136064      96.800000     -99.209540 
 46136064      96.800000     -99.200721 
 46136064      96.800000     -99.201994 
 46136064      96.800000     -99.216936 
 46136064      96.800000     -99.194229 
 46136064      96.800000     -99.211726 
 46136064      96.800000     -99.191490 
 46136064      96.800000     -99.199596 
 46136064      96.800000     -99.203548 
 46136064      96.800000     -99.202520 
 46136064      96.800000     -99.209072 
 46136064      96.800000     -99.213041 
 46136064      96.800000     -99.204896 
 46136064      96.800000     -99.204420 
 46136064      96.800000     -99.187967 
 46136064      96.800000     -99.197728 
 46136064      96.800000     -99.205576 
 46136064      96.800000     -99.209724 
 46136064      96.800000     -99.197031 
 46136064      96.800000     -99.204452 
 46136064      96.800000     -99.191463 
 46136064      96.800000     -99.193570 
 46136064      96.800000     -99.196639 
 46136064      96.800000     -99.221637 
 46136064      96.800000     -99.214922 
 46136064      96.800000     -99.193603 
 46136064      96.800000     -99.190005 
 46136064      96.800000     -99.200381 
 46136064      96.800000     -99.202408 
 46136064      96.800000     -99.207023 
 46136064      96.800000     -99.207836 
 46136064      96.800000     -99.221319 
 46136064      96.800000     -99.210914 
 46136064      96.800000     -99.205521 
 46136064      96.800000     -99.192141 
 46136064      96.800000     -99.198250 
 46136064      96.800000     -99.210942 
 46136064      96.800000     -99.208973 
 46136064      96.800000     -99.218147 
 46136064      96.800000     -99.211523 
 46136064      96.800000     -99.200509 
 46136064      96.800000     -99.207508 
 46136064      96.800000     -99.201907 
 46136064      96.800000     -99.212630 
 46136064      96.800000     -99.204831 
 46136064      96.800000     -99.190766 
 46136064      96.800000     -99.196284 
 46136064      96.800000     -99.201038 
 46136064      96.800000     -99.207803 
 46136064      96.800000     -99.201280 
 46136064      96.800000     -99.211439 
 46136064      96.800000     -99.199754 
 46136064      96.800000     -99.192157 
 46136064      96.800000     -99.210012 
 46136064      96.800000     -99.209485 
 46136064      96.800000     -99.188958 
 46136064      96.800000     -99.209079 
 46136064      96.800000     -99.189600 
 46136064      96.800000     -99.204950 
 46136064      96.800000     -99.205614 
 46136064      96.800000     -99.215131 
 46136064      96.800000     -99.182697 
 46136064      96.800000     -99.196107 
 46136064      96.800000     -99.192260 
 46136064      96.800000     -99.188574 
 46136064      96.800000     -99.201325 
 46136064      96.800000     -99.184311 
 46136064      96.800000     -99.188584 
 46136064      96.800000     -99.177174 
 46136064      96.800000     -99.192454 
 46136064      96.800000     -99.174329 
 46136064      96.800000     -99.171808 
 46136064      96.800000     -99.190775 
 46136064      96.800000     -99.187430 
 46136064      96.800000     -99.178505 
 46136064      96.800000     -99.204834 
 46136064      96.800000     -99.187304 
 46136064      96.800000     -99.195061 
 46136064      96.800000     -99.181528 
 46136064      96.800000     -99.179079 
 46136064      96.800000     -99.189895 
 46136064      96.800000     -99.201179 
 46136064      96.800000     -99.191784 
 46136064      96.800000     -99.197432 
 46136064      96.800000     -99.193773 
 46136064      96.800000     -99.204360 
 46136064      96.800000     -99.224638 
 46136064      96.800000     -99.179712 
 46136064      96.800000     -99.188968 
 46136064      96.800000     -99.192963 
 46136064      96.800000     -99.192207 
 46136064      96.800000     -99.186596 
 46136064      96.800000     -99.190543 
 46136064      96.800000     -99.197558 
 46136064      96.800000     -99.195272 
 46136064      96.800000     -99.202543 
 46136064      96.800000     -99.204711 
 46136064      96.800000     -99.186814 
 46136064      96.800000     -99.198261 
 46136064      96.800000     -99.188145 
 46136064      96.800000     -99.198901 
 46136064      96.800000     -99.185265 
 46136064      96.800000     -99.192992 
 46136064      96.800000     -99.194149 
 46136064      96.800000     -99.185389 
 46136064      96.800000     -99.193032 
 46136064      96.800000     -99.194213 
 46136064      96.800000     -99.184288 
 46136064      96.800000     -99.195391 
 46136064      96.800000     -99.211818 
 46136064      96.800000     -99.204405 
 46136064      96.800000     -99.192224 
 46136064      96.800000     -99.199199 
 46136064      96.800000     -99.187748 
 46136064      96.800000     -99.182175 
 46136064      96.800000     -99.188827 
 46136064      96.800000     -99.196771 
 46136064      96.800000     -99.182266 
 46136064      96.800000     -99.182713 
 46136064      96.800000     -99.202996 
 46136064      96.800000     -99.198213 
 46136064      96.800000     -99.205637 
 46136064      96.800000     -99.208618 
 46136064      96.800000     -99.233130 
 46136064      96.800000     -99.198898 
 46136064      96.800000     -99.202224 
 46136064      96.800000     -99.204895 
 46136064      96.800000     -99.206939 
 46136064      96.800000     -99.206264 
 46136064      96.800000     -99.196580 
 46136064      96.800000     -99.185010 
 46136064      96.800000     -99.194793 
 46136064      96.800000     -99.207700 
 46136064      96.800000     -99.214304 
 46136064      96.800000     -99.183949 
 46136064      96.800000     -99.195289 
 46136064      96.800000     -99.202955 
 46136064      96.800000     -99.210312 
 46136064      96.800000     -99.197533 
 46136064      96.800000     -99.203671 
 46136064      96.800000     -99.199643 
 46136064      96.800000     -99.205791 
 46136064      96.800000     -99.208433 
 46136064      96.800000     -99.179821 
 46136064      96.800000     -99.211316 
 46136064      96.800000     -99.205697 
 46136064      96.800000     -99.192038 
 46136064      96.800000     -99.195524 
 46136064      96.800000     -99.206496 
 46136064      96.800000     -99.215897 
 46136064      96.800000     -99.192913 
 46136064      96.800000     -99.199910 
 46136064      96.800000     -99.200424 
 46136064      96.800000     -99.196508 
 46136064      96.800000     -99.209811 
 46136064      96.800000     -99.210096 
 46136064      96.800000     -99.200209 
 46136064      96.800000     -99.190575 
 46136064      96.800000     -99.209014 
 46136064      96.800000     -99.208722 
 46136064      96.800000     -99.224002 
 46136064      96.800000     -99.209717 
 46136064      96.800000     -99.209362 
 46136064      96.800000     -99.186914 
 46136064      96.800000     -99.198518 
 46136064      96.800000     -99.204115 
 46136064      96.800000     -99.190905 
 46136064      96.800000     -99.214521 
 46136064      96.800000     -99.202832 
 46136064      96.800000     -99.187289 
 46136064      96.800000     -99.215432 
 46136064      96.800000     -99.195286 
 46136064      96.800000     -99.197654 
 46136064      96.800000     -99.200699 
 46136064      96.800000     -99.207641 
 46136064      96.800000     -99.214542 
 46136064      96.800000     -99.192973 
 46136064      96.800000     -99.214453 
 46136064      96.800000     -99.199175 
 46136064      96.800000     -99.190358 
 46136064      96.800000     -99.208316 
 46136064      96.800000     -99.176666 
 46136064      96.800000     -99.192921 
 46136064      96.800000     -99.180868 
 46136064      96.800000     -99.184087 
 46136064      96.800000     -99.195009 
 46136064      96.800000     -99.182895 
 46136064      96.800000     -99.201722 
 46136064      96.800000     -99.199837 
 46136064      96.800000     -99.189902 
 46136064      96.800000     -99.193958 
 46136064      96.800000     -99.188382 
 46136064      96.800000     -99.207926 
 46136064      96.800000     -99.183061 
 46136064      96.800000     -99.183416 
 46136064      96.800000     -99.180183 
 46136064      96.800000     -99.185014 
 46136064      96.800000     -99.206644 
 46136064      96.800000     -99.194412 
 46136064      96.800000     -99.190837 
 46136064      96.800000     -99.187793 
 46136064      96.800000     -99.189617 
 46136064      96.800000     -99.193619 
 46136064      96.800000     -99.184244 
 46136064      96.800000     -99.179094 
 46136064      96.800000     -99.182696 
 46136064      96.800000     -99.188857 
 46136064      96.800000     -99.182007 
 46136064      96.800000     -99.182182 
 46136064      96.800000     -99.182694 
 46136064      96.800000     -99.177762 
 46136064      96.800000     -99.205972 
 46136064      96.800000     -99.174876 
 46136064      96.800000     -99.196332 
 46136064      96.800000     -99.180079 
 46136064      96.800000     -99.194868 
 46136064      96.800000     -99.178892 
 46136064      96.800000     -99.184809 
 46136064      96.800000     -99.191043 
 46136064      96.800000     -99.172378 
 46136064      96.800000     -99.205660 
 46136064      96.800000     -99.201536 
 46136064      96.800000     -99.206323 
 46136064      96.800000     -99.191809 
 46136064      96.800000     -99.187457 
 46136064      96.800000     -99.194644 
 46136064      96.800000     -99.204659 
 46136064      96.800000     -99.200327 
 46136064      96.800000     -99.192104 
 46136064      96.800000     -99.180839 
 46136064      96.800000     -99.190952 
 46136064      96.800000     -99.184749 
 46136064      96.800000     -99.190707 
 46136064      96.800000     -99.187608 
