## MACS0454 IRAC ch2 observation
# 1 AOR
# 2 EXPTIME
# 3 CROTA2
 46130432      96.800000      92.285922 
 46130432      96.800000      92.288931 
 46130432      96.800000      92.282584 
 46130432      96.800000      92.284378 
 46130432      96.800000      92.279755 
 46130432      96.800000      92.284038 
 46130432      96.800000      92.289181 
 46130432      96.800000      92.284988 
 46130432      96.800000      92.284774 
 46130432      96.800000      92.285627 
 46130432      96.800000      92.277990 
 46130432      96.800000      92.279084 
 46130432      96.800000      92.283812 
 46130432      96.800000      92.284315 
 46130432      96.800000      92.286330 
 46130432      96.800000      92.290776 
 46130432      96.800000      92.276185 
 46130432      96.800000      92.280946 
 46130432      96.800000      92.286006 
 46130432      96.800000      92.284186 
 46130432      96.800000      92.283186 
 46130432      96.800000      92.287108 
 46130432      96.800000      92.286458 
 46130432      96.800000      92.285661 
 46130432      96.800000      92.290519 
 46130432      96.800000      92.285882 
 46130432      96.800000      92.281252 
 46130432      96.800000      92.284032 
 46130432      96.800000      92.286635 
 46130432      96.800000      92.286187 
 46130432      96.800000      92.283044 
 46130432      96.800000      92.287172 
 46130432      96.800000      92.285606 
 46130432      96.800000      92.286654 
 46130432      96.800000      92.286844 
 46130432      96.800000      92.281900 
 46130432      96.800000      92.285104 
 46130432      96.800000      92.284231 
 46130432      96.800000      92.284134 
 46130432      96.800000      92.283987 
 46130432      96.800000      92.285735 
 46130432      96.800000      92.285504 
 46130432      96.800000      92.285309 
 46130432      96.800000      92.284388 
 46130432      96.800000      92.280937 
 46130432      96.800000      92.282065 
 46130432      96.800000      92.286015 
 46130432      96.800000      92.275916 
 46130432      96.800000      92.278829 
 46130432      96.800000      92.280429 
 46130432      96.800000      92.282092 
 46130432      96.800000      92.278986 
 46130432      96.800000      92.279004 
 46130432      96.800000      92.279293 
 46130432      96.800000      92.282553 
 46130432      96.800000      92.275535 
 46130432      96.800000      92.282433 
 46130432      96.800000      92.278992 
 46130432      96.800000      92.277678 
 46130432      96.800000      92.276989 
 46130432      96.800000      92.283343 
 46130432      96.800000      92.279810 
 46130432      96.800000      92.279851 
 46130432      96.800000      92.280011 
 46130432      96.800000      92.283957 
 46130432      96.800000      92.278874 
 46130432      96.800000      92.277883 
 46130432      96.800000      92.281567 
 46130432      96.800000      92.279927 
 46130432      96.800000      92.280101 
 46130432      96.800000      92.288763 
 46130432      96.800000      92.282897 
 46130432      96.800000      92.289082 
 46130432      96.800000      92.287241 
 46130432      96.800000      92.287701 
 46130432      96.800000      92.284477 
 46130432      96.800000      92.281858 
 46130432      96.800000      92.281233 
 46130432      96.800000      92.279205 
 46130432      96.800000      92.285873 
 46130432      96.800000      92.281972 
 46130432      96.800000      92.280012 
 46130432      96.800000      92.285980 
 46130432      96.800000      92.281514 
 46130432      96.800000      92.286493 
 46130432      96.800000      92.284554 
 46130432      96.800000      92.284911 
 46130432      96.800000      92.286663 
 46130432      96.800000      92.281111 
 46130432      96.800000      92.287643 
 46130432      96.800000      92.283188 
 46130432      96.800000      92.280874 
 46130432      96.800000      92.285505 
 46130432      96.800000      92.280713 
 46130432      96.800000      92.281043 
 46130432      96.800000      92.281609 
 46130432      96.800000      92.280243 
 46130432      96.800000      92.281611 
 46130432      96.800000      92.280583 
 46130432      96.800000      92.283278 
 46130432      96.800000      92.285430 
 46130432      96.800000      92.285282 
 46130432      96.800000      92.281477 
 46130432      96.800000      92.282797 
 46130432      96.800000      92.284454 
 46130432      96.800000      92.278746 
 46130432      96.800000      92.282946 
 46130432      96.800000      92.279804 
 46130432      96.800000      92.279185 
 46130432      96.800000      92.283753 
 46130432      96.800000      92.286137 
 46130432      96.800000      92.288704 
 46130432      96.800000      92.286295 
 46130432      96.800000      92.285063 
 46130432      96.800000      92.288522 
 46130432      96.800000      92.285112 
 46130432      96.800000      92.285727 
 46130432      96.800000      92.278096 
 46130432      96.800000      92.277125 
 46130432      96.800000      92.279196 
 46130432      96.800000      92.291547 
 46130432      96.800000      92.289670 
 46130432      96.800000      92.283747 
 46130432      96.800000      92.291721 
 46130432      96.800000      92.283579 
 46130432      96.800000      92.277206 
 46130432      96.800000      92.282168 
 46130432      96.800000      92.283052 
 46130432      96.800000      92.280428 
 46130432      96.800000      92.285343 
 46130432      96.800000      92.285978 
 46130432      96.800000      92.285484 
 46130432      96.800000      92.281416 
 46130432      96.800000      92.283459 
 46130432      96.800000      92.287237 
 46130432      96.800000      92.282798 
 46130432      96.800000      92.286277 
 46130432      96.800000      92.287892 
 46130432      96.800000      92.288703 
 46130432      96.800000      92.286575 
 46130432      96.800000      92.282769 
 46130432      96.800000      92.287681 
 46130432      96.800000      92.283833 
 46130432      96.800000      92.283050 
 46130432      96.800000      92.285555 
 46130432      96.800000      92.284320 
 46130432      96.800000      92.284305 
 46130432      96.800000      92.284736 
 46130432      96.800000      92.286100 
 46130432      96.800000      92.282554 
 46130432      96.800000      92.284320 
 46130432      96.800000      92.284595 
 46130432      96.800000      92.285363 
 46130432      96.800000      92.282242 
 46130432      96.800000      92.282810 
 46130432      96.800000      92.281283 
 46130432      96.800000      92.285142 
 46130432      96.800000      92.286149 
 46130432      96.800000      92.280532 
 46130432      96.800000      92.287217 
 46130432      96.800000      92.280696 
 46130432      96.800000      92.282526 
 46130432      96.800000      92.278191 
 46130432      96.800000      92.282530 
 46130432      96.800000      92.283284 
 46130432      96.800000      92.280628 
 46130432      96.800000      92.279207 
 46130432      96.800000      92.281293 
 46130432      96.800000      92.280455 
 46130432      96.800000      92.282445 
 46130432      96.800000      92.284076 
 46130432      96.800000      92.282323 
 46130432      96.800000      92.282609 
 46130432      96.800000      92.275426 
 46130432      96.800000      92.283524 
 46130432      96.800000      92.278081 
 46130432      96.800000      92.281624 
 46130432      96.800000      92.283398 
 46130432      96.800000      92.281832 
 46130432      96.800000      92.278867 
 46130432      96.800000      92.279452 
 46130432      96.800000      92.282694 
 46130432      96.800000      92.287410 
 46130432      96.800000      92.285602 
 46130432      96.800000      92.284197 
 46130432      96.800000      92.287489 
 46130432      96.800000      92.282490 
 46130432      96.800000      92.280318 
 46130432      96.800000      92.280841 
 46130432      96.800000      92.284475 
 46130432      96.800000      92.282005 
 46130432      96.800000      92.285347 
 46130432      96.800000      92.284984 
 46130432      96.800000      92.285218 
 46130432      96.800000      92.285964 
 46130432      96.800000      92.284572 
 46130432      96.800000      92.287130 
 46130432      96.800000      92.283435 
 46130432      96.800000      92.286567 
 46130432      96.800000      92.288770 
 46130432      96.800000      92.284055 
 46130432      96.800000      92.285177 
 46130432      96.800000      92.281306 
 46130432      96.800000      92.279342 
 46130432      96.800000      92.280249 
 46130432       0.400000      92.283884 
 46130432      96.800000      92.283693 
 46130432      96.800000      92.283354 
 46130432      96.800000      92.278417 
 46130432      96.800000      92.286154 
 46130432      96.800000      92.281825 
 46130432      96.800000      92.287772 
 46130432      96.800000      92.285695 
 46130432      96.800000      92.283451 
 46130432      96.800000      92.277328 
 46130432      96.800000      92.282218 
 46130432      96.800000      92.279264 
 46130432      96.800000      92.286018 
 46130432      96.800000      92.282887 
 46130432      96.800000      92.283339 
 46130432      96.800000      92.285588 
 46130432      96.800000      92.278759 
 46130432      96.800000      92.280999 
 46130432      96.800000      92.280218 
 46130432      96.800000      92.288318 
 46130432      96.800000      92.287120 
 46130432      96.800000      92.290973 
 46130432      96.800000      92.282535 
 46130432      96.800000      92.288668 
 46130432      96.800000      92.285482 
 46130432      96.800000      92.286126 
 46130432      96.800000      92.290632 
 46130432      96.800000      92.283868 
 46130432      96.800000      92.290703 
 46130432      96.800000      92.288637 
 46130432      96.800000      92.283229 
 46130432      96.800000      92.285059 
 46130432      96.800000      92.284618 
 46130432      96.800000      92.281519 
 46130432      96.800000      92.280919 
 46130432      96.800000      92.284431 
 46130432      96.800000      92.284092 
 46130432      96.800000      92.282201 
 46130432      96.800000      92.286235 
 46130432      96.800000      92.282690 
 46130432      96.800000      92.288286 
 46130432      96.800000      92.287982 
 46130432      96.800000      92.281859 
 46130432      96.800000      92.281729 
 46130432      96.800000      92.279743 
 46130432      96.800000      92.285923 
 46130432      96.800000      92.286201 
 46130432      96.800000      92.282900 
 46130432      96.800000      92.285897 
 46130432      96.800000      92.281040 
 46130432      96.800000      92.282469 
 46130432      96.800000      92.285357 
 46130432      96.800000      92.282898 
 46130432      96.800000      92.282759 
 46130432      96.800000      92.287959 
 46130432      96.800000      92.284165 
 46130432      96.800000      92.287582 
 46130432      96.800000      92.286241 
 46130432      96.800000      92.285398 
 46130432      96.800000      92.285743 
 46130432      96.800000      92.282644 
 46130432      96.800000      92.284283 
 46130432      96.800000      92.280636 
 46130432      96.800000      92.283863 
 46130432      96.800000      92.283121 
 46130432      96.800000      92.281078 
 46130432      96.800000      92.282702 
 46130432      96.800000      92.278216 
 46130432      96.800000      92.277747 
 46130432      96.800000      92.285028 
 46130432      96.800000      92.284062 
 46130432      96.800000      92.277431 
 46130432      96.800000      92.281065 
 46130432      96.800000      92.280668 
 46130432      96.800000      92.282299 
 46130432      96.800000      92.280798 
 46130432      96.800000      92.282186 
 46130432      96.800000      92.282768 
 46130432      96.800000      92.278179 
 46130432      96.800000      92.277835 
 46130432      96.800000      92.282068 
 46130432      96.800000      92.284386 
 46130432      96.800000      92.282446 
 46130432      96.800000      92.282164 
 46130432      96.800000      92.278198 
 46130432      96.800000      92.287366 
 46130432      96.800000      92.281587 
 46130432      96.800000      92.286965 
 46130432      96.800000      92.283636 
 46130432      96.800000      92.288241 
 46130432      96.800000      92.288443 
 46130432      96.800000      92.281941 
 46130432      96.800000      92.284104 
 46130432      96.800000      92.283944 
 46130432      96.800000      92.283696 
 46130432      96.800000      92.283041 
 46130432      96.800000      92.284133 
 46130432      96.800000      92.284783 
 46130432      96.800000      92.283366 
 46130432      96.800000      92.278050 
 46130432      96.800000      92.282926 
 46130432      96.800000      92.284750 
 46130432      96.800000      92.286258 
 46130432      96.800000      92.285379 
 46130432      96.800000      92.284144 
 46130432      96.800000      92.285434 
 46130432      96.800000      92.285717 
 46130432      96.800000      92.285636 
 46130432      96.800000      92.285523 
 46130432      96.800000      92.282022 
 46130432      96.800000      92.281284 
 46130432      96.800000      92.284593 
 46130432      96.800000      92.283137 
 46130432      96.800000      92.286000 
 46130432      96.800000      92.286242 
 46130432      96.800000      92.287224 
 46130432      96.800000      92.283425 
 46130432      96.800000      92.283031 
 46130432      96.800000      92.283723 
 46130432      96.800000      92.281854 
 46130432      96.800000      92.278726 
 46130432      96.800000      92.287126 
 46130432      96.800000      92.283558 
 46130432      96.800000      92.284192 
 46130432      96.800000      92.285919 
 46130432      96.800000      92.284475 
 46130432      96.800000      92.286941 
 46130432      96.800000      92.284675 
 46130432      96.800000      92.280422 
 46130432      96.800000      92.282844 
 46130432      96.800000      92.282524 
 46130432      96.800000      92.283356 
 46130432      96.800000      92.281692 
 46130432      96.800000      92.281884 
 46130432      96.800000      92.285495 
 46130432      96.800000      92.284025 
 46130432      96.800000      92.286403 
 46130432      96.800000      92.276706 
 46130432      96.800000      92.282182 
 46130432      96.800000      92.280532 
 46130432      96.800000      92.281114 
 46130432      96.800000      92.282688 
 46130432      96.800000      92.280167 
 46130432      96.800000      92.281585 
 46130432      96.800000      92.284131 
 46130432      96.800000      92.284801 
 46130432      96.800000      92.291569 
 46130432      96.800000      92.283932 
 46130432      96.800000      92.290534 
 46130432      96.800000      92.288548 
 46130432      96.800000      92.285438 
 46130432      96.800000      92.282915 
 46130432      96.800000      92.282608 
 46130432      96.800000      92.284741 
 46130432      96.800000      92.285796 
 46130432      96.800000      92.283971 
 46130432      96.800000      92.284513 
 46130432      96.800000      92.285800 
 46130432      96.800000      92.287226 
 46130432      96.800000      92.287857 
 46130432      96.800000      92.286733 
 46130432      96.800000      92.281937 
 46130432      96.800000      92.285801 
 46130432      96.800000      92.283792 
 46130432      96.800000      92.279047 
 46130432      96.800000      92.287375 
 46130432      96.800000      92.284212 
 46130432      96.800000      92.281264 
 46130432      96.800000      92.284827 
 46130432      96.800000      92.285654 
 46130432      96.800000      92.285908 
 46130432      96.800000      92.289262 
 46130432      96.800000      92.285251 
 46130432      96.800000      92.284853 
 46130432      96.800000      92.282160 
 46130432      96.800000      92.281932 
 46130432      96.800000      92.287092 
 46130432      96.800000      92.285540 
 46130432      96.800000      92.286100 
 46130432      96.800000      92.284671 
 46130432      96.800000      92.282499 
 46130432      96.800000      92.282033 
 46130432      96.800000      92.285260 
 46130432      96.800000      92.280538 
 46130432      96.800000      92.285459 
 46130432      96.800000      92.282818 
 46130432      96.800000      92.279581 
 46130432      96.800000      92.286040 
 46130432      96.800000      92.279508 
 46130432      96.800000      92.278438 
 46130432      96.800000      92.282141 
 46130432      96.800000      92.276816 
 46130432      96.800000      92.278380 
 46130432      96.800000      92.278418 
 46130432      96.800000      92.278026 
 46130432      96.800000      92.278537 
 46130432      96.800000      92.282014 
 46130432      96.800000      92.278620 
 46130432      96.800000      92.284520 
 46130432      96.800000      92.278141 
 46130432      96.800000      92.282820 
 46130432      96.800000      92.281602 
 46130432      96.800000      92.280566 
 46130432      96.800000      92.279535 
 46130432      96.800000      92.275563 
 46130432      96.800000      92.281412 
 46130432      96.800000      92.281069 
 46130432      96.800000      92.283814 
 46130432      96.800000      92.282643 
 46130432      96.800000      92.283118 
 46130432      96.800000      92.282670 
 46130432      96.800000      92.282406 
 46130432      96.800000      92.288976 
 46130432      96.800000      92.287550 
 46130432      96.800000      92.289490 
 46130432      96.800000      92.289813 
 46130432      96.800000      92.279154 
 46130432      96.800000      92.285348 
 46130432      96.800000      92.279867 
 46130432      96.800000      92.278985 
 46130432      96.800000      92.286692 
 46130432      96.800000      92.283650 
 46130432      96.800000      92.280619 
 46130432      96.800000      92.284026 
 46130432      96.800000      92.280171 
 46130432      96.800000      92.280983 
 46130432      96.800000      92.280461 
 46130432      96.800000      92.287673 
 46130432      96.800000      92.285878 
 46130432      96.800000      92.284855 
 46130432      96.800000      92.281942 
 46130432      96.800000      92.283247 
 46130432      96.800000      92.286450 
 46130432      96.800000      92.284553 
 46130432      96.800000      92.286047 
 46130432      96.800000      92.285926 
 46130432      96.800000      92.284335 
 46130432      96.800000      92.283729 
 46130432      10.400000      92.283576 
 46130432      96.800000      92.281699 
 46130432      96.800000      92.278520 
 46130432      96.800000      92.278269 
 46130432      96.800000      92.283256 
 46130432      96.800000      92.284536 
 46130432      96.800000      92.285171 
 46130432      96.800000      92.285066 
 46130432      96.800000      92.284264 
 46127872      96.800000      95.174942 
 46127872      96.800000      95.176634 
 46127872      96.800000      95.177216 
 46127872      96.800000      95.173764 
 46127872      96.800000      95.173920 
 46127872      96.800000      95.173988 
 46127872      96.800000      95.172817 
 46127872      96.800000      95.175799 
 46127872      96.800000      95.173910 
 46127872      96.800000      95.171227 
 46127872      96.800000      95.174212 
 46127872      96.800000      95.175164 
 46127872      96.800000      95.175081 
 46127872      96.800000      95.172290 
 46127872      96.800000      95.175811 
 46127872      96.800000      95.172252 
 46127872      96.800000      95.175282 
 46127872      96.800000      95.172759 
 46127872      96.800000      95.173056 
 46127872      96.800000      95.172848 
 46127872      96.800000      95.176352 
 46127872      96.800000      95.177081 
 46127872      96.800000      95.178117 
 46127872      96.800000      95.171868 
 46127872      96.800000      95.175078 
 46127872      96.800000      95.175556 
 46127872      96.800000      95.173603 
 46127872      96.800000      95.176496 
 46127872      96.800000      95.175059 
 46127872      96.800000      95.174712 
 46127872      96.800000      95.176687 
 46127872      96.800000      95.175470 
 46127872      96.800000      95.175379 
 46127872      96.800000      95.175055 
 46127872      96.800000      95.175600 
 46127872      96.800000      95.176179 
 46127872      96.800000      95.176387 
 46127872      96.800000      95.176650 
 46127872      96.800000      95.175562 
 46127872      96.800000      95.170190 
 46127872      96.800000      95.172387 
 46127872      96.800000      95.172917 
 46127872      96.800000      95.174920 
 46127872      96.800000      95.173359 
 46127872      96.800000      95.171480 
 46127872      96.800000      95.174113 
 46127872      96.800000      95.174956 
 46127872      96.800000      95.173617 
 46127872      96.800000      95.173042 
 46127872      96.800000      95.174271 
 46127872      96.800000      95.174524 
 46127872      96.800000      95.176468 
 46127872      96.800000      95.173022 
 46127872      96.800000      95.174980 
 46127872      96.800000      95.175932 
 46127872      96.800000      95.173657 
 46127872      96.800000      95.176269 
 46127872      96.800000      95.170140 
 46127872      96.800000      95.173494 
 46127872      96.800000      95.174825 
 46127872      96.800000      95.172524 
 46127872      96.800000      95.172110 
 46127872      96.800000      95.170351 
 46127872      96.800000      95.171179 
 46127872      96.800000      95.173852 
 46127872      96.800000      95.173137 
 46127872      96.800000      95.173592 
 46127872      96.800000      95.172418 
 46127872      96.800000      95.174092 
 46127872      96.800000      95.170603 
 46127872      96.800000      95.173716 
 46127872      96.800000      95.176224 
 46127872      96.800000      95.169610 
 46127872      96.800000      95.169135 
 46127872      96.800000      95.171764 
 46127872      96.800000      95.177427 
 46127872      96.800000      95.170527 
 46127872      96.800000      95.171878 
 46127872      96.800000      95.179265 
 46127872      96.800000      95.177321 
 46127872      96.800000      95.176550 
 46127872      96.800000      95.177581 
 46127872      96.800000      95.176033 
 46127872      96.800000      95.179290 
 46127872      96.800000      95.173902 
 46127872      96.800000      95.179766 
 46127872      96.800000      95.169227 
 46127872      96.800000      95.171575 
 46127872      96.800000      95.171014 
 46127872      96.800000      95.173342 
 46127872      96.800000      95.172358 
 46127872      96.800000      95.174302 
 46127872      96.800000      95.171304 
 46127872      96.800000      95.172664 
 46127872      96.800000      95.168671 
 46127872      96.800000      95.171427 
 46127872      96.800000      95.172712 
 46127872      96.800000      95.170840 
 46127872      96.800000      95.174547 
 46127872      96.800000      95.173756 
 46127872      96.800000      95.172591 
 46127872      96.800000      95.172132 
 46127872      96.800000      95.174443 
 46127872      96.800000      95.170568 
 46127872      96.800000      95.174541 
 46127872      96.800000      95.174437 
 46127872      96.800000      95.172401 
 46127872      96.800000      95.173685 
 46127872      96.800000      95.171294 
 46127872      96.800000      95.175416 
 46127872      96.800000      95.173114 
 46127872      96.800000      95.170696 
 46127872      96.800000      95.175329 
 46127872      96.800000      95.176774 
 46127872      96.800000      95.174397 
 46127872      96.800000      95.174654 
 46127872      96.800000      95.173690 
 46127872      96.800000      95.176669 
 46127872      96.800000      95.173979 
 46127872      96.800000      95.175098 
 46127872      96.800000      95.175069 
 46127872      96.800000      95.174225 
 46127872      96.800000      95.174998 
 46127872      96.800000      95.173551 
 46127872      96.800000      95.173463 
 46127872      96.800000      95.174221 
 46127872      96.800000      95.174325 
 46127872      96.800000      95.175397 
 46127872      96.800000      95.174936 
 46127872      96.800000      95.175110 
 46127872      96.800000      95.169454 
 46127872      96.800000      95.170693 
 46127872      96.800000      95.176232 
 46127872      96.800000      95.169283 
 46127872      96.800000      95.173853 
 46127872      96.800000      95.175995 
 46127872      96.800000      95.175202 
 46127872      96.800000      95.175737 
 46127872      96.800000      95.174167 
 46127872      96.800000      95.173131 
 46127872      96.800000      95.176805 
 46127872      96.800000      95.173933 
 46127872      96.800000      95.174705 
 46127872      96.800000      95.177314 
 46127872      96.800000      95.176452 
 46127872      96.800000      95.175036 
 46127872      96.800000      95.177418 
 46127872      96.800000      95.176238 
 46127872      96.800000      95.173170 
 46127872      96.800000      95.173909 
 46127872      96.800000      95.174248 
 46127872      96.800000      95.174578 
 46127872      96.800000      95.176988 
 46127872      96.800000      95.173794 
 46127872      96.800000      95.178584 
 46127872      96.800000      95.177122 
 46127872      96.800000      95.171901 
 46127872      96.800000      95.173350 
 46127872      96.800000      95.171140 
 46127872      96.800000      95.175488 
 46127872      96.800000      95.176749 
 46127872      96.800000      95.174691 
 46127872      96.800000      95.171185 
 46127872      96.800000      95.172177 
 46127872      96.800000      95.170556 
 46127872      96.800000      95.174745 
 46127872      96.800000      95.170413 
 46127872      96.800000      95.174563 
 46127872      96.800000      95.176317 
 46127872      96.800000      95.174725 
 46127872      96.800000      95.173117 
 46127872      96.800000      95.175216 
 46127872      96.800000      95.175609 
 46127872      96.800000      95.174686 
 46127872      96.800000      95.172156 
 46127872      96.800000      95.175125 
 46127872      96.800000      95.176482 
 46127872      96.800000      95.173131 
 46127872      96.800000      95.174065 
 46127872      96.800000      95.173584 
 46127872      96.800000      95.174666 
 46127872      96.800000      95.173488 
 46127872      96.800000      95.171412 
 46127872      96.800000      95.172290 
 46127872      96.800000      95.171554 
 46127872      96.800000      95.171522 
 46127872      96.800000      95.174238 
 46127872      96.800000      95.174125 
 46127872      96.800000      95.174244 
 46127872      96.800000      95.167674 
 46127872      96.800000      95.169674 
 46127872      96.800000      95.173201 
 46127872      96.800000      95.176118 
 46127872      96.800000      95.178303 
 46127872      96.800000      95.177763 
 46127872      96.800000      95.176492 
 46127872      96.800000      95.175574 
 46127872      96.800000      95.174339 
 46127872      96.800000      95.174963 
 46127872      96.800000      95.175214 
 46127872      96.800000      95.169749 
 46127872      96.800000      95.175040 
 46127872      96.800000      95.171894 
 46127872      96.800000      95.173138 
 46127872      96.800000      95.172431 
 46127872      96.800000      95.174288 
 46127872      96.800000      95.173837 
 46127872      96.800000      95.171783 
 46127872      96.800000      95.172470 
 46127872      96.800000      95.170930 
 46127872      96.800000      95.170020 
 46127872      96.800000      95.173960 
 46127872      96.800000      95.171172 
 46127872      96.800000      95.169830 
 46127872      96.800000      95.172651 
 46127872      96.800000      95.169091 
 46127872      96.800000      95.168580 
 46127872      96.800000      95.169984 
 46127872      96.800000      95.169632 
 46127872      96.800000      95.170343 
 46127872      96.800000      95.173966 
 46127872      96.800000      95.173609 
 46127872      96.800000      95.174799 
 46127872      96.800000      95.173000 
 46127872      96.800000      95.172400 
 46127872      96.800000      95.173382 
 46127872      96.800000      95.174138 
 46127872      96.800000      95.171725 
 46127872      96.800000      95.176182 
 46127872      96.800000      95.172965 
 46127872      96.800000      95.175450 
 46127872      96.800000      95.170597 
 46127872      96.800000      95.173774 
 46127872      96.800000      95.173821 
 46127872      96.800000      95.175013 
 46127872      96.800000      95.177319 
 46127872      96.800000      95.175477 
 46127872      96.800000      95.175642 
 46127872      96.800000      95.170629 
 46127872      96.800000      95.172557 
 46127872      96.800000      95.174496 
 46127872      96.800000      95.175948 
 46127872      96.800000      95.171823 
 46127872      96.800000      95.173685 
 46127872      96.800000      95.174530 
 46127872      96.800000      95.174720 
 46127872      96.800000      95.171777 
 46127872      96.800000      95.174558 
 46127872      96.800000      95.173978 
 46127872      96.800000      95.171118 
 46127872      96.800000      95.173719 
 46127872      96.800000      95.173921 
 46127872      96.800000      95.174133 
 46127872      96.800000      95.172015 
 46127872      96.800000      95.172710 
 46127872      96.800000      95.176173 
 46127872      96.800000      95.175673 
 46127872      96.800000      95.172265 
 46127872      96.800000      95.172905 
 46127872      96.800000      95.173006 
 46127872      96.800000      95.174352 
 46127872      96.800000      95.173630 
 46127872      96.800000      95.173851 
 46127872      96.800000      95.177689 
 46127872      96.800000      95.174768 
 46127872      96.800000      95.172943 
 46127872      96.800000      95.176633 
 46127872      96.800000      95.179388 
 46127872      96.800000      95.176316 
 46127872      96.800000      95.174108 
 46127872      96.800000      95.173428 
 46127872      96.800000      95.174138 
 46127872      96.800000      95.174185 
 46127872      96.800000      95.174568 
 46127872      96.800000      95.176710 
 46127872      96.800000      95.177122 
 46127872      96.800000      95.174110 
 46127872      96.800000      95.178708 
 46127872      96.800000      95.173473 
 46127872      96.800000      95.175251 
 46127872      96.800000      95.171564 
 46127872      96.800000      95.177146 
 46127872      96.800000      95.172961 
 46127872      96.800000      95.173216 
 46127872      96.800000      95.174593 
 46127872      96.800000      95.173378 
 46127872      96.800000      95.172576 
 46127872      96.800000      95.173016 
 46127872      96.800000      95.174453 
 46127872      96.800000      95.172776 
 46127872      96.800000      95.174943 
 46127872      96.800000      95.175173 
 46127872      96.800000      95.176572 
 46127872      96.800000      95.175764 
 46127872      96.800000      95.174031 
 46127872      96.800000      95.173144 
 46127872      96.800000      95.173663 
 46127872      96.800000      95.177715 
 46127872      96.800000      95.173524 
 46127872      96.800000      95.175667 
 46127872      96.800000      95.171721 
 46127872      96.800000      95.172267 
 46127872      96.800000      95.169733 
 46127872      96.800000      95.173505 
 46127872      96.800000      95.175644 
 46127872      96.800000      95.171402 
 46127872      96.800000      95.172493 
 46127872      96.800000      95.172726 
 46127872      96.800000      95.172058 
 46127872      96.800000      95.173851 
 46127872      96.800000      95.172125 
 46127872      96.800000      95.172686 
 46127872      96.800000      95.169216 
 46127872      96.800000      95.177444 
 46127872      96.800000      95.170598 
 46127872      96.800000      95.177443 
 46127872      96.800000      95.180594 
 46127872      96.800000      95.175578 
 46127872      96.800000      95.177959 
 46127872      96.800000      95.172434 
 46127872      96.800000      95.176255 
 46127872      96.800000      95.173129 
 46127872      96.800000      95.173749 
 46127872      96.800000      95.172459 
 46127872      96.800000      95.173952 
 46127872      96.800000      95.173105 
 46127872      96.800000      95.172549 
 46127872      96.800000      95.169994 
 46127872      96.800000      95.175403 
 46127872      96.800000      95.172436 
 46127872      96.800000      95.171944 
 46127872      96.800000      95.171688 
 46127872      96.800000      95.172950 
 46127872      96.800000      95.172347 
 46127872      96.800000      95.172685 
 46127872      96.800000      95.172594 
 46127872      96.800000      95.172672 
 46127872      96.800000      95.172027 
 46127872      96.800000      95.173278 
 46127872      96.800000      95.171130 
 46127872      96.800000      95.169381 
 46127872      96.800000      95.172323 
 46127872      96.800000      95.174703 
 46127872      96.800000      95.174369 
 46127872      96.800000      95.169078 
 46127872      96.800000      95.173961 
 46127872      96.800000      95.171152 
 46127872      96.800000      95.171022 
 46127872      96.800000      95.175298 
 46127872      96.800000      95.174303 
 46127872      96.800000      95.169423 
 46127872      96.800000      95.174846 
 46127872      96.800000      95.172515 
 46127872      96.800000      95.175162 
 46127872      96.800000      95.173817 
 46127872      96.800000      95.173964 
 46127872      96.800000      95.175576 
 46127872      96.800000      95.173284 
 46127872      96.800000      95.171046 
 46127872      96.800000      95.173171 
 46127872      96.800000      95.174339 
 46127872       0.400000      95.174081 
 46127872      96.800000      95.174321 
 46127872      96.800000      95.177117 
 46127872      96.800000      95.175994 
 46127872      96.800000      95.176247 
 46127872      96.800000      95.172034 
 46127872      96.800000      95.170832 
 46127872      96.800000      95.175347 
 46127872      96.800000      95.175101 
 46127872      96.800000      95.176273 
 46127872      96.800000      95.175289 
 46127872      96.800000      95.174549 
 46127872      96.800000      95.173224 
 46127872      96.800000      95.174385 
 46127872      96.800000      95.175290 
 46127872      96.800000      95.174891 
 46127872      96.800000      95.173043 
 46127872      96.800000      95.174269 
 46127872      96.800000      95.173441 
 46127872      96.800000      95.175958 
 46127872      96.800000      95.173027 
 46127872      96.800000      95.173203 
 46127872      96.800000      95.172411 
 46127872      96.800000      95.171477 
 46127872      96.800000      95.175849 
 46127872      96.800000      95.178312 
 46127872      96.800000      95.176896 
 46127872      96.800000      95.176485 
 46127872      96.800000      95.171303 
 46127872      96.800000      95.173014 
 46127872      96.800000      95.175400 
 46127872      96.800000      95.171171 
 46127872      96.800000      95.172728 
 46127872      96.800000      95.174744 
 46127872      96.800000      95.172011 
 46127872      96.800000      95.175338 
 46127872      96.800000      95.174776 
 46127872      96.800000      95.173081 
 46127872      96.800000      95.174626 
 46127872      96.800000      95.177494 
 46127872      96.800000      95.176360 
 46127872      96.800000      95.176393 
 46127872      96.800000      95.176399 
 46127872      96.800000      95.169728 
 46127872      96.800000      95.174305 
 46127872      96.800000      95.171697 
 46127872      96.800000      95.174759 
 46127872      96.800000      95.173775 
 46127872      96.800000      95.174313 
 46127872      96.800000      95.173681 
 46127872      96.800000      95.174697 
 46127872      96.800000      95.176364 
 46127872      96.800000      95.175330 
 46127872      96.800000      95.177840 
 46127872      96.800000      95.175566 
 46127872      96.800000      95.173273 
 46127872      96.800000      95.175435 
 46127872      96.800000      95.174202 
 46127872      96.800000      95.173924 
 46127872      96.800000      95.172991 
 46127872      96.800000      95.172581 
 46127872      96.800000      95.172540 
 46127872      96.800000      95.174538 
 46127872      96.800000      95.174964 
 46127872      96.800000      95.173404 
 46127872      96.800000      95.172177 
 46127872      96.800000      95.170768 
 46127872      96.800000      95.173406 
 46127872      96.800000      95.172292 
 46127872      96.800000      95.172523 
 46127872      96.800000      95.171875 
 46127872      96.800000      95.171268 
 46127872      96.800000      95.172474 
 46127872      96.800000      95.172502 
 46127872      96.800000      95.169279 
 46127872      96.800000      95.176507 
 46127872      96.800000      95.178421 
 46127872      96.800000      95.178218 
 46127872      96.800000      95.171517 
 46127872      96.800000      95.175493 
 46127872      96.800000      95.175662 
 46127872      96.800000      95.175321 
 46127872      96.800000      95.174153 
 46127872      96.800000      95.172340 
 46127872      96.800000      95.172645 
 46127872      96.800000      95.172933 
 46127872      96.800000      95.171466 
 46127872      96.800000      95.174992 
 46127872      96.800000      95.173528 
 46127872      96.800000      95.172075 
 46127872      96.800000      95.174002 
 46127872      96.800000      95.174437 
 46127872      96.800000      95.170098 
 46127872      96.800000      95.171493 
 46127872      96.800000      95.172129 
 46127872      96.800000      95.172711 
 46127872      96.800000      95.172807 
 46127872      96.800000      95.170434 
 46127872      96.800000      95.171953 
 46127872      96.800000      95.171621 
 46127872      96.800000      95.170819 
 46127872      96.800000      95.173179 
 46127872      96.800000      95.171662 
 46127872      96.800000      95.174072 
 46127872      96.800000      95.171987 
 46127872      96.800000      95.174330 
 46127872      96.800000      95.172069 
 46127872      96.800000      95.173177 
 46127872      96.800000      95.174845 
 46127872      96.800000      95.169156 
 46127872      96.800000      95.172025 
 46127872      96.800000      95.175096 
 46127872      96.800000      95.173547 
 46127872      96.800000      95.173340 
 46127872      96.800000      95.173916 
 46127872      96.800000      95.175711 
 46127872      96.800000      95.175536 
 46127872      96.800000      95.174430 
 46127872      96.800000      95.176257 
 46127872      96.800000      95.171934 
 46127872      10.400000      95.173736 
 31470080      96.800000      99.277669 
 31470080      96.800000      99.273657 
 31470080      96.800000      99.275072 
 31470080      96.800000      99.276227 
 31470080      96.800000      99.281911 
 31470080      96.800000      99.281241 
 31470080      96.800000      99.284628 
 31470080      96.800000      99.281559 
 31470080      96.800000      99.273476 
 31470080      96.800000      99.276075 
 31470080      96.800000      99.273879 
 31470080      96.800000      99.277157 
 31470080      96.800000      99.279780 
 31470080      96.800000      99.279032 
 31470080      96.800000      99.281871 
 31470080      96.800000      99.279256 
 31470080      96.800000      99.278049 
 31470080      96.800000      99.273737 
 31470080      96.800000      99.278017 
 31470080      96.800000      99.279032 
 31470080      96.800000      99.275130 
 31470080      96.800000      99.274123 
 31470080      96.800000      99.272030 
 31470080      96.800000      99.274191 
 31470080      96.800000      99.278392 
 31470080      96.800000      99.281942 
 31470080      96.800000      99.280523 
 31470080      96.800000      99.278977 
 31470080      96.800000      99.277130 
 31470080      96.800000      99.278989 
 31470080      96.800000      99.281390 
 31470080      96.800000      99.277515 
 31470080      96.800000      99.277677 
 31470080      96.800000      99.278147 
 31470080      96.800000      99.280590 
 31470080      96.800000      99.277237 
 31470080      96.800000      99.275448 
 31470080      96.800000      99.279160 
 31470080      96.800000      99.280425 
 31470080      10.400000      99.276530 
 31470080      96.800000      99.276286 
 31470080      96.800000      99.276419 
 31470080      96.800000      99.282553 
 31470080      96.800000      99.281910 
 31470080      96.800000      99.283201 
 31470080      96.800000      99.280987 
 31470080      96.800000      99.272108 
 31470080      96.800000      99.273918 
 31470080      96.800000      99.274294 
 31470080      96.800000      99.276747 
 31470080      96.800000      99.277459 
 31470080      96.800000      99.273982 
 31470080      96.800000      99.279269 
 31470080      96.800000      99.279857 
 31470080      96.800000      99.282489 
 31470080      96.800000      99.275686 
 31470080      96.800000      99.278136 
 31470080      96.800000      99.274203 
 31470080      96.800000      99.272299 
 31470080      96.800000      99.275524 
 31470080      96.800000      99.275460 
 31470080      96.800000      99.277941 
 31470080      96.800000      99.276878 
 31470080      96.800000      99.281477 
 31470080      96.800000      99.282412 
 31470080      96.800000      99.278881 
 31470080      96.800000      99.278773 
 31470080      96.800000      99.281802 
 31470080      96.800000      99.277370 
 31470080      96.800000      99.281758 
 31470080      96.800000      99.281662 
 31470080      96.800000      99.277939 
 31470080      96.800000      99.278008 
 31470080      96.800000      99.281477 
 31470080      96.800000      99.280872 
 31470080      96.800000      99.279011 
 31470080      96.800000      99.281566 
 31470080      96.800000      99.278287 
 31470080      96.800000      99.277499 
 31470080      96.800000      99.277911 
 31470080      96.800000      99.276605 
 31470080      96.800000      99.276719 
 31470080      96.800000      99.277305 
 31470080      96.800000      99.276535 
 31470080      96.800000      99.278216 
 31470080      96.800000      99.280640 
 31470080       0.400000      99.276481 
 31470080      96.800000      99.279483 
 31470080      96.800000      99.280197 
 31470080      96.800000      99.274297 
 31470080      96.800000      99.284058 
 31470080      96.800000      99.285397 
 31470080      96.800000      99.282524 
 31470080      96.800000      99.280404 
 31470080      96.800000      99.281532 
 31470080      96.800000      99.273407 
 31470080      96.800000      99.275044 
 31470080      96.800000      99.276205 
 31470080      96.800000      99.281630 
 31470080      96.800000      99.280079 
 31470080      96.800000      99.280289 
 31470080      96.800000      99.274485 
 31470080      96.800000      99.275729 
 31470080      96.800000      99.280279 
 31470080      96.800000      99.274699 
 31470080      96.800000      99.277962 
 31470080      96.800000      99.276793 
 31470080      96.800000      99.278323 
 31470080      96.800000      99.276430 
 31470080      96.800000      99.276431 
 31470080      96.800000      99.276006 
 31470080      96.800000      99.276089 
 31470080      96.800000      99.282158 
 31470080      96.800000      99.281675 
 31470080      96.800000      99.281418 
 31470080      96.800000      99.281368 
 31470080      96.800000      99.279034 
 31470080      96.800000      99.280618 
 31470080      96.800000      99.281658 
 31470080      96.800000      99.278099 
 31470080      96.800000      99.280458 
 31470080      96.800000      99.283003 
 31470080      96.800000      99.279877 
 31470080      96.800000      99.274005 
 31470080      96.800000      99.281773 
 31470080      96.800000      99.278395 
 31470080      96.800000      99.278504 
 31470080      96.800000      99.277871 
 31470080      96.800000      99.282204 
 31470080      96.800000      99.279675 
 31470080      96.800000      99.276501 
 31470080      96.800000      99.277406 
 31470080      96.800000      99.275297 
 31470080      96.800000      99.274962 
 31470080      96.800000      99.286799 
 31470080      96.800000      99.282823 
 31470080      96.800000      99.277105 
 31470080      96.800000      99.278464 
 31470080      96.800000      99.275691 
 31470080      96.800000      99.275332 
 31470080      96.800000      99.275724 
 31470080      96.800000      99.276023 
 31470080      96.800000      99.279063 
 31470080      96.800000      99.279523 
 31470080      96.800000      99.280548 
 31470080      96.800000      99.278606 
 31470080      96.800000      99.278419 
 31470080      96.800000      99.278428 
 31470080      96.800000      99.275302 
 31470080      96.800000      99.279517 
 31470080      96.800000      99.279532 
 31470080      96.800000      99.278631 
 31470080      96.800000      99.278207 
 31470080      96.800000      99.277449 
 31470080      96.800000      99.274277 
 31470080      96.800000      99.280441 
 31470080      96.800000      99.279149 
 31470080      96.800000      99.277728 
 31470080      96.800000      99.281261 
 31470080      96.800000      99.284435 
 31470080      96.800000      99.279742 
 31470080      96.800000      99.282241 
 31470080      96.800000      99.281099 
 31470080      96.800000      99.278206 
 31470080      96.800000      99.281343 
 31470080      96.800000      99.279646 
 31470080      96.800000      99.279266 
 31470080      96.800000      99.281909 
 31470080      96.800000      99.279342 
 31470080      96.800000      99.280095 
 31470080      96.800000      99.280364 
 31470080      96.800000      99.281224 
 31470080      96.800000      99.273954 
 31470080      96.800000      99.277319 
 31470080      96.800000      99.276943 
 31470080      96.800000      99.275545 
 31470080      96.800000      99.278101 
 31470080      96.800000      99.280198 
 31470080      96.800000      99.279062 
 31470080      96.800000      99.282023 
 31470080      96.800000      99.282981 
 31470080      96.800000      99.276513 
 31469824      96.800000     -80.507491 
 31469824      96.800000     -80.507797 
 31469824      96.800000     -80.506058 
 31469824      96.800000     -80.513228 
 31469824      96.800000     -80.511062 
 31469824      96.800000     -80.512026 
 31469824      96.800000     -80.511573 
 31469824      96.800000     -80.513015 
 31469824      96.800000     -80.511111 
 31469824      96.800000     -80.512039 
 31469824      96.800000     -80.511816 
 31469824      96.800000     -80.511389 
 31469824      96.800000     -80.512649 
 31469824      96.800000     -80.509031 
 31469824      96.800000     -80.508090 
 31469824      96.800000     -80.512464 
 31469824      96.800000     -80.510431 
 31469824      96.800000     -80.508572 
 31469824      96.800000     -80.508808 
 31469824      96.800000     -80.509251 
 31469824      96.800000     -80.507518 
 31469824      96.800000     -80.503370 
 31469824      96.800000     -80.511602 
 31469824      96.800000     -80.507746 
 31469824      96.800000     -80.510867 
 31469824      96.800000     -80.509819 
 31469824      96.800000     -80.507948 
 31469824      96.800000     -80.509454 
 31469824      96.800000     -80.506829 
 31469824      96.800000     -80.507787 
 31469824      96.800000     -80.509137 
 31469824      96.800000     -80.506014 
 31469824      96.800000     -80.507124 
 31469824      96.800000     -80.507849 
 31469824      96.800000     -80.511807 
 31469824      96.800000     -80.510428 
 31469824      96.800000     -80.510942 
 31469824      96.800000     -80.511048 
 31469824      96.800000     -80.512121 
 31469824      96.800000     -80.508323 
 31469824      96.800000     -80.510547 
 31469824      96.800000     -80.510935 
 31469824      96.800000     -80.507837 
 31469824      96.800000     -80.509427 
 31469824      96.800000     -80.505885 
 31469824      96.800000     -80.508297 
 31469824      96.800000     -80.509038 
 31469824      96.800000     -80.513236 
 31469824      96.800000     -80.510076 
 31469824      96.800000     -80.510474 
 31469824      96.800000     -80.509967 
 31469824      96.800000     -80.511088 
 31469824      96.800000     -80.509428 
 31469824      96.800000     -80.510370 
 31469824      96.800000     -80.508279 
 31469824      96.800000     -80.508104 
 31469824      96.800000     -80.507030 
 31469824      96.800000     -80.506159 
 31469824      96.800000     -80.508059 
 31469824      96.800000     -80.503334 
 31469824      96.800000     -80.506438 
 31469824      96.800000     -80.504026 
 31469824      96.800000     -80.509658 
 31469824      96.800000     -80.509534 
 31469824      96.800000     -80.508806 
 31469824      96.800000     -80.507392 
 31469824      10.400000     -80.507794 
 31469824      96.800000     -80.510000 
 31469824      96.800000     -80.507394 
 31469824      96.800000     -80.508419 
 31469824      96.800000     -80.506186 
 31469824      96.800000     -80.503960 
 31469824      96.800000     -80.506780 
 31469824      96.800000     -80.508286 
 31469824      96.800000     -80.513034 
 31469824      96.800000     -80.510463 
 31469824      96.800000     -80.512790 
 31469824      96.800000     -80.512682 
 31469824      96.800000     -80.509278 
 31469824      96.800000     -80.509714 
 31469824      96.800000     -80.509411 
 31469824      96.800000     -80.508463 
 31469824      96.800000     -80.511680 
 31469824      96.800000     -80.508454 
 31469824      96.800000     -80.510657 
 31469824      96.800000     -80.511875 
 31469824      96.800000     -80.506617 
 31469824      96.800000     -80.510005 
 31469824      96.800000     -80.507502 
 31469824      96.800000     -80.508079 
 31469824      96.800000     -80.508701 
 31469824      96.800000     -80.504651 
 31469824      96.800000     -80.510962 
 31469824      96.800000     -80.510994 
 31469824      96.800000     -80.512197 
 31469824      96.800000     -80.508716 
 31469824      96.800000     -80.511275 
 31469824      96.800000     -80.514088 
 31469824      96.800000     -80.511501 
 31469824      96.800000     -80.510318 
 31469824      96.800000     -80.510769 
 31469824      96.800000     -80.511559 
 31469824      96.800000     -80.508846 
 31469824      96.800000     -80.510388 
 31469824      96.800000     -80.508557 
 31469824      96.800000     -80.507724 
 31469824      96.800000     -80.505561 
 31469824      96.800000     -80.512474 
 31469824      96.800000     -80.509055 
 31469824      96.800000     -80.511682 
 31469824      96.800000     -80.506093 
 31469824      96.800000     -80.507537 
 31469824      96.800000     -80.508215 
 31469824      96.800000     -80.507860 
 31469824      96.800000     -80.507022 
 31469824       0.400000     -80.507945 
 31469824      96.800000     -80.506037 
 31469824      96.800000     -80.508044 
 31469824      96.800000     -80.507457 
 31469824      96.800000     -80.503767 
 31469824      96.800000     -80.507287 
 31469824      96.800000     -80.506013 
 31469824      96.800000     -80.506009 
 31469824      96.800000     -80.507389 
 31469824      96.800000     -80.507792 
 31469824      96.800000     -80.505254 
 31469824      96.800000     -80.511636 
 31469824      96.800000     -80.511763 
 31469824      96.800000     -80.507638 
 31469824      96.800000     -80.507495 
 31469824      96.800000     -80.511611 
 31469824      96.800000     -80.506855 
 31469824      96.800000     -80.510639 
 31469824      96.800000     -80.511585 
 31469824      96.800000     -80.506509 
 31469824      96.800000     -80.505768 
 31469824      96.800000     -80.505327 
 31469824      96.800000     -80.507498 
 31469824      96.800000     -80.503196 
 31469824      96.800000     -80.511247 
 31469824      96.800000     -80.510672 
 31469824      96.800000     -80.508703 
 31469824      96.800000     -80.508803 
 31469824      96.800000     -80.511888 
 31469824      96.800000     -80.512610 
 31469824      96.800000     -80.514141 
 31469824      96.800000     -80.508768 
 31469824      96.800000     -80.510717 
 31469824      96.800000     -80.509778 
 31469824      96.800000     -80.509502 
 31469824      96.800000     -80.507361 
 31469824      96.800000     -80.507230 
 31469824      96.800000     -80.509752 
 31469824      96.800000     -80.504585 
 31469824      96.800000     -80.507733 
 31469824      96.800000     -80.508213 
 31469824      96.800000     -80.507379 
 31469824      96.800000     -80.509909 
 31469824      96.800000     -80.510297 
 31469824      96.800000     -80.506076 
 31469824      96.800000     -80.509504 
 31469824      96.800000     -80.506517 
 31469824      96.800000     -80.507475 
 31469824      96.800000     -80.507899 
 31469824      96.800000     -80.508635 
 31469824      96.800000     -80.507316 
 31469824      96.800000     -80.504772 
 31469824      96.800000     -80.508490 
 31469824      96.800000     -80.506774 
 31469824      96.800000     -80.508435 
 31469824      96.800000     -80.510846 
 31469824      96.800000     -80.511402 
 31469824      96.800000     -80.509423 
 31469824      96.800000     -80.510255 
 31469824      96.800000     -80.509389 
 31469824      96.800000     -80.506598 
 31469824      96.800000     -80.507407 
 31469824      96.800000     -80.511009 
 31469824      96.800000     -80.513088 
 31469824      96.800000     -80.511632 
 31469824      96.800000     -80.509012 
 31469824      96.800000     -80.508715 
 46132992      96.800000     -82.413412 
 46132992      96.800000     -82.410680 
 46132992      96.800000     -82.412831 
 46132992      96.800000     -82.415389 
 46132992      96.800000     -82.414370 
 46132992      96.800000     -82.415591 
 46132992      96.800000     -82.415172 
 46132992      96.800000     -82.414874 
 46132992      96.800000     -82.418695 
 46132992      96.800000     -82.419545 
 46132992      96.800000     -82.415830 
 46132992      96.800000     -82.414556 
 46132992      96.800000     -82.416064 
 46132992      96.800000     -82.412711 
 46132992      96.800000     -82.417006 
 46132992      96.800000     -82.411358 
 46132992      96.800000     -82.413422 
 46132992      96.800000     -82.413068 
 46132992      96.800000     -82.420278 
 46132992      96.800000     -82.415976 
 46132992      96.800000     -82.417081 
 46132992      96.800000     -82.418406 
 46132992      96.800000     -82.418968 
 46132992      96.800000     -82.415777 
 46132992      96.800000     -82.411763 
 46132992      96.800000     -82.415531 
 46132992      96.800000     -82.418029 
 46132992      96.800000     -82.414366 
 46132992      96.800000     -82.414647 
 46132992      96.800000     -82.412762 
 46132992      96.800000     -82.415906 
 46132992      96.800000     -82.415284 
 46132992      96.800000     -82.414184 
 46132992      96.800000     -82.414502 
 46132992      96.800000     -82.414253 
 46132992      96.800000     -82.417331 
 46132992      96.800000     -82.417679 
 46132992      96.800000     -82.417535 
 46132992      96.800000     -82.413840 
 46132992      96.800000     -82.415300 
 46132992      96.800000     -82.414780 
 46132992      96.800000     -82.416876 
 46132992      96.800000     -82.413670 
 46132992      96.800000     -82.413825 
 46132992      96.800000     -82.413453 
 46132992      96.800000     -82.420400 
 46132992      96.800000     -82.418607 
 46132992      96.800000     -82.413565 
 46132992      96.800000     -82.416586 
 46132992      96.800000     -82.419761 
 46132992      96.800000     -82.417693 
 46132992      96.800000     -82.418135 
 46132992      96.800000     -82.415170 
 46132992      96.800000     -82.414838 
 46132992      96.800000     -82.413143 
 46132992      96.800000     -82.416604 
 46132992      96.800000     -82.419885 
 46132992      96.800000     -82.415865 
 46132992      96.800000     -82.415290 
 46132992      96.800000     -82.415352 
 46132992      96.800000     -82.414505 
 46132992      96.800000     -82.413274 
 46132992      96.800000     -82.418909 
 46132992      96.800000     -82.411460 
 46132992      96.800000     -82.411058 
 46132992      96.800000     -82.413558 
 46132992      96.800000     -82.411818 
 46132992      96.800000     -82.411937 
 46132992      96.800000     -82.412478 
 46132992      96.800000     -82.414798 
 46132992      96.800000     -82.416951 
 46132992      96.800000     -82.414970 
 46132992      96.800000     -82.417958 
 46132992      96.800000     -82.418182 
 46132992      96.800000     -82.416160 
 46132992      96.800000     -82.414606 
 46132992      96.800000     -82.411874 
 46132992      96.800000     -82.418285 
 46132992      96.800000     -82.413294 
 46132992      96.800000     -82.416569 
 46132992      96.800000     -82.417211 
 46132992      96.800000     -82.417808 
 46132992      96.800000     -82.417763 
 46132992      96.800000     -82.417840 
 46132992      96.800000     -82.417204 
 46132992      96.800000     -82.421063 
 46132992      96.800000     -82.412921 
 46132992      96.800000     -82.418448 
 46132992      96.800000     -82.415983 
 46132992      96.800000     -82.415311 
 46132992      96.800000     -82.417069 
 46132992      96.800000     -82.416228 
 46132992      96.800000     -82.421422 
 46132992      96.800000     -82.415682 
 46132992      96.800000     -82.418197 
 46132992      96.800000     -82.413716 
 46132992      96.800000     -82.418281 
 46132992      96.800000     -82.416519 
 46132992      96.800000     -82.420218 
 46132992      96.800000     -82.418049 
 46132992      96.800000     -82.418278 
 46132992      96.800000     -82.416743 
 46132992      96.800000     -82.415038 
 46132992      96.800000     -82.416206 
 46132992      96.800000     -82.415541 
 46132992      96.800000     -82.417779 
 46132992      96.800000     -82.417708 
 46132992      96.800000     -82.418455 
 46132992      96.800000     -82.418598 
 46132992      96.800000     -82.414952 
 46132992      96.800000     -82.416947 
 46132992      96.800000     -82.419862 
 46132992      96.800000     -82.418548 
 46132992      96.800000     -82.417368 
 46132992       0.400000     -82.414372 
 46132992      96.800000     -82.408232 
 46132992      96.800000     -82.412058 
 46132992      96.800000     -82.410742 
 46132992      96.800000     -82.414481 
 46132992      96.800000     -82.417912 
 46132992      96.800000     -82.413844 
 46132992      96.800000     -82.417324 
 46132992      96.800000     -82.418836 
 46132992      96.800000     -82.415440 
 46132992      96.800000     -82.415474 
 46132992      96.800000     -82.413893 
 46132992      96.800000     -82.414997 
 46132992      96.800000     -82.420766 
 46132992      96.800000     -82.413428 
 46132992      96.800000     -82.415260 
 46132992      96.800000     -82.418441 
 46132992      96.800000     -82.412054 
 46132992      96.800000     -82.413919 
 46132992      96.800000     -82.415077 
 46132992      96.800000     -82.414955 
 46132992      96.800000     -82.412188 
 46132992      96.800000     -82.411474 
 46132992      96.800000     -82.414026 
 46132992      96.800000     -82.417743 
 46132992      96.800000     -82.415653 
 46132992      96.800000     -82.417212 
 46132992      96.800000     -82.414523 
 46132992      96.800000     -82.417022 
 46132992      96.800000     -82.412257 
 46132992      96.800000     -82.414960 
 46132992      96.800000     -82.412014 
 46132992      96.800000     -82.412897 
 46132992      96.800000     -82.414372 
 46132992      96.800000     -82.413615 
 46132992      96.800000     -82.418986 
 46132992      96.800000     -82.417011 
 46132992      96.800000     -82.414073 
 46132992      96.800000     -82.415888 
 46132992      96.800000     -82.415043 
 46132992      96.800000     -82.415493 
 46132992      96.800000     -82.413873 
 46132992      96.800000     -82.415120 
 46132992      96.800000     -82.414862 
 46132992      96.800000     -82.415188 
 46132992      96.800000     -82.418551 
 46132992      96.800000     -82.416084 
 46132992      96.800000     -82.414067 
 46132992      96.800000     -82.412854 
 46132992      96.800000     -82.418727 
 46132992      96.800000     -82.413399 
 46132992      96.800000     -82.412990 
 46132992      96.800000     -82.415331 
 46132992      96.800000     -82.418807 
 46132992      96.800000     -82.418160 
 46132992      96.800000     -82.415450 
 46132992      96.800000     -82.415668 
 46132992      96.800000     -82.417096 
 46132992      96.800000     -82.415177 
 46132992      96.800000     -82.413799 
 46132992      96.800000     -82.418956 
 46132992      96.800000     -82.418490 
 46132992      96.800000     -82.417116 
 46132992      96.800000     -82.414374 
 46132992      96.800000     -82.413046 
 46132992      96.800000     -82.413579 
 46132992      96.800000     -82.418174 
 46132992      96.800000     -82.417876 
 46132992      96.800000     -82.414623 
 46132992      96.800000     -82.416000 
 46132992      96.800000     -82.416567 
 46132992      96.800000     -82.418292 
 46132992      96.800000     -82.412842 
 46132992      96.800000     -82.413675 
 46132992      96.800000     -82.414428 
 46132992      96.800000     -82.415427 
 46132992      96.800000     -82.413869 
 46132992      96.800000     -82.413661 
 46132992      96.800000     -82.416388 
 46132992      96.800000     -82.416064 
 46132992      96.800000     -82.418082 
 46132992      96.800000     -82.417878 
 46132992      96.800000     -82.414233 
 46132992      96.800000     -82.413433 
 46132992      96.800000     -82.416244 
 46132992      96.800000     -82.416365 
 46132992      96.800000     -82.416669 
 46132992      96.800000     -82.417301 
 46132992      96.800000     -82.416697 
 46132992      96.800000     -82.417798 
 46132992      96.800000     -82.417454 
 46132992      96.800000     -82.415652 
 46132992      96.800000     -82.420000 
 46132992      96.800000     -82.418789 
 46132992      96.800000     -82.414724 
 46132992      96.800000     -82.417198 
 46132992      96.800000     -82.417991 
 46132992      96.800000     -82.416983 
 46132992      96.800000     -82.416159 
 46132992      96.800000     -82.419403 
 46132992      96.800000     -82.418375 
 46132992      96.800000     -82.419051 
 46132992      96.800000     -82.422420 
 46132992      96.800000     -82.415082 
 46132992      96.800000     -82.417132 
 46132992      96.800000     -82.416890 
 46132992      96.800000     -82.418807 
 46132992      96.800000     -82.416054 
 46132992      96.800000     -82.417085 
 46132992      96.800000     -82.414884 
 46132992      96.800000     -82.422568 
 46132992      96.800000     -82.419006 
 46132992      96.800000     -82.416275 
 46132992      96.800000     -82.417072 
 46132992      10.400000     -82.414197 
 46132992      96.800000     -82.414206 
 46132992      96.800000     -82.413476 
 46132992      96.800000     -82.413608 
 46132992      96.800000     -82.411774 
 46132992      96.800000     -82.410396 
 46132992      96.800000     -82.417437 
 46132992      96.800000     -82.417577 
 46132992      96.800000     -82.414993 
 46132992      96.800000     -82.419137 
 46132992      96.800000     -82.416937 
 46132992      96.800000     -82.413522 
 46132992      96.800000     -82.415097 
 46132992      96.800000     -82.414161 
 46132992      96.800000     -82.415435 
 46132992      96.800000     -82.415032 
 46132992      96.800000     -82.413733 
 46132992      96.800000     -82.415255 
 46132992      96.800000     -82.416344 
 46132992      96.800000     -82.414164 
 46132992      96.800000     -82.416255 
 46132992      96.800000     -82.413201 
 46132992      96.800000     -82.417029 
 46132992      96.800000     -82.419888 
 46132992      96.800000     -82.417757 
 46132992      96.800000     -82.417188 
 46132992      96.800000     -82.420480 
 46132992      96.800000     -82.412696 
 46132992      96.800000     -82.412756 
 46132992      96.800000     -82.416708 
 46132992      96.800000     -82.413530 
 46132992      96.800000     -82.416445 
 46132992      96.800000     -82.418035 
 46132992      96.800000     -82.413764 
 46132992      96.800000     -82.417403 
 46132992      96.800000     -82.415238 
 46132992      96.800000     -82.413727 
 46132992      96.800000     -82.415626 
 46132992      96.800000     -82.417344 
 46132992      96.800000     -82.415436 
 46132992      96.800000     -82.413901 
 46132992      96.800000     -82.412592 
 46132992      96.800000     -82.416747 
 46132992      96.800000     -82.416318 
 46132992      96.800000     -82.415882 
 46132992      96.800000     -82.413870 
 46132992      96.800000     -82.416569 
 46132992      96.800000     -82.416762 
 46132992      96.800000     -82.417343 
 46132992      96.800000     -82.416643 
 46132992      96.800000     -82.416406 
 46132992      96.800000     -82.416900 
 46132992      96.800000     -82.416858 
 46132992      96.800000     -82.416564 
 46132992      96.800000     -82.413613 
 46132992      96.800000     -82.413373 
 46132992      96.800000     -82.418155 
 46132992      96.800000     -82.418780 
 46132992      96.800000     -82.415047 
 46132992      96.800000     -82.414153 
 46132992      96.800000     -82.416999 
 46132992      96.800000     -82.416316 
 46132992      96.800000     -82.415769 
 46132992      96.800000     -82.417874 
 46132992      96.800000     -82.413298 
 46132992      96.800000     -82.415064 
 46132992      96.800000     -82.417784 
 46132992      96.800000     -82.413395 
 46132992      96.800000     -82.416608 
 46132992      96.800000     -82.411873 
 46132992      96.800000     -82.414533 
 46132992      96.800000     -82.415961 
 46132992      96.800000     -82.417107 
 46132992      96.800000     -82.415559 
 46132992      96.800000     -82.417411 
 46132992      96.800000     -82.414713 
 46132992      96.800000     -82.415524 
 46132992      96.800000     -82.414110 
 46132992      96.800000     -82.413793 
 46132992      96.800000     -82.412236 
 46132992      96.800000     -82.413164 
 46132992      96.800000     -82.411628 
 46132992      96.800000     -82.416954 
 46132992      96.800000     -82.415665 
 46132992      96.800000     -82.415765 
 46132992      96.800000     -82.413747 
 46132992      96.800000     -82.415720 
 46132992      96.800000     -82.414760 
 46132992      96.800000     -82.415634 
 46132992      96.800000     -82.416200 
 46132992      96.800000     -82.417731 
 46132992      96.800000     -82.417655 
 46132992      96.800000     -82.416659 
 46132992      96.800000     -82.415768 
 46132992      96.800000     -82.419624 
 46132992      96.800000     -82.415762 
 46132992      96.800000     -82.421405 
 46132992      96.800000     -82.417981 
 46132992      96.800000     -82.417234 
 46132992      96.800000     -82.419144 
 46132992      96.800000     -82.417529 
 46132992      96.800000     -82.416944 
 46132992      96.800000     -82.416584 
 46132992      96.800000     -82.417051 
 46132992      96.800000     -82.414292 
 46132992      96.800000     -82.417223 
 46132992      96.800000     -82.414780 
 46132992      96.800000     -82.417737 
 46132992      96.800000     -82.416941 
 46132992      96.800000     -82.416021 
 46132992      96.800000     -82.417673 
 46132992      96.800000     -82.418799 
 46132992      96.800000     -82.416805 
 46132992      96.800000     -82.413214 
 46132992      96.800000     -82.411241 
 46132992      96.800000     -82.409516 
 46132992      96.800000     -82.412822 
 46132992      96.800000     -82.415845 
 46132992      96.800000     -82.419366 
 46132992      96.800000     -82.414617 
 46132992      96.800000     -82.413749 
 46132992      96.800000     -82.414544 
 46132992      96.800000     -82.415742 
 46132992      96.800000     -82.413917 
 46132992      96.800000     -82.415049 
 46132992      96.800000     -82.416479 
 46132992      96.800000     -82.417138 
 46132992      96.800000     -82.411930 
 46132992      96.800000     -82.414329 
 46132992      96.800000     -82.413085 
 46132992      96.800000     -82.416332 
 46132992      96.800000     -82.414746 
 46132992      96.800000     -82.410630 
 46132992      96.800000     -82.414118 
 46132992      96.800000     -82.412870 
 46132992      96.800000     -82.411488 
 46132992      96.800000     -82.420534 
 46132992      96.800000     -82.419393 
 46132992      96.800000     -82.415965 
 46132992      96.800000     -82.411265 
 46132992      96.800000     -82.414638 
 46132992      96.800000     -82.412447 
 46132992      96.800000     -82.411843 
 46132992      96.800000     -82.411939 
 46132992      96.800000     -82.416628 
 46132992      96.800000     -82.414788 
 46132992      96.800000     -82.413673 
 46132992      96.800000     -82.413968 
 46132992      96.800000     -82.418569 
 46132992      96.800000     -82.421287 
 46132992      96.800000     -82.415360 
 46132992      96.800000     -82.417636 
 46132992      96.800000     -82.416298 
 46132992      96.800000     -82.413502 
 46132992      96.800000     -82.413413 
 46132992      96.800000     -82.416663 
 46132992      96.800000     -82.414692 
 46132992      96.800000     -82.412421 
 46132992      96.800000     -82.413327 
 46132992      96.800000     -82.414888 
 46132992      96.800000     -82.417059 
 46132992      96.800000     -82.415513 
 46132992      96.800000     -82.416969 
 46132992      96.800000     -82.415366 
 46132992      96.800000     -82.414027 
 46132992      96.800000     -82.415325 
 46132992      96.800000     -82.417493 
 46132992      96.800000     -82.414273 
 46132992      96.800000     -82.417896 
 46132992      96.800000     -82.414159 
 46132992      96.800000     -82.418112 
 46132992      96.800000     -82.419838 
 46132992      96.800000     -82.417737 
 46132992      96.800000     -82.413371 
 46132992      96.800000     -82.416452 
 46132992      96.800000     -82.416447 
 46132992      96.800000     -82.413953 
 46132992      96.800000     -82.412525 
 46132992      96.800000     -82.413436 
 46132992      96.800000     -82.415698 
 46132992      96.800000     -82.414324 
 46132992      96.800000     -82.415074 
 46132992      96.800000     -82.413995 
 46132992      96.800000     -82.415346 
 46132992      96.800000     -82.418875 
 46132992      96.800000     -82.415250 
 46132992      96.800000     -82.415942 
 46132992      96.800000     -82.416155 
 46132992      96.800000     -82.412029 
 46132992      96.800000     -82.411466 
 46132992      96.800000     -82.412860 
 46132992      96.800000     -82.408954 
 46132992      96.800000     -82.414470 
 46132992      96.800000     -82.419020 
 46132992      96.800000     -82.419252 
 46132992      96.800000     -82.416829 
 46132992      96.800000     -82.414935 
 46132992      96.800000     -82.416708 
 46132992      96.800000     -82.416559 
 46132992      96.800000     -82.417617 
 46132992      96.800000     -82.416657 
 46132992      96.800000     -82.417047 
 46132992      96.800000     -82.417297 
 46132992      96.800000     -82.418430 
 46132992      96.800000     -82.414159 
 46132992      96.800000     -82.416092 
 46132992      96.800000     -82.418935 
 46132992      96.800000     -82.419979 
 46132992      96.800000     -82.417101 
 46132992      96.800000     -82.416015 
 46132992      96.800000     -82.416688 
 46132992      96.800000     -82.419741 
 46132992      96.800000     -82.417979 
 46132992      96.800000     -82.416501 
 46132992      96.800000     -82.416967 
 46132992      96.800000     -82.413986 
 46132992      96.800000     -82.414994 
 46132992      96.800000     -82.417145 
 46132992      96.800000     -82.416297 
 46132992      96.800000     -82.415222 
 46132992      96.800000     -82.417568 
 46132992      96.800000     -82.417150 
 46132992      96.800000     -82.416128 
 46132992      96.800000     -82.418222 
 46135552      96.800000     -87.085869 
 46135552      96.800000     -87.085753 
 46135552      96.800000     -87.081960 
 46135552      96.800000     -87.080380 
 46135552      96.800000     -87.083745 
 46135552      96.800000     -87.085425 
 46135552      96.800000     -87.085369 
 46135552      96.800000     -87.086560 
 46135552      96.800000     -87.083783 
 46135552      96.800000     -87.084023 
 46135552      96.800000     -87.085535 
 46135552      96.800000     -87.082904 
 46135552      96.800000     -87.080702 
 46135552      96.800000     -87.083242 
 46135552      96.800000     -87.082753 
 46135552      96.800000     -87.081471 
 46135552      96.800000     -87.083404 
 46135552      96.800000     -87.080576 
 46135552      96.800000     -87.081029 
 46135552      96.800000     -87.078983 
 46135552      96.800000     -87.083001 
 46135552      96.800000     -87.078217 
 46135552      96.800000     -87.084101 
 46135552      96.800000     -87.079196 
 46135552      96.800000     -87.081696 
 46135552      96.800000     -87.080545 
 46135552      96.800000     -87.081439 
 46135552      96.800000     -87.081932 
 46135552      96.800000     -87.086106 
 46135552      96.800000     -87.085080 
 46135552      96.800000     -87.083676 
 46135552      96.800000     -87.087181 
 46135552      96.800000     -87.084757 
 46135552      96.800000     -87.080636 
 46135552      96.800000     -87.078225 
 46135552      96.800000     -87.078318 
 46135552      96.800000     -87.076977 
 46135552      96.800000     -87.075101 
 46135552      96.800000     -87.085533 
 46135552      96.800000     -87.085580 
 46135552      96.800000     -87.084074 
 46135552      96.800000     -87.087878 
 46135552      96.800000     -87.083870 
 46135552      96.800000     -87.085967 
 46135552      96.800000     -87.088405 
 46135552      96.800000     -87.087546 
 46135552      96.800000     -87.084787 
 46135552      96.800000     -87.085110 
 46135552      96.800000     -87.081669 
 46135552      96.800000     -87.085222 
 46135552      96.800000     -87.082339 
 46135552      96.800000     -87.088931 
 46135552      96.800000     -87.080249 
 46135552      96.800000     -87.082526 
 46135552      96.800000     -87.084476 
 46135552      96.800000     -87.083474 
 46135552      96.800000     -87.083128 
 46135552      96.800000     -87.083093 
 46135552      96.800000     -87.082958 
 46135552      96.800000     -87.086438 
 46135552      96.800000     -87.079875 
 46135552      96.800000     -87.086172 
 46135552      96.800000     -87.080997 
 46135552      96.800000     -87.086371 
 46135552      96.800000     -87.085879 
 46135552      96.800000     -87.086658 
 46135552      96.800000     -87.087276 
 46135552      96.800000     -87.084420 
 46135552      96.800000     -87.086145 
 46135552      96.800000     -87.088281 
 46135552      96.800000     -87.083814 
 46135552      96.800000     -87.084420 
 46135552      96.800000     -87.082779 
 46135552      96.800000     -87.081437 
 46135552      96.800000     -87.080744 
 46135552      96.800000     -87.084606 
 46135552      96.800000     -87.085436 
 46135552      96.800000     -87.080194 
 46135552      96.800000     -87.079424 
 46135552      96.800000     -87.080453 
 46135552      96.800000     -87.079355 
 46135552      96.800000     -87.078146 
 46135552      96.800000     -87.076745 
 46135552      96.800000     -87.081503 
 46135552      96.800000     -87.084907 
 46135552      96.800000     -87.085496 
 46135552      96.800000     -87.084611 
 46135552      96.800000     -87.078651 
 46135552      96.800000     -87.078757 
 46135552      96.800000     -87.079956 
 46135552      96.800000     -87.078199 
 46135552      96.800000     -87.075321 
 46135552      96.800000     -87.080886 
 46135552      96.800000     -87.079907 
 46135552      96.800000     -87.079691 
 46135552      96.800000     -87.082335 
 46135552      96.800000     -87.081198 
 46135552      96.800000     -87.081428 
 46135552      96.800000     -87.076994 
 46135552      96.800000     -87.079264 
 46135552      96.800000     -87.079101 
 46135552      96.800000     -87.081776 
 46135552      96.800000     -87.078942 
 46135552      96.800000     -87.081238 
 46135552      96.800000     -87.082012 
 46135552      96.800000     -87.080648 
 46135552      96.800000     -87.083456 
 46135552      96.800000     -87.084959 
 46135552      96.800000     -87.085734 
 46135552      96.800000     -87.083693 
 46135552      96.800000     -87.079661 
 46135552      96.800000     -87.080522 
 46135552      96.800000     -87.079254 
 46135552      96.800000     -87.080453 
 46135552      96.800000     -87.082251 
 46135552      96.800000     -87.081449 
 46135552      96.800000     -87.083434 
 46135552      96.800000     -87.083886 
 46135552      96.800000     -87.082929 
 46135552      96.800000     -87.082023 
 46135552      96.800000     -87.084530 
 46135552      96.800000     -87.085240 
 46135552      96.800000     -87.082160 
 46135552      96.800000     -87.081768 
 46135552      96.800000     -87.084676 
 46135552      96.800000     -87.079639 
 46135552      96.800000     -87.082843 
 46135552      96.800000     -87.079920 
 46135552      96.800000     -87.085784 
 46135552      96.800000     -87.082076 
 46135552      96.800000     -87.083206 
 46135552      96.800000     -87.082044 
 46135552      96.800000     -87.079675 
 46135552      96.800000     -87.082428 
 46135552      96.800000     -87.081708 
 46135552      96.800000     -87.083470 
 46135552      96.800000     -87.077631 
 46135552      96.800000     -87.081024 
 46135552      96.800000     -87.077736 
 46135552      96.800000     -87.078669 
 46135552      96.800000     -87.081327 
 46135552      96.800000     -87.081663 
 46135552      96.800000     -87.081576 
 46135552      96.800000     -87.083260 
 46135552      96.800000     -87.079924 
 46135552      96.800000     -87.083823 
 46135552      96.800000     -87.083020 
 46135552      96.800000     -87.084637 
 46135552      96.800000     -87.086410 
 46135552      96.800000     -87.083486 
 46135552      96.800000     -87.083430 
 46135552      96.800000     -87.082176 
 46135552      96.800000     -87.086399 
 46135552      96.800000     -87.082667 
 46135552      96.800000     -87.082287 
 46135552      96.800000     -87.075182 
 46135552      96.800000     -87.077699 
 46135552      96.800000     -87.077829 
 46135552      96.800000     -87.075912 
 46135552      96.800000     -87.090797 
 46135552      96.800000     -87.087421 
 46135552      96.800000     -87.090164 
 46135552      96.800000     -87.084591 
 46135552      96.800000     -87.083294 
 46135552      96.800000     -87.082219 
 46135552      96.800000     -87.086240 
 46135552      96.800000     -87.081357 
 46135552      96.800000     -87.085291 
 46135552      96.800000     -87.088308 
 46135552      96.800000     -87.087253 
 46135552      96.800000     -87.084299 
 46135552      96.800000     -87.083585 
 46135552      96.800000     -87.081092 
 46135552      96.800000     -87.086174 
 46135552      96.800000     -87.083001 
 46135552      96.800000     -87.083626 
 46135552      96.800000     -87.083261 
 46135552      96.800000     -87.087392 
 46135552      96.800000     -87.084229 
 46135552      96.800000     -87.083634 
 46135552      96.800000     -87.083036 
 46135552      96.800000     -87.083936 
 46135552      96.800000     -87.085361 
 46135552      96.800000     -87.081492 
 46135552      96.800000     -87.080463 
 46135552      96.800000     -87.083398 
 46135552      96.800000     -87.087855 
 46135552      96.800000     -87.085329 
 46135552      96.800000     -87.080623 
 46135552      96.800000     -87.081788 
 46135552      96.800000     -87.082201 
 46135552      96.800000     -87.076695 
 46135552      96.800000     -87.077737 
 46135552      96.800000     -87.080934 
 46135552      96.800000     -87.078687 
 46135552      96.800000     -87.083350 
 46135552      96.800000     -87.078483 
 46135552      96.800000     -87.077259 
 46135552      96.800000     -87.079876 
 46135552      96.800000     -87.075889 
 46135552      96.800000     -87.086486 
 46135552      96.800000     -87.080983 
 46135552      96.800000     -87.084910 
 46135552      96.800000     -87.083637 
 46135552      96.800000     -87.079771 
 46135552      96.800000     -87.079806 
 46135552      96.800000     -87.080126 
 46135552      96.800000     -87.082686 
 46135552      96.800000     -87.080172 
 46135552      96.800000     -87.080310 
 46135552      96.800000     -87.079412 
 46135552      96.800000     -87.080145 
 46135552      96.800000     -87.079225 
 46135552      96.800000     -87.081619 
 46135552      96.800000     -87.081828 
 46135552      96.800000     -87.079944 
 46135552      96.800000     -87.080100 
 46135552      96.800000     -87.082104 
 46135552      96.800000     -87.085034 
 46135552      96.800000     -87.082768 
 46135552      96.800000     -87.081393 
 46135552      96.800000     -87.082079 
 46135552      10.400000     -87.082101 
 46135552      96.800000     -87.079857 
 46135552      96.800000     -87.081376 
 46135552      96.800000     -87.083597 
 46135552      96.800000     -87.085746 
 46135552      96.800000     -87.084570 
 46135552      96.800000     -87.085503 
 46135552      96.800000     -87.081480 
 46135552      96.800000     -87.082044 
 46135552      96.800000     -87.080720 
 46135552      96.800000     -87.081465 
 46135552      96.800000     -87.081143 
 46135552      96.800000     -87.083628 
 46135552      96.800000     -87.080297 
 46135552      96.800000     -87.082299 
 46135552      96.800000     -87.081337 
 46135552      96.800000     -87.081740 
 46135552      96.800000     -87.081377 
 46135552      96.800000     -87.085194 
 46135552      96.800000     -87.081640 
 46135552      96.800000     -87.081112 
 46135552      96.800000     -87.081577 
 46135552      96.800000     -87.081622 
 46135552      96.800000     -87.077913 
 46135552      96.800000     -87.081155 
 46135552      96.800000     -87.078815 
 46135552      96.800000     -87.083426 
 46135552      96.800000     -87.082459 
 46135552      96.800000     -87.082965 
 46135552      96.800000     -87.083654 
 46135552      96.800000     -87.081479 
 46135552      96.800000     -87.085202 
 46135552      96.800000     -87.084779 
 46135552      96.800000     -87.083883 
 46135552      96.800000     -87.083635 
 46135552      96.800000     -87.086169 
 46135552      96.800000     -87.084254 
 46135552      96.800000     -87.082086 
 46135552      96.800000     -87.085856 
 46135552      96.800000     -87.081790 
 46135552      96.800000     -87.079348 
 46135552      96.800000     -87.077081 
 46135552      96.800000     -87.077997 
 46135552      96.800000     -87.087466 
 46135552      96.800000     -87.086448 
 46135552      96.800000     -87.079413 
 46135552      96.800000     -87.089993 
 46135552      96.800000     -87.081057 
 46135552      96.800000     -87.080518 
 46135552      96.800000     -87.082310 
 46135552      96.800000     -87.081406 
 46135552      96.800000     -87.084814 
 46135552      96.800000     -87.087775 
 46135552      96.800000     -87.084863 
 46135552      96.800000     -87.084750 
 46135552      96.800000     -87.083076 
 46135552      96.800000     -87.082262 
 46135552      96.800000     -87.084188 
 46135552      96.800000     -87.085010 
 46135552      96.800000     -87.084970 
 46135552      96.800000     -87.081574 
 46135552      96.800000     -87.083142 
 46135552      96.800000     -87.085217 
 46135552      96.800000     -87.087025 
 46135552      96.800000     -87.083345 
 46135552      96.800000     -87.082624 
 46135552      96.800000     -87.080304 
 46135552      96.800000     -87.083985 
 46135552      96.800000     -87.082720 
 46135552      96.800000     -87.085362 
 46135552      96.800000     -87.081871 
 46135552      96.800000     -87.084979 
 46135552      96.800000     -87.080813 
 46135552      96.800000     -87.083140 
 46135552      96.800000     -87.081098 
 46135552      96.800000     -87.077788 
 46135552      96.800000     -87.079386 
 46135552      96.800000     -87.082148 
 46135552      96.800000     -87.083299 
 46135552      96.800000     -87.077205 
 46135552      96.800000     -87.082218 
 46135552      96.800000     -87.076855 
 46135552      96.800000     -87.076768 
 46135552      96.800000     -87.080152 
 46135552      96.800000     -87.083274 
 46135552      96.800000     -87.078684 
 46135552      96.800000     -87.083388 
 46135552      96.800000     -87.082397 
 46135552      96.800000     -87.083836 
 46135552      96.800000     -87.080972 
 46135552      96.800000     -87.079100 
 46135552      96.800000     -87.078896 
 46135552      96.800000     -87.078617 
 46135552      96.800000     -87.085009 
 46135552      96.800000     -87.083961 
 46135552      96.800000     -87.080592 
 46135552      96.800000     -87.076978 
 46135552      96.800000     -87.081756 
 46135552      96.800000     -87.079919 
 46135552      96.800000     -87.082578 
 46135552      96.800000     -87.077779 
 46135552      96.800000     -87.080515 
 46135552      96.800000     -87.079071 
 46135552      96.800000     -87.078145 
 46135552      96.800000     -87.081585 
 46135552      96.800000     -87.078843 
 46135552      96.800000     -87.080644 
 46135552      96.800000     -87.086639 
 46135552      96.800000     -87.083875 
 46135552      96.800000     -87.084079 
 46135552      96.800000     -87.085903 
 46135552      96.800000     -87.083519 
 46135552      96.800000     -87.083288 
 46135552      96.800000     -87.080113 
 46135552      96.800000     -87.081041 
 46135552      96.800000     -87.081573 
 46135552       0.400000     -87.082008 
 46135552      96.800000     -87.082624 
 46135552      96.800000     -87.080785 
 46135552      96.800000     -87.082742 
 46135552      96.800000     -87.081487 
 46135552      96.800000     -87.082885 
 46135552      96.800000     -87.083481 
 46135552      96.800000     -87.082766 
 46135552      96.800000     -87.081436 
 46135552      96.800000     -87.082728 
 46135552      96.800000     -87.083069 
 46135552      96.800000     -87.086296 
 46135552      96.800000     -87.079537 
 46135552      96.800000     -87.083797 
 46135552      96.800000     -87.084930 
 46135552      96.800000     -87.084885 
 46135552      96.800000     -87.082275 
 46135552      96.800000     -87.079776 
 46135552      96.800000     -87.079585 
 46135552      96.800000     -87.080447 
 46135552      96.800000     -87.079021 
 46135552      96.800000     -87.079065 
 46135552      96.800000     -87.078861 
 46135552      96.800000     -87.079234 
 46135552      96.800000     -87.081877 
 46135552      96.800000     -87.083615 
 46135552      96.800000     -87.081491 
 46135552      96.800000     -87.081960 
 46135552      96.800000     -87.086680 
 46135552      96.800000     -87.082872 
 46135552      96.800000     -87.085973 
 46135552      96.800000     -87.084185 
 46135552      96.800000     -87.086143 
 46135552      96.800000     -87.080613 
 46135552      96.800000     -87.082414 
 46135552      96.800000     -87.076763 
 46135552      96.800000     -87.076348 
 46135552      96.800000     -87.077201 
 46135552      96.800000     -87.081001 
 46135552      96.800000     -87.086971 
 46135552      96.800000     -87.087193 
 46135552      96.800000     -87.085766 
 46135552      96.800000     -87.078231 
 46135552      96.800000     -87.081901 
 46135552      96.800000     -87.084651 
 46135552      96.800000     -87.084354 
 46135552      96.800000     -87.086869 
 46135552      96.800000     -87.085036 
 46135552      96.800000     -87.082856 
 46135552      96.800000     -87.088468 
 46135552      96.800000     -87.083468 
 46135552      96.800000     -87.090001 
 46135552      96.800000     -87.082173 
 46135552      96.800000     -87.083898 
 46135552      96.800000     -87.080983 
 46135552      96.800000     -87.086755 
 46135552      96.800000     -87.083181 
 46135552      96.800000     -87.083627 
 46135552      96.800000     -87.080151 
 46135552      96.800000     -87.082433 
 46135552      96.800000     -87.086262 
 46135552      96.800000     -87.083161 
 46135552      96.800000     -87.079485 
 46135552      96.800000     -87.084229 
 46135552      96.800000     -87.085661 
 46135552      96.800000     -87.080537 
 46135552      96.800000     -87.087555 
 46135552      96.800000     -87.086805 
 46135552      96.800000     -87.080202 
 46135552      96.800000     -87.085587 
 46135552      96.800000     -87.083559 
 46135552      96.800000     -87.078512 
 46135552      96.800000     -87.079827 
 46135552      96.800000     -87.078501 
 46135552      96.800000     -87.081364 
 46135552      96.800000     -87.077732 
 46135552      96.800000     -87.080184 
 46135552      96.800000     -87.079590 
 46135552      96.800000     -87.076987 
 46135552      96.800000     -87.078294 
 46135552      96.800000     -87.079012 
 46135552      96.800000     -87.086193 
 46135552      96.800000     -87.084217 
 46135552      96.800000     -87.087512 
 46135552      96.800000     -87.081622 
 46135552      96.800000     -87.081479 
 46135552      96.800000     -87.079551 
 46135552      96.800000     -87.078431 
 46135552      96.800000     -87.080272 
 46135552      96.800000     -87.079281 
 46135552      96.800000     -87.083444 
 46135552      96.800000     -87.085362 
 46135552      96.800000     -87.084182 
 46135552      96.800000     -87.082051 
 46135552      96.800000     -87.083409 
 46135552      96.800000     -87.080435 
 46135552      96.800000     -87.079928 
 46135552      96.800000     -87.082134 
 46135552      96.800000     -87.079080 
 46135552      96.800000     -87.080793 
 46135552      96.800000     -87.079368 
 46135552      96.800000     -87.078352 
 46135552      96.800000     -87.081038 
 46135552      96.800000     -87.078914 
 46135552      96.800000     -87.076974 
 46135552      96.800000     -87.083694 
 46135552      96.800000     -87.086505 
 46135552      96.800000     -87.081730 
 46135552      96.800000     -87.080973 
 46135552      96.800000     -87.083677 
 46135552      96.800000     -87.083651 
 46135552      96.800000     -87.083004 
 46135552      96.800000     -87.079095 
 46135552      96.800000     -87.083685 
