## MACS0744 IRAC ch2 observation
# 1 AOR
# 2 EXPTIME
# 3 CROTA2
 46129664      96.800000      79.127767 
 46129664      96.800000      79.160924 
 46129664      96.800000      79.132114 
 46129664      96.800000      79.141234 
 46129664      96.800000      79.130918 
 46129664      96.800000      79.144037 
 46129664      96.800000      79.145971 
 46129664      96.800000      79.125211 
 46129664      96.800000      79.130090 
 46129664      96.800000      79.134555 
 46129664      96.800000      79.137213 
 46129664      96.800000      79.119814 
 46129664      96.800000      79.146064 
 46129664      96.800000      79.135243 
 46129664      96.800000      79.149893 
 46129664      96.800000      79.145699 
 46129664      96.800000      79.146424 
 46129664      96.800000      79.147297 
 46129664      96.800000      79.141220 
 46129664      96.800000      79.155264 
 46129664      96.800000      79.142462 
 46129664      96.800000      79.148671 
 46129664      96.800000      79.137050 
 46129664      96.800000      79.133524 
 46129664      96.800000      79.147764 
 46129664      96.800000      79.141003 
 46129664      96.800000      79.134134 
 46129664      96.800000      79.151820 
 46129664      96.800000      79.141449 
 46129664      96.800000      79.157352 
 46129664      96.800000      79.158497 
 46129664      96.800000      79.151066 
 46129664      96.800000      79.148396 
 46129664      96.800000      79.153021 
 46129664      96.800000      79.130174 
 46129664      96.800000      79.126037 
 46129664      96.800000      79.131773 
 46129664      96.800000      79.138900 
 46129664      96.800000      79.140577 
 46129664      96.800000      79.126424 
 46129664      96.800000      79.138340 
 46129664      96.800000      79.149514 
 46129664      96.800000      79.132323 
 46129664      96.800000      79.144044 
 46129664      96.800000      79.150563 
 46129664      96.800000      79.145552 
 46129664      96.800000      79.129615 
 46129664      96.800000      79.127277 
 46129664      96.800000      79.161903 
 46129664      96.800000      79.121606 
 46129664      96.800000      79.144504 
 46129664      96.800000      79.139383 
 46129664      96.800000      79.140716 
 46129664      96.800000      79.140653 
 46129664      96.800000      79.138250 
 46129664      96.800000      79.123157 
 46129664      96.800000      79.130694 
 46129664      96.800000      79.154596 
 46129664      96.800000      79.133319 
 46129664      96.800000      79.134628 
 46129664      96.800000      79.117167 
 46129664      96.800000      79.136305 
 46129664      96.800000      79.147800 
 46129664      96.800000      79.154445 
 46129664      96.800000      79.125283 
 46129664      96.800000      79.121032 
 46129664      96.800000      79.148650 
 46129664      96.800000      79.124272 
 46129664      96.800000      79.129539 
 46129664      96.800000      79.113309 
 46129664      96.800000      79.141077 
 46129664      96.800000      79.122350 
 46129664      96.800000      79.123881 
 46129664      96.800000      79.132060 
 46129664      96.800000      79.120387 
 46129664      96.800000      79.115517 
 46129664      96.800000      79.117763 
 46129664      96.800000      79.123544 
 46129664      96.800000      79.134448 
 46129664      96.800000      79.128255 
 46129664      96.800000      79.116830 
 46129664      96.800000      79.116643 
 46129664      96.800000      79.124048 
 46129664      96.800000      79.121908 
 46129664      96.800000      79.130837 
 46129664      96.800000      79.123592 
 46129664      96.800000      79.123859 
 46129664      96.800000      79.122008 
 46129664      96.800000      79.132996 
 46129664      96.800000      79.124505 
 46129664      96.800000      79.116448 
 46129664      96.800000      79.125925 
 46129664      96.800000      79.126377 
 46129664      96.800000      79.116545 
 46129664      96.800000      79.125706 
 46129664      96.800000      79.139444 
 46129664      96.800000      79.125326 
 46129664      96.800000      79.120948 
 46129664      96.800000      79.114155 
 46129664      96.800000      79.113886 
 46129664      96.800000      79.106839 
 46129664      96.800000      79.124237 
 46129664      96.800000      79.128457 
 46129664      96.800000      79.139780 
 46129664      96.800000      79.134119 
 46129664      96.800000      79.116436 
 46129664      96.800000      79.115745 
 46129664      96.800000      79.131772 
 46129664      96.800000      79.124526 
 46129664      96.800000      79.110197 
 46129664      96.800000      79.120574 
 46129664      96.800000      79.127485 
 46129664      96.800000      79.129685 
 46129664      96.800000      79.122185 
 46129664      96.800000      79.126889 
 46129664      96.800000      79.125425 
 46129664      96.800000      79.123629 
 46129664      96.800000      79.101416 
 46129664      96.800000      79.126914 
 46129664      96.800000      79.122502 
 46129664      96.800000      79.152428 
 46129664      96.800000      79.146890 
 46129664      96.800000      79.146230 
 46129664      96.800000      79.149718 
 46129664      96.800000      79.139242 
 46129664      96.800000      79.133914 
 46129664      96.800000      79.148425 
 46129664      96.800000      79.135002 
 46129664      96.800000      79.151337 
 46129664      96.800000      79.141930 
 46129664      96.800000      79.142415 
 46129664      96.800000      79.127564 
 46129664      96.800000      79.126963 
 46129664      96.800000      79.130977 
 46129664      96.800000      79.128638 
 46129664      96.800000      79.139121 
 46129664      96.800000      79.149148 
 46129664      96.800000      79.145819 
 46129664      96.800000      79.147646 
 46129664      96.800000      79.131551 
 46129664      96.800000      79.157173 
 46129664      96.800000      79.140764 
 46129664      96.800000      79.144403 
 46129664      96.800000      79.145533 
 46129664      96.800000      79.154935 
 46129664      96.800000      79.141196 
 46129664      96.800000      79.135153 
 46129664      96.800000      79.137792 
 46129664      96.800000      79.142281 
 46129664      96.800000      79.130290 
 46129664      96.800000      79.142890 
 46129664      96.800000      79.148201 
 46129664      96.800000      79.140424 
 46129664      96.800000      79.135672 
 46129664      96.800000      79.165124 
 46129664      96.800000      79.125149 
 46129664      96.800000      79.121881 
 46129664      96.800000      79.151745 
 46129664      96.800000      79.135485 
 46129664      96.800000      79.132083 
 46129664      96.800000      79.151959 
 46129664      96.800000      79.136650 
 46129664      96.800000      79.125592 
 46129664      96.800000      79.124675 
 46129664      96.800000      79.118461 
 46129664      96.800000      79.130808 
 46129664      96.800000      79.141482 
 46129664      96.800000      79.132015 
 46129664      96.800000      79.129905 
 46129664      96.800000      79.121594 
 46129664      96.800000      79.148095 
 46129664      96.800000      79.122917 
 46129664      96.800000      79.125007 
 46129664      96.800000      79.136439 
 46129664      96.800000      79.132314 
 46129664      96.800000      79.129183 
 46129664      96.800000      79.132597 
 46129664      96.800000      79.141121 
 46129664      96.800000      79.117139 
 46129664      96.800000      79.118198 
 46129664      96.800000      79.116961 
 46129664      96.800000      79.133706 
 46129664      96.800000      79.117367 
 46129664      96.800000      79.152596 
 46129664      96.800000      79.121692 
 46129664      96.800000      79.134973 
 46129664      96.800000      79.126273 
 46129664      96.800000      79.121596 
 46129664      96.800000      79.124105 
 46129664      96.800000      79.118410 
 46129664      96.800000      79.128424 
 46129664      96.800000      79.127617 
 46129664      96.800000      79.123358 
 46129664      96.800000      79.128158 
 46129664      96.800000      79.137218 
 46129664      96.800000      79.129220 
 46129664      96.800000      79.131149 
 46129664      96.800000      79.157257 
 46129664      96.800000      79.133353 
 46129664      96.800000      79.128570 
 46129664      96.800000      79.116761 
 46129664      96.800000      79.132093 
 46129664      96.800000      79.147563 
 46129664      96.800000      79.131753 
 46129664      96.800000      79.133526 
 46129664      96.800000      79.122312 
 46129664      96.800000      79.133119 
 46129664      96.800000      79.117901 
 46129664      96.800000      79.121967 
 46129664      96.800000      79.144171 
 46129664      96.800000      79.118275 
 46129664      96.800000      79.110688 
 46129664      96.800000      79.137517 
 46129664      96.800000      79.129292 
 46129664      96.800000      79.121320 
 46129664      96.800000      79.125281 
 46129664      96.800000      79.133593 
 46129664      96.800000      79.140277 
 46129664      96.800000      79.118701 
 46129664      96.800000      79.137450 
 46129664      96.800000      79.146582 
 46129664      96.800000      79.132900 
 46129664      96.800000      79.143943 
 46129664      96.800000      79.143927 
 46129664      96.800000      79.138793 
 46129664      96.800000      79.136949 
 46129664      96.800000      79.140338 
 46129664      96.800000      79.158697 
 46129664      96.800000      79.132181 
 46129664      96.800000      79.149175 
 46129664      96.800000      79.114909 
 46129664      96.800000      79.139744 
 46129664      96.800000      79.129076 
 46129664      96.800000      79.144479 
 46129664      96.800000      79.136583 
 46129664      96.800000      79.148039 
 46129664      96.800000      79.129308 
 46129664      96.800000      79.147532 
 46129664      96.800000      79.131268 
 46129664      96.800000      79.121461 
 46129664      96.800000      79.146848 
 46129664      96.800000      79.141438 
 46129664      96.800000      79.143367 
 46129664      96.800000      79.149433 
 46129664      96.800000      79.140708 
 46129664      96.800000      79.136363 
 46129664      96.800000      79.125806 
 46129664      96.800000      79.144124 
 46129664      96.800000      79.142380 
 46129664      96.800000      79.124059 
 46129664      96.800000      79.138211 
 46129664      96.800000      79.146329 
 46129664      96.800000      79.144499 
 46129664      96.800000      79.132238 
 46129664      96.800000      79.135644 
 46129664      96.800000      79.136480 
 46129664      96.800000      79.144592 
 46129664      96.800000      79.141620 
 46129664      96.800000      79.145748 
 46129664      96.800000      79.133234 
 46129664       0.400000      79.123901 
 46129664      10.400000      79.124000 
 46129664      96.800000      79.147469 
 46129664      96.800000      79.123982 
 46129664      96.800000      79.126243 
 46129664      96.800000      79.148482 
 46129664      96.800000      79.137186 
 46129664      96.800000      79.133701 
 46129664      96.800000      79.143297 
 46129664      96.800000      79.146575 
 46129664      96.800000      79.129457 
 46129664      96.800000      79.136161 
 46129664      96.800000      79.121966 
 46129664      96.800000      79.131523 
 46129664      96.800000      79.136788 
 46129664      96.800000      79.141006 
 46129664      96.800000      79.140018 
 46129664      96.800000      79.140561 
 46129664      96.800000      79.130575 
 46129664      96.800000      79.142159 
 46129664      96.800000      79.126247 
 46129664      96.800000      79.145456 
 46129664      96.800000      79.140236 
 46129664      96.800000      79.148409 
 46129664      96.800000      79.143504 
 46129664      96.800000      79.136995 
 46129664      96.800000      79.120823 
 46129664      96.800000      79.120024 
 46129664      96.800000      79.128232 
 46129664      96.800000      79.122367 
 46129664      96.800000      79.131554 
 46129664      96.800000      79.121484 
 46129664      96.800000      79.141358 
 46129664      96.800000      79.128844 
 46129664      96.800000      79.133286 
 46129664      96.800000      79.141395 
 46129664      96.800000      79.125434 
 46129664      96.800000      79.115945 
 46129664      96.800000      79.143109 
 46129664      96.800000      79.113365 
 46129664      96.800000      79.113673 
 46129664      96.800000      79.116908 
 46129664      96.800000      79.132155 
 46129664      96.800000      79.128067 
 46129664      96.800000      79.127384 
 46129664      96.800000      79.122165 
 46129664      96.800000      79.118578 
 46129664      96.800000      79.128459 
 46129664      96.800000      79.123852 
 46129664      96.800000      79.121540 
 46129664      96.800000      79.117917 
 46129664      96.800000      79.115515 
 46129664      96.800000      79.138002 
 46129664      96.800000      79.133344 
 46129664      96.800000      79.126079 
 46129664      96.800000      79.124042 
 46129664      96.800000      79.107452 
 46129664      96.800000      79.136286 
 46129664      96.800000      79.132665 
 46129664      96.800000      79.124690 
 46129664      96.800000      79.111826 
 46129664      96.800000      79.121590 
 46129664      96.800000      79.121485 
 46129664      96.800000      79.106082 
 46129664      96.800000      79.126342 
 46129664      96.800000      79.120867 
 46129664      96.800000      79.124696 
 46129664      96.800000      79.114976 
 46129664      96.800000      79.130878 
 46129664      96.800000      79.130700 
 46129664      96.800000      79.128561 
 46129664      96.800000      79.122756 
 46129664      96.800000      79.125138 
 46129664      96.800000      79.127216 
 46129664      96.800000      79.141117 
 46129664      96.800000      79.130364 
 46129664      96.800000      79.145430 
 46129664      96.800000      79.124573 
 46129664      96.800000      79.137007 
 46129664      96.800000      79.129537 
 46129664      96.800000      79.116850 
 46129664      96.800000      79.136802 
 46129664      96.800000      79.128864 
 46129664      96.800000      79.145198 
 46129664      96.800000      79.122979 
 46129664      96.800000      79.133354 
 46129664      96.800000      79.138968 
 46129664      96.800000      79.142265 
 46129664      96.800000      79.136151 
 46129664      96.800000      79.145119 
 46129664      96.800000      79.145103 
 46129664      96.800000      79.141235 
 46129664      96.800000      79.155473 
 46129664      96.800000      79.135168 
 46129664      96.800000      79.132060 
 46129664      96.800000      79.130241 
 46129664      96.800000      79.153979 
 46129664      96.800000      79.133600 
 46129664      96.800000      79.130142 
 46129664      96.800000      79.138252 
 46129664      96.800000      79.151860 
 46129664      96.800000      79.153149 
 46129664      96.800000      79.140039 
 46129664      96.800000      79.138885 
 46129664      96.800000      79.150339 
 46129664      96.800000      79.156441 
 46129664      96.800000      79.150771 
 46129664      96.800000      79.149875 
 46129664      96.800000      79.131963 
 46129664      96.800000      79.139479 
 46129664      96.800000      79.132360 
 46129664      96.800000      79.147906 
 46129664      96.800000      79.134607 
 46129664      96.800000      79.131361 
 46129664      96.800000      79.156706 
 46129664      96.800000      79.131397 
 46129664      96.800000      79.137394 
 46129664      96.800000      79.138841 
 46129664      96.800000      79.147315 
 46129664      96.800000      79.149512 
 46129664      96.800000      79.151402 
 46129664      96.800000      79.124139 
 46129664      96.800000      79.143663 
 46129664      96.800000      79.136808 
 46129664      96.800000      79.147590 
 46129664      96.800000      79.148499 
 46129664      96.800000      79.140747 
 46129664      96.800000      79.140728 
 46129664      96.800000      79.126690 
 46129664      96.800000      79.158457 
 46129664      96.800000      79.143852 
 46129664      96.800000      79.142775 
 46129664      96.800000      79.120545 
 46129664      96.800000      79.123566 
 46129664      96.800000      79.138385 
 46129664      96.800000      79.113474 
 46129664      96.800000      79.142080 
 46129664      96.800000      79.117807 
 46129664      96.800000      79.133635 
 46129664      96.800000      79.136236 
 46129664      96.800000      79.144015 
 46129664      96.800000      79.132288 
 46129664      96.800000      79.113679 
 46129664      96.800000      79.145873 
 46129664      96.800000      79.117879 
 46129664      96.800000      79.120873 
 46129664      96.800000      79.127562 
 46129664      96.800000      79.123936 
 46129664      96.800000      79.138596 
 46129664      96.800000      79.132427 
 46129664      96.800000      79.130317 
 46129664      96.800000      79.144098 
 46129664      96.800000      79.114609 
 46129664      96.800000      79.132960 
 46129664      96.800000      79.127031 
 46129664      96.800000      79.141858 
 46129664      96.800000      79.106370 
 46129664      96.800000      79.130737 
 46129664      96.800000      79.130189 
 46129664      96.800000      79.127233 
 46129664      96.800000      79.118586 
 46129664      96.800000      79.129754 
 46129664      96.800000      79.137253 
 46129664      96.800000      79.122277 
 46129664      96.800000      79.123869 
 46129664      96.800000      79.113763 
 46129664      96.800000      79.128344 
 46129664      96.800000      79.125918 
 46129664      96.800000      79.116040 
 46129664      96.800000      79.121991 
 46129664      96.800000      79.133348 
 46129664      96.800000      79.117415 
 46129664      96.800000      79.131466 
 46129664      96.800000      79.124899 
 46129664      96.800000      79.123477 
 46129664      96.800000      79.137844 
 46129664      96.800000      79.120284 
 46129664      96.800000      79.131963 
 46129664      96.800000      79.134785 
 46129664      96.800000      79.116917 
 46129664      96.800000      79.128831 
 46129664      96.800000      79.127662 
 46129664      96.800000      79.131486 
 46129664      96.800000      79.133912 
 46129664      96.800000      79.128234 
 46129664      96.800000      79.126365 
 46129664      96.800000      79.116901 
 46129664      96.800000      79.118589 
 46129664      96.800000      79.133989 
 46129664      96.800000      79.134247 
 46129664      96.800000      79.137530 
 46129664      96.800000      79.136912 
 46127104      96.800000      75.965316 
 46127104      96.800000      75.965948 
 46127104      96.800000      75.975123 
 46127104      96.800000      75.970891 
 46127104      96.800000      75.975773 
 46127104      96.800000      75.972098 
 46127104      96.800000      75.978343 
 46127104      96.800000      75.961517 
 46127104      96.800000      75.971659 
 46127104      96.800000      75.982979 
 46127104      96.800000      75.967548 
 46127104      96.800000      75.970896 
 46127104      96.800000      75.986328 
 46127104      96.800000      75.961139 
 46127104      96.800000      75.960480 
 46127104      96.800000      75.962398 
 46127104      96.800000      75.976465 
 46127104      96.800000      75.973300 
 46127104      96.800000      75.982175 
 46127104      96.800000      75.974601 
 46127104      96.800000      75.965352 
 46127104      96.800000      75.956074 
 46127104      96.800000      75.979035 
 46127104      96.800000      75.982398 
 46127104      96.800000      75.976825 
 46127104      96.800000      75.970833 
 46127104      96.800000      75.960599 
 46127104      96.800000      75.962700 
 46127104      96.800000      75.966151 
 46127104      96.800000      75.972791 
 46127104      96.800000      75.963949 
 46127104      96.800000      75.982143 
 46127104      96.800000      75.991022 
 46127104      96.800000      75.962140 
 46127104      96.800000      75.969046 
 46127104      96.800000      75.974872 
 46127104      96.800000      75.968384 
 46127104      96.800000      75.954156 
 46127104      96.800000      75.974671 
 46127104      96.800000      75.964427 
 46127104      96.800000      75.973165 
 46127104      96.800000      75.979949 
 46127104      96.800000      75.973171 
 46127104      96.800000      75.967447 
 46127104      96.800000      75.970252 
 46127104      96.800000      75.985575 
 46127104      96.800000      75.965880 
 46127104      96.800000      75.981247 
 46127104      96.800000      75.942630 
 46127104      96.800000      75.973241 
 46127104      96.800000      75.981765 
 46127104      96.800000      75.966979 
 46127104      96.800000      75.972190 
 46127104      96.800000      75.971112 
 46127104      96.800000      75.958222 
 46127104      96.800000      75.959773 
 46127104      96.800000      75.984496 
 46127104      96.800000      75.973043 
 46127104      96.800000      75.977290 
 46127104      96.800000      75.968874 
 46127104      96.800000      75.972671 
 46127104      96.800000      75.971609 
 46127104      96.800000      75.974731 
 46127104      96.800000      75.977169 
 46127104      96.800000      75.960657 
 46127104      96.800000      75.986341 
 46127104      96.800000      75.979336 
 46127104      96.800000      75.962667 
 46127104      96.800000      75.969311 
 46127104      96.800000      75.987271 
 46127104      96.800000      75.975069 
 46127104      96.800000      75.957019 
 46127104      96.800000      75.955815 
 46127104      96.800000      75.942741 
 46127104      96.800000      75.944787 
 46127104      96.800000      75.953662 
 46127104      96.800000      75.951490 
 46127104      96.800000      75.952445 
 46127104      96.800000      75.950267 
 46127104      96.800000      75.939542 
 46127104      96.800000      75.954658 
 46127104      96.800000      75.952520 
 46127104      96.800000      75.958001 
 46127104      96.800000      75.960478 
 46127104      96.800000      75.953413 
 46127104      96.800000      75.961648 
 46127104      96.800000      75.975074 
 46127104      96.800000      75.951330 
 46127104      96.800000      75.949067 
 46127104      96.800000      75.951369 
 46127104      96.800000      75.954683 
 46127104      96.800000      75.936986 
 46127104      96.800000      75.948975 
 46127104      96.800000      75.947819 
 46127104      96.800000      75.963894 
 46127104      96.800000      75.957626 
 46127104      96.800000      75.947587 
 46127104      96.800000      75.964443 
 46127104      96.800000      75.954999 
 46127104      96.800000      75.934160 
 46127104      96.800000      75.956610 
 46127104      96.800000      75.936861 
 46127104      96.800000      75.962403 
 46127104      96.800000      75.951173 
 46127104      96.800000      75.966272 
 46127104      96.800000      75.943951 
 46127104      96.800000      75.952913 
 46127104      96.800000      75.947297 
 46127104      96.800000      75.939619 
 46127104      96.800000      75.937367 
 46127104      96.800000      75.950996 
 46127104      96.800000      75.945524 
 46127104      96.800000      75.953546 
 46127104      96.800000      75.986629 
 46127104      96.800000      75.936867 
 46127104      96.800000      75.943206 
 46127104      96.800000      75.957819 
 46127104      96.800000      75.945786 
 46127104      96.800000      75.940215 
 46127104      96.800000      75.941563 
 46127104      96.800000      75.957495 
 46127104      96.800000      75.957425 
 46127104      96.800000      75.958253 
 46127104      96.800000      75.945072 
 46127104      96.800000      75.947092 
 46127104      96.800000      75.944838 
 46127104      96.800000      75.956166 
 46127104      96.800000      75.948868 
 46127104      96.800000      75.946664 
 46127104      96.800000      75.944816 
 46127104      96.800000      75.961436 
 46127104      96.800000      75.961854 
 46127104      96.800000      75.941360 
 46127104      96.800000      75.965233 
 46127104      96.800000      75.970339 
 46127104      96.800000      75.955568 
 46127104      96.800000      75.984530 
 46127104      96.800000      75.958041 
 46127104      96.800000      75.975140 
 46127104      96.800000      75.972418 
 46127104      96.800000      75.970003 
 46127104      96.800000      75.964908 
 46127104      96.800000      75.960261 
 46127104      96.800000      75.957410 
 46127104      96.800000      75.960063 
 46127104      96.800000      75.986070 
 46127104      96.800000      75.968381 
 46127104      96.800000      75.967736 
 46127104      96.800000      75.967279 
 46127104      96.800000      75.976093 
 46127104      96.800000      75.971766 
 46127104      96.800000      75.973097 
 46127104      96.800000      75.975679 
 46127104      96.800000      75.976729 
 46127104      96.800000      75.966908 
 46127104      96.800000      75.965293 
 46127104      96.800000      75.979204 
 46127104      96.800000      75.971325 
 46127104      96.800000      75.983331 
 46127104      96.800000      75.977026 
 46127104      96.800000      75.973247 
 46127104      96.800000      75.970355 
 46127104      96.800000      75.975208 
 46127104      96.800000      75.982544 
 46127104      96.800000      75.964442 
 46127104      96.800000      75.970821 
 46127104      96.800000      75.982986 
 46127104      96.800000      75.959546 
 46127104      96.800000      75.978829 
 46127104      96.800000      75.984693 
 46127104      96.800000      75.978089 
 46127104      96.800000      75.973564 
 46127104      96.800000      75.961546 
 46127104      96.800000      75.950900 
 46127104      96.800000      75.976428 
 46127104      96.800000      75.960467 
 46127104      96.800000      75.968356 
 46127104      96.800000      75.969115 
 46127104      96.800000      75.977432 
 46127104      96.800000      75.987242 
 46127104      96.800000      75.978017 
 46127104      96.800000      75.970955 
 46127104      96.800000      75.964906 
 46127104      96.800000      75.983827 
 46127104      96.800000      75.965162 
 46127104      96.800000      75.969872 
 46127104      96.800000      75.980091 
 46127104      96.800000      75.974943 
 46127104      96.800000      75.973258 
 46127104      96.800000      75.961552 
 46127104      96.800000      75.947957 
 46127104      96.800000      75.938427 
 46127104      96.800000      75.939943 
 46127104      96.800000      75.936075 
 46127104      96.800000      75.954876 
 46127104      96.800000      75.950367 
 46127104      96.800000      75.953709 
 46127104      96.800000      75.952051 
 46127104      96.800000      75.941536 
 46127104      96.800000      75.949545 
 46127104      96.800000      75.955763 
 46127104      96.800000      75.932113 
 46127104      96.800000      75.951886 
 46127104      96.800000      75.934783 
 46127104      96.800000      75.951529 
 46127104      96.800000      75.953337 
 46127104      96.800000      75.948459 
 46127104      96.800000      75.933622 
 46127104      96.800000      75.965182 
 46127104      96.800000      75.946516 
 46127104      96.800000      75.946804 
 46127104      96.800000      75.944709 
 46127104      96.800000      75.976663 
 46127104      96.800000      75.943155 
 46127104      96.800000      75.946866 
 46127104      96.800000      75.945355 
 46127104      96.800000      75.968128 
 46127104      96.800000      75.949762 
 46127104      96.800000      75.940380 
 46127104      96.800000      75.945885 
 46127104      96.800000      75.951974 
 46127104      96.800000      75.962885 
 46127104      96.800000      75.951936 
 46127104      96.800000      75.959722 
 46127104      96.800000      75.949065 
 46127104      96.800000      75.949488 
 46127104      96.800000      75.951356 
 46127104      96.800000      75.949193 
 46127104      96.800000      75.951622 
 46127104      96.800000      75.949995 
 46127104      96.800000      75.938724 
 46127104      96.800000      75.959106 
 46127104      96.800000      75.953346 
 46127104      96.800000      75.939246 
 46127104      96.800000      75.947380 
 46127104      96.800000      75.953215 
 46127104      96.800000      75.959310 
 46127104      96.800000      75.951478 
 46127104      96.800000      75.956486 
 46127104      96.800000      75.957361 
 46127104      96.800000      75.969635 
 46127104      96.800000      75.944881 
 46127104      96.800000      75.967997 
 46127104      96.800000      75.956816 
 46127104      96.800000      75.946996 
 46127104      10.400000      75.965365 
 46127104      96.800000      75.986885 
 46127104      96.800000      75.951034 
 46127104      96.800000      75.980660 
 46127104      96.800000      75.955923 
 46127104      96.800000      75.978638 
 46127104      96.800000      75.976659 
 46127104      96.800000      75.967692 
 46127104      96.800000      75.967079 
 46127104      96.800000      75.977528 
 46127104      96.800000      75.974444 
 46127104      96.800000      75.978982 
 46127104      96.800000      75.964255 
 46127104      96.800000      75.969420 
 46127104      96.800000      75.973071 
 46127104      96.800000      75.964955 
 46127104      96.800000      75.960641 
 46127104      96.800000      75.982170 
 46127104      96.800000      75.959283 
 46127104      96.800000      75.983608 
 46127104      96.800000      75.970698 
 46127104      96.800000      75.964836 
 46127104      96.800000      75.960945 
 46127104      96.800000      75.970020 
 46127104      96.800000      75.970992 
 46127104      96.800000      75.976414 
 46127104      96.800000      75.978070 
 46127104      96.800000      75.957067 
 46127104      96.800000      75.972439 
 46127104      96.800000      75.982349 
 46127104      96.800000      75.981537 
 46127104      96.800000      75.970415 
 46127104      96.800000      75.980820 
 46127104      96.800000      75.973992 
 46127104      96.800000      75.966657 
 46127104      96.800000      75.973403 
 46127104      96.800000      75.978405 
 46127104      96.800000      75.962303 
 46127104      96.800000      75.972885 
 46127104      96.800000      75.957231 
 46127104      96.800000      75.976836 
 46127104      96.800000      75.958574 
 46127104      96.800000      75.966345 
 46127104      96.800000      75.982905 
 46127104      96.800000      75.976317 
 46127104      96.800000      75.976453 
 46127104      96.800000      75.962436 
 46127104      96.800000      75.977513 
 46127104      96.800000      75.973917 
 46127104      96.800000      75.971554 
 46127104      96.800000      75.959635 
 46127104      96.800000      75.968040 
 46127104      96.800000      75.939180 
 46127104      96.800000      75.950364 
 46127104      96.800000      75.944836 
 46127104      96.800000      75.947974 
 46127104      96.800000      75.952896 
 46127104      96.800000      75.959878 
 46127104      96.800000      75.942058 
 46127104      96.800000      75.955799 
 46127104      96.800000      75.943913 
 46127104      96.800000      75.934648 
 46127104      96.800000      75.963896 
 46127104      96.800000      75.959376 
 46127104      96.800000      75.940985 
 46127104      96.800000      75.956074 
 46127104      96.800000      75.939748 
 46127104      96.800000      75.979900 
 46127104      96.800000      75.957689 
 46127104      96.800000      75.971575 
 46127104      96.800000      75.954500 
 46127104      96.800000      75.945209 
 46127104      96.800000      75.964134 
 46127104      96.800000      75.948529 
 46127104      96.800000      75.945768 
 46127104      96.800000      75.958588 
 46127104      96.800000      75.940963 
 46127104      96.800000      75.955114 
 46127104      96.800000      75.951007 
 46127104      96.800000      75.950084 
 46127104      96.800000      75.958201 
 46127104      96.800000      75.944361 
 46127104      96.800000      75.934965 
 46127104      96.800000      75.939308 
 46127104      96.800000      75.958467 
 46127104      96.800000      75.952896 
 46127104      96.800000      75.952365 
 46127104      96.800000      75.965770 
 46127104      96.800000      75.947544 
 46127104      96.800000      75.954022 
 46127104      96.800000      75.957537 
 46127104      96.800000      75.952450 
 46127104      96.800000      75.953257 
 46127104      96.800000      75.944557 
 46127104      96.800000      75.949425 
 46127104      96.800000      75.959791 
 46127104      96.800000      75.957354 
 46127104      96.800000      75.953997 
 46127104      96.800000      75.960230 
 46127104      96.800000      75.951971 
 46127104      96.800000      75.932642 
 46127104      96.800000      75.948436 
 46127104      96.800000      75.934542 
 46127104      96.800000      75.956982 
 46127104      96.800000      75.940604 
 46127104      96.800000      75.955328 
 46127104      96.800000      75.949433 
 46127104      96.800000      75.948861 
 46127104      96.800000      75.952466 
 46127104      96.800000      75.949619 
 46127104      96.800000      75.960684 
 46127104      96.800000      75.944749 
 46127104      96.800000      75.927121 
 46127104      96.800000      75.950604 
 46127104      96.800000      75.965317 
 46127104      96.800000      75.982794 
 46127104      96.800000      75.959815 
 46127104      96.800000      75.963624 
 46127104      96.800000      75.973481 
 46127104      96.800000      75.968901 
 46127104      96.800000      75.980388 
 46127104      96.800000      75.976727 
 46127104      96.800000      75.974927 
 46127104      96.800000      75.962272 
 46127104      96.800000      75.956153 
 46127104      96.800000      75.978756 
 46127104      96.800000      75.965473 
 46127104      96.800000      75.968692 
 46127104      96.800000      75.962477 
 46127104      96.800000      75.950718 
 46127104      96.800000      75.993903 
 46127104      96.800000      75.963851 
 46127104      96.800000      75.967933 
 46127104      96.800000      75.963286 
 46127104      96.800000      75.973563 
 46127104      96.800000      75.975816 
 46127104      96.800000      75.971561 
 46127104      96.800000      75.975220 
 46127104      96.800000      76.005220 
 46127104      96.800000      75.970440 
 46127104      96.800000      75.968671 
 46127104      96.800000      75.972639 
 46127104      96.800000      75.960821 
 46127104      96.800000      75.978281 
 46127104      96.800000      75.975639 
 46127104      96.800000      75.976665 
 46127104      96.800000      75.970757 
 46127104      96.800000      75.981495 
 46127104      96.800000      75.967118 
 46127104      96.800000      75.968947 
 46127104      96.800000      75.955938 
 46127104      96.800000      75.961805 
 46127104      96.800000      75.963415 
 46127104      96.800000      75.975209 
 46127104      96.800000      75.957289 
 46127104      96.800000      75.967000 
 46127104      96.800000      75.965704 
 46127104      96.800000      75.974677 
 46127104      96.800000      75.962003 
 46127104      96.800000      75.988901 
 46127104      96.800000      75.952045 
 46127104      96.800000      75.981200 
 46127104      96.800000      75.969223 
 46127104      96.800000      75.965837 
 46127104      96.800000      75.976373 
 46127104      96.800000      75.969750 
 46127104      96.800000      75.969343 
 46127104      96.800000      75.974039 
 46127104      96.800000      75.965196 
 46127104      96.800000      75.960636 
 46127104      96.800000      75.966226 
 46127104      96.800000      75.958991 
 46127104      96.800000      75.989359 
 46127104      96.800000      75.954674 
 46127104      96.800000      75.966398 
 46127104      96.800000      75.977966 
 46127104      96.800000      75.983811 
 46127104      96.800000      75.962760 
 46127104      96.800000      75.959999 
 46127104      96.800000      75.945662 
 46127104      96.800000      75.957328 
 46127104      96.800000      75.961019 
 46127104      96.800000      75.955177 
 46127104      96.800000      75.948108 
 46127104      96.800000      75.963169 
 46127104      96.800000      75.952212 
 46127104      96.800000      75.961393 
 46127104      96.800000      75.956533 
 46127104      96.800000      75.951553 
 46127104      96.800000      75.937602 
 46127104      96.800000      75.949278 
 46127104      96.800000      75.961738 
 46127104      96.800000      75.941981 
 46127104      96.800000      75.948910 
 46127104      96.800000      75.943608 
 46127104      96.800000      75.945672 
 46127104      96.800000      75.948394 
 46127104      96.800000      75.956232 
 46127104      96.800000      75.943929 
 46127104      96.800000      75.960456 
 46127104      96.800000      75.948043 
 46127104      96.800000      75.953760 
 46127104      96.800000      75.959474 
 46127104      96.800000      75.958848 
 46127104      96.800000      75.950704 
 46127104      96.800000      75.955755 
 46127104      96.800000      75.965692 
 46127104      96.800000      75.953011 
 46127104      96.800000      75.952094 
 46127104      96.800000      75.944026 
 46127104      96.800000      75.959380 
 46127104      96.800000      75.940807 
 46127104      96.800000      75.954745 
 46127104      96.800000      75.954194 
 46127104      96.800000      75.946586 
 46127104      96.800000      75.944910 
 46127104      96.800000      75.957017 
 46127104      96.800000      75.941793 
 46127104      96.800000      75.954670 
 46127104      96.800000      75.955869 
 46127104      96.800000      75.956478 
 46127104      96.800000      75.957942 
 46127104      96.800000      75.959459 
 46127104      96.800000      75.973956 
 46127104      96.800000      75.941560 
 46127104      96.800000      75.963452 
 46127104      96.800000      75.958073 
 46127104      96.800000      75.960799 
 46127104      96.800000      75.957637 
 46127104      96.800000      75.955225 
 46127104      96.800000      75.950732 
 46127104      96.800000      75.939925 
 46127104      96.800000      75.951492 
 46127104      96.800000      75.930315 
 46127104      96.800000      75.943155 
 46127104      96.800000      75.943779 
 46127104       0.400000      75.965296 
 37856768      96.800000      75.878992 
 37856768      96.800000      75.883374 
 37856768      96.800000      75.865563 
 37856768      96.800000      75.883850 
 37856768      96.800000      75.876455 
 37856768      96.800000      75.867870 
 37856768      96.800000      75.868677 
 37856768      96.800000      75.867209 
 37856768      96.800000      75.876338 
 37856768      96.800000      75.860271 
 37856768      96.800000      75.872089 
 37856768      96.800000      75.885339 
 37856768      96.800000      75.881144 
 37856768      96.800000      75.872793 
 37856768      96.800000      75.862500 
 37856768      96.800000      75.871283 
 37856768      96.800000      75.867566 
 37856768      96.800000      75.863308 
 37856768      96.800000      75.876998 
 37856768      96.800000      75.869567 
 37856768      96.800000      75.874707 
 37856768      96.800000      75.876173 
 37856768      96.800000      75.872787 
 37856768      96.800000      75.874346 
 37856768      96.800000      75.851838 
 37856768      96.800000      75.835113 
 37856768      96.800000      75.853702 
 37856768      96.800000      75.854628 
 37856768      96.800000      75.855541 
 37856768      96.800000      75.857912 
 37856768      96.800000      75.857418 
 37856768      96.800000      75.861107 
 37856768      96.800000      75.864647 
 37856768      96.800000      75.869743 
 37856768      96.800000      75.843592 
 37856768      96.800000      75.858772 
 37856768      96.800000      75.856681 
 37856768      96.800000      75.861155 
 37856768      96.800000      75.853944 
 37856768      96.800000      75.852283 
 37856768      96.800000      75.841416 
 37856768      96.800000      75.855170 
 37856768      96.800000      75.846054 
 37856768      96.800000      75.874253 
 37856768      96.800000      75.861180 
 37856768      96.800000      75.851269 
 37856768      96.800000      75.824449 
 37856768       0.400000      75.867921 
 37856768      96.800000      75.890134 
 37856768      96.800000      75.874534 
 37856768      96.800000      75.861217 
 37856768      96.800000      75.867805 
 37856768      96.800000      75.869382 
 37856768      96.800000      75.880114 
 37856768      96.800000      75.874652 
 37856768      96.800000      75.883913 
 37856768      96.800000      75.869199 
 37856768      96.800000      75.869763 
 37856768      96.800000      75.871814 
 37856768      96.800000      75.875013 
 37856768      96.800000      75.860334 
 37856768      96.800000      75.865507 
 37856768      96.800000      75.886588 
 37856768      96.800000      75.879617 
 37856768      96.800000      75.880937 
 37856768      96.800000      75.862821 
 37856768      96.800000      75.886635 
 37856768      96.800000      75.883168 
 37856768      96.800000      75.883758 
 37856768      96.800000      75.845118 
 37856768      96.800000      75.857945 
 37856768      96.800000      75.853895 
 37856768      96.800000      75.852987 
 37856768      96.800000      75.850385 
 37856768      96.800000      75.861270 
 37856768      96.800000      75.863444 
 37856768      96.800000      75.858416 
 37856768      96.800000      75.855968 
 37856768      96.800000      75.844180 
 37856768      96.800000      75.859930 
 37856768      96.800000      75.833952 
 37856768      96.800000      75.860147 
 37856768      96.800000      75.852822 
 37856768      96.800000      75.850120 
 37856768      96.800000      75.853125 
 37856768      96.800000      75.862126 
 37856768      96.800000      75.839021 
 37856768      96.800000      75.849023 
 37856768      96.800000      75.847063 
 37856768      96.800000      75.852791 
 37856768      96.800000      75.869550 
 37856768      96.800000      75.873861 
 37856768      96.800000      75.867749 
 37856768      96.800000      75.886218 
 37856768      96.800000      75.868272 
 37856768      96.800000      75.857823 
 37856768      96.800000      75.879408 
 37856768      96.800000      75.880646 
 37856768      96.800000      75.877239 
 37856768      96.800000      75.855875 
 37856768      96.800000      75.876287 
 37856768      96.800000      75.853531 
 37856768      96.800000      75.856577 
 37856768      96.800000      75.872895 
 37856768      96.800000      75.868916 
 37856768      96.800000      75.866435 
 37856768      96.800000      75.868353 
 37856768      96.800000      75.867860 
 37856768      96.800000      75.901880 
 37856768      96.800000      75.870954 
 37856768      96.800000      75.855422 
 37856768      96.800000      75.868902 
 37856768      96.800000      75.891206 
 37856768      96.800000      75.872727 
 37856768      96.800000      75.872668 
 37856768      96.800000      75.872112 
 37856768      96.800000      75.860037 
 37856768      96.800000      75.862191 
 37856768      96.800000      75.858983 
 37856768      96.800000      75.852471 
 37856768      96.800000      75.855678 
 37856768      96.800000      75.849371 
 37856768      96.800000      75.863649 
 37856768      96.800000      75.848986 
 37856768      96.800000      75.845757 
 37856768      96.800000      75.854776 
 37856768      96.800000      75.868385 
 37856768      96.800000      75.860147 
 37856768      96.800000      75.843194 
 37856768      96.800000      75.853501 
 37856768      96.800000      75.848799 
 37856768      96.800000      75.858920 
 37856768      96.800000      75.854278 
 37856768      96.800000      75.859011 
 37856768      96.800000      75.867862 
 37856768      96.800000      75.864120 
 37856768      96.800000      75.863190 
 37856768      96.800000      75.867564 
 37856768      96.800000      75.860397 
 37856768      96.800000      75.868140 
 37856768      96.800000      75.856724 
 37856768      96.800000      75.866900 
 37856768      96.800000      75.871021 
 37856768      96.800000      75.874442 
 37856768      96.800000      75.873118 
 37856768      96.800000      75.887756 
 37856768      96.800000      75.878467 
 37856768      96.800000      75.868472 
 37856768      96.800000      75.871614 
 37856768      96.800000      75.878867 
 37856768      96.800000      75.879201 
 37856768      96.800000      75.873115 
 37856768      96.800000      75.855412 
 37856768      96.800000      75.865825 
 37856768      96.800000      75.869574 
 37856768      96.800000      75.874615 
 37856768      96.800000      75.866672 
 37856768      96.800000      75.876149 
 37856768      96.800000      75.850436 
 37856768      96.800000      75.845059 
 37856768      96.800000      75.859202 
 37856768      96.800000      75.853776 
 37856768      96.800000      75.842567 
 37856768      96.800000      75.846134 
 37856768      96.800000      75.846604 
 37856768      96.800000      75.864009 
 37856768      96.800000      75.857436 
 37856768      96.800000      75.869603 
 37856768      96.800000      75.878727 
 37856768      96.800000      75.850914 
 37856768      96.800000      75.858769 
 37856768      96.800000      75.846918 
 37856768      96.800000      75.848875 
 37856768      96.800000      75.854354 
 37856768      96.800000      75.864282 
 37856768      96.800000      75.858975 
 37856768      96.800000      75.850641 
 37856768      96.800000      75.856828 
 37856768      96.800000      75.865617 
 37856768      96.800000      75.850659 
 37856768      96.800000      75.846556 
 37856768      10.400000      75.867610 
 37856512      96.800000    -112.286328 
 37856512      96.800000    -112.274691 
 37856512      96.800000    -112.279721 
 37856512      96.800000    -112.280619 
 37856512      96.800000    -112.287822 
 37856512      96.800000    -112.294472 
 37856512      96.800000    -112.280375 
 37856512      96.800000    -112.296107 
 37856512      96.800000    -112.278952 
 37856512      96.800000    -112.287668 
 37856512      96.800000    -112.290491 
 37856512      96.800000    -112.290540 
 37856512      96.800000    -112.278835 
 37856512      96.800000    -112.296875 
 37856512      96.800000    -112.283138 
 37856512      96.800000    -112.281294 
 37856512      96.800000    -112.278888 
 37856512      96.800000    -112.277649 
 37856512      96.800000    -112.299928 
 37856512      96.800000    -112.279550 
 37856512      96.800000    -112.296790 
 37856512      96.800000    -112.290927 
 37856512      96.800000    -112.269310 
 37856512      96.800000    -112.316643 
 37856512      96.800000    -112.329520 
 37856512      96.800000    -112.317191 
 37856512      96.800000    -112.305465 
 37856512      96.800000    -112.331611 
 37856512      96.800000    -112.318174 
 37856512      96.800000    -112.318558 
 37856512      96.800000    -112.315527 
 37856512      96.800000    -112.322185 
 37856512      96.800000    -112.304593 
 37856512      96.800000    -112.325508 
 37856512      96.800000    -112.328546 
 37856512      96.800000    -112.313178 
 37856512      96.800000    -112.304382 
 37856512      96.800000    -112.312608 
 37856512      96.800000    -112.309386 
 37856512      96.800000    -112.324663 
 37856512      96.800000    -112.305649 
 37856512      96.800000    -112.327237 
 37856512      96.800000    -112.330961 
 37856512      96.800000    -112.288492 
 37856512      96.800000    -112.287830 
 37856512      96.800000    -112.297016 
 37856512       0.400000    -112.287598 
 37856512      96.800000    -112.287679 
 37856512      96.800000    -112.285002 
 37856512      96.800000    -112.284474 
 37856512      96.800000    -112.296560 
 37856512      96.800000    -112.290540 
 37856512      96.800000    -112.309283 
 37856512      96.800000    -112.278098 
 37856512      96.800000    -112.280065 
 37856512      96.800000    -112.280050 
 37856512      96.800000    -112.282962 
 37856512      96.800000    -112.278381 
 37856512      96.800000    -112.289362 
 37856512      96.800000    -112.278715 
 37856512      96.800000    -112.289432 
 37856512      96.800000    -112.288358 
 37856512      96.800000    -112.287749 
 37856512      96.800000    -112.282165 
 37856512      96.800000    -112.285656 
 37856512      96.800000    -112.279703 
 37856512      96.800000    -112.284257 
 37856512      96.800000    -112.302873 
 37856512      96.800000    -112.301060 
 37856512      96.800000    -112.308148 
 37856512      96.800000    -112.318465 
 37856512      96.800000    -112.337879 
 37856512      96.800000    -112.313685 
 37856512      96.800000    -112.314253 
 37856512      96.800000    -112.328900 
 37856512      96.800000    -112.306374 
 37856512      96.800000    -112.320399 
 37856512      96.800000    -112.330141 
 37856512      96.800000    -112.328369 
 37856512      96.800000    -112.316705 
 37856512      96.800000    -112.315836 
 37856512      96.800000    -112.338468 
 37856512      96.800000    -112.328650 
 37856512      96.800000    -112.316296 
 37856512      96.800000    -112.317641 
 37856512      96.800000    -112.312557 
 37856512      96.800000    -112.319513 
 37856512      96.800000    -112.303587 
 37856512      96.800000    -112.333352 
 37856512      96.800000    -112.283936 
 37856512      96.800000    -112.279031 
 37856512      96.800000    -112.283202 
 37856512      96.800000    -112.279198 
 37856512      96.800000    -112.284449 
 37856512      96.800000    -112.277233 
 37856512      96.800000    -112.280527 
 37856512      96.800000    -112.285894 
 37856512      96.800000    -112.280345 
 37856512      96.800000    -112.293803 
 37856512      96.800000    -112.287950 
 37856512      96.800000    -112.290503 
 37856512      96.800000    -112.294119 
 37856512      96.800000    -112.272048 
 37856512      96.800000    -112.273177 
 37856512      96.800000    -112.269007 
 37856512      96.800000    -112.292555 
 37856512      96.800000    -112.264333 
 37856512      96.800000    -112.272755 
 37856512      96.800000    -112.276400 
 37856512      96.800000    -112.279918 
 37856512      96.800000    -112.277326 
 37856512      96.800000    -112.317349 
 37856512      96.800000    -112.314405 
 37856512      96.800000    -112.326180 
 37856512      96.800000    -112.307023 
 37856512      96.800000    -112.326630 
 37856512      96.800000    -112.319808 
 37856512      96.800000    -112.316814 
 37856512      96.800000    -112.317397 
 37856512      96.800000    -112.307819 
 37856512      96.800000    -112.319401 
 37856512      96.800000    -112.320211 
 37856512      96.800000    -112.312848 
 37856512      96.800000    -112.311544 
 37856512      96.800000    -112.320198 
 37856512      96.800000    -112.319719 
 37856512      96.800000    -112.334994 
 37856512      96.800000    -112.320375 
 37856512      96.800000    -112.297467 
 37856512      96.800000    -112.313697 
 37856512      96.800000    -112.318396 
 37856512      96.800000    -112.312202 
 37856512      96.800000    -112.336670 
 37856512      96.800000    -112.315477 
 37856512      96.800000    -112.326992 
 37856512      96.800000    -112.331816 
 37856512      96.800000    -112.287248 
 37856512      96.800000    -112.297535 
 37856512      96.800000    -112.306502 
 37856512      96.800000    -112.294307 
 37856512      96.800000    -112.273868 
 37856512      96.800000    -112.279726 
 37856512      96.800000    -112.272336 
 37856512      96.800000    -112.273769 
 37856512      96.800000    -112.281626 
 37856512      96.800000    -112.276127 
 37856512      96.800000    -112.277760 
 37856512      96.800000    -112.281416 
 37856512      96.800000    -112.290370 
 37856512      96.800000    -112.272650 
 37856512      96.800000    -112.300581 
 37856512      96.800000    -112.292809 
 37856512      96.800000    -112.279026 
 37856512      96.800000    -112.283112 
 37856512      96.800000    -112.295897 
 37856512      96.800000    -112.288823 
 37856512      96.800000    -112.291824 
 37856512      96.800000    -112.305521 
 37856512      96.800000    -112.313481 
 37856512      96.800000    -112.315316 
 37856512      96.800000    -112.342355 
 37856512      96.800000    -112.327662 
 37856512      96.800000    -112.321701 
 37856512      96.800000    -112.306673 
 37856512      96.800000    -112.324994 
 37856512      96.800000    -112.326690 
 37856512      96.800000    -112.327611 
 37856512      96.800000    -112.316917 
 37856512      96.800000    -112.319616 
 37856512      96.800000    -112.314667 
 37856512      96.800000    -112.317218 
 37856512      96.800000    -112.317573 
 37856512      96.800000    -112.322401 
 37856512      96.800000    -112.311718 
 37856512      96.800000    -112.301448 
 37856512      96.800000    -112.322325 
 37856512      96.800000    -112.325704 
 37856512      96.800000    -112.333600 
 37856512      96.800000    -112.309018 
 37856512      96.800000    -112.310462 
 37856512      96.800000    -112.313864 
 37856512      10.400000    -112.287724 
 46132224      96.800000    -107.792424 
 46132224      96.800000    -107.808262 
 46132224      96.800000    -107.799074 
 46132224      96.800000    -107.804016 
 46132224      96.800000    -107.802059 
 46132224      96.800000    -107.796539 
 46132224      96.800000    -107.798285 
 46132224      96.800000    -107.816666 
 46132224      96.800000    -107.804759 
 46132224      96.800000    -107.802163 
 46132224      96.800000    -107.806635 
 46132224      96.800000    -107.799911 
 46132224      96.800000    -107.812640 
 46132224      96.800000    -107.811144 
 46132224      96.800000    -107.798947 
 46132224      96.800000    -107.808156 
 46132224      96.800000    -107.803114 
 46132224      96.800000    -107.818635 
 46132224      96.800000    -107.802493 
 46132224      96.800000    -107.805830 
 46132224      96.800000    -107.800428 
 46132224      96.800000    -107.810808 
 46132224      96.800000    -107.802488 
 46132224      96.800000    -107.814582 
 46132224      96.800000    -107.805196 
 46132224      96.800000    -107.808888 
 46132224      96.800000    -107.806314 
 46132224      96.800000    -107.819969 
 46132224      96.800000    -107.811163 
 46132224      96.800000    -107.806469 
 46132224      96.800000    -107.814048 
 46132224      96.800000    -107.808108 
 46132224      96.800000    -107.813220 
 46132224      96.800000    -107.810209 
 46132224      96.800000    -107.795191 
 46132224      96.800000    -107.808754 
 46132224      96.800000    -107.812489 
 46132224      96.800000    -107.820935 
 46132224      96.800000    -107.801338 
 46132224      96.800000    -107.822848 
 46132224      96.800000    -107.795662 
 46132224      96.800000    -107.815188 
 46132224      96.800000    -107.808077 
 46132224      96.800000    -107.803183 
 46132224      96.800000    -107.811296 
 46132224      96.800000    -107.804991 
 46132224      96.800000    -107.803038 
 46132224      96.800000    -107.799237 
 46132224      96.800000    -107.827499 
 46132224      96.800000    -107.821624 
 46132224      96.800000    -107.821914 
 46132224      96.800000    -107.802258 
 46132224      96.800000    -107.817847 
 46132224      96.800000    -107.810158 
 46132224      96.800000    -107.818195 
 46132224      96.800000    -107.812589 
 46132224      96.800000    -107.797803 
 46132224      96.800000    -107.805142 
 46132224      96.800000    -107.815017 
 46132224      96.800000    -107.812256 
 46132224      96.800000    -107.788495 
 46132224      96.800000    -107.777876 
 46132224      96.800000    -107.769955 
 46132224      96.800000    -107.782269 
 46132224      96.800000    -107.782511 
 46132224      96.800000    -107.769064 
 46132224      96.800000    -107.786640 
 46132224      96.800000    -107.788608 
 46132224      96.800000    -107.779724 
 46132224      96.800000    -107.792984 
 46132224      96.800000    -107.784016 
 46132224      96.800000    -107.784652 
 46132224      96.800000    -107.791527 
 46132224      96.800000    -107.773234 
 46132224      96.800000    -107.786627 
 46132224      96.800000    -107.770830 
 46132224      96.800000    -107.788387 
 46132224      96.800000    -107.788433 
 46132224      96.800000    -107.781752 
 46132224      96.800000    -107.782123 
 46132224      96.800000    -107.789811 
 46132224      96.800000    -107.778892 
 46132224      96.800000    -107.794392 
 46132224      96.800000    -107.781688 
 46132224      96.800000    -107.769538 
 46132224      96.800000    -107.766033 
 46132224      96.800000    -107.785296 
 46132224      96.800000    -107.769199 
 46132224      96.800000    -107.780724 
 46132224      96.800000    -107.796669 
 46132224      96.800000    -107.782247 
 46132224      96.800000    -107.789307 
 46132224      96.800000    -107.778219 
 46132224      96.800000    -107.777686 
 46132224      96.800000    -107.776056 
 46132224      96.800000    -107.790590 
 46132224      96.800000    -107.795814 
 46132224      96.800000    -107.781872 
 46132224      96.800000    -107.813621 
 46132224      96.800000    -107.789709 
 46132224      96.800000    -107.786922 
 46132224      96.800000    -107.786020 
 46132224      96.800000    -107.780815 
 46132224      96.800000    -107.767466 
 46132224      96.800000    -107.773912 
 46132224      96.800000    -107.778266 
 46132224      96.800000    -107.786856 
 46132224      96.800000    -107.774775 
 46132224      96.800000    -107.798218 
 46132224      96.800000    -107.793726 
 46132224      96.800000    -107.812707 
 46132224      96.800000    -107.802289 
 46132224      96.800000    -107.809692 
 46132224      96.800000    -107.807222 
 46132224      96.800000    -107.798156 
 46132224      96.800000    -107.801350 
 46132224      96.800000    -107.799762 
 46132224      96.800000    -107.816245 
 46132224      96.800000    -107.814650 
 46132224      96.800000    -107.793470 
 46132224      96.800000    -107.806932 
 46132224      96.800000    -107.811519 
 46132224      96.800000    -107.808177 
 46132224      96.800000    -107.806633 
 46132224      96.800000    -107.803044 
 46132224      96.800000    -107.810971 
 46132224      96.800000    -107.817436 
 46132224      96.800000    -107.817531 
 46132224      96.800000    -107.804464 
 46132224      96.800000    -107.793665 
 46132224      96.800000    -107.795919 
 46132224      96.800000    -107.809445 
 46132224      96.800000    -107.806379 
 46132224      96.800000    -107.843818 
 46132224      96.800000    -107.813169 
 46132224      96.800000    -107.804770 
 46132224      96.800000    -107.806378 
 46132224      96.800000    -107.794854 
 46132224      96.800000    -107.813107 
 46132224      96.800000    -107.804802 
 46132224      96.800000    -107.796897 
 46132224      96.800000    -107.800221 
 46132224      96.800000    -107.805126 
 46132224      96.800000    -107.823992 
 46132224      96.800000    -107.813144 
 46132224      96.800000    -107.807191 
 46132224      96.800000    -107.804807 
 46132224      96.800000    -107.790614 
 46132224      96.800000    -107.817839 
 46132224      96.800000    -107.798236 
 46132224      96.800000    -107.780398 
 46132224      96.800000    -107.813561 
 46132224      96.800000    -107.805040 
 46132224      96.800000    -107.808998 
 46132224      96.800000    -107.816229 
 46132224      96.800000    -107.794020 
 46132224      96.800000    -107.812959 
 46132224      96.800000    -107.800318 
 46132224      96.800000    -107.796577 
 46132224      96.800000    -107.820943 
 46132224      96.800000    -107.810563 
 46132224      96.800000    -107.811645 
 46132224      96.800000    -107.788970 
 46132224      96.800000    -107.791682 
 46132224      96.800000    -107.791028 
 46132224      96.800000    -107.770664 
 46132224      96.800000    -107.801215 
 46132224      96.800000    -107.796277 
 46132224      96.800000    -107.783575 
 46132224      96.800000    -107.778763 
 46132224      96.800000    -107.785233 
 46132224      96.800000    -107.790853 
 46132224      96.800000    -107.802986 
 46132224      96.800000    -107.797463 
 46132224      96.800000    -107.769248 
 46132224      96.800000    -107.782028 
 46132224      96.800000    -107.784970 
 46132224      96.800000    -107.772582 
 46132224      96.800000    -107.794123 
 46132224      96.800000    -107.786357 
 46132224      96.800000    -107.791703 
 46132224      96.800000    -107.783499 
 46132224      96.800000    -107.791756 
 46132224      96.800000    -107.796700 
 46132224      96.800000    -107.804152 
 46132224      96.800000    -107.787375 
 46132224      96.800000    -107.778142 
 46132224      96.800000    -107.781388 
 46132224      96.800000    -107.769102 
 46132224      96.800000    -107.783940 
 46132224      96.800000    -107.769094 
 46132224      96.800000    -107.779831 
 46132224      96.800000    -107.798296 
 46132224      96.800000    -107.775429 
 46132224      96.800000    -107.790111 
 46132224      96.800000    -107.786062 
 46132224      96.800000    -107.769422 
 46132224      96.800000    -107.781730 
 46132224      96.800000    -107.775297 
 46132224      96.800000    -107.785765 
 46132224      96.800000    -107.790733 
 46132224      96.800000    -107.776100 
 46132224      96.800000    -107.790096 
 46132224      96.800000    -107.783075 
 46132224      96.800000    -107.775140 
 46132224      96.800000    -107.775972 
 46132224      96.800000    -107.806785 
 46132224      96.800000    -107.778107 
 46132224      96.800000    -107.776690 
 46132224      96.800000    -107.784987 
 46132224      96.800000    -107.776270 
 46132224      96.800000    -107.775474 
 46132224      96.800000    -107.763555 
 46132224      96.800000    -107.778786 
 46132224      96.800000    -107.787096 
 46132224      96.800000    -107.770112 
 46132224      96.800000    -107.774824 
 46132224      96.800000    -107.778828 
 46132224      96.800000    -107.790205 
 46132224      96.800000    -107.796973 
 46132224      96.800000    -107.774792 
 46132224      96.800000    -107.804727 
 46132224      96.800000    -107.804045 
 46132224      96.800000    -107.804757 
 46132224      96.800000    -107.822623 
 46132224      96.800000    -107.821068 
 46132224      96.800000    -107.812831 
 46132224      96.800000    -107.825573 
 46132224      96.800000    -107.803776 
 46132224      96.800000    -107.790639 
 46132224      96.800000    -107.811913 
 46132224      96.800000    -107.790104 
 46132224      96.800000    -107.803986 
 46132224      96.800000    -107.811676 
 46132224      96.800000    -107.816901 
 46132224      96.800000    -107.808366 
 46132224      96.800000    -107.803465 
 46132224      96.800000    -107.809237 
 46132224      96.800000    -107.812039 
 46132224      96.800000    -107.833190 
 46132224      96.800000    -107.801268 
 46132224      96.800000    -107.800290 
 46132224      96.800000    -107.801454 
 46132224      96.800000    -107.803047 
 46132224      96.800000    -107.812688 
 46132224      96.800000    -107.805206 
 46132224      96.800000    -107.822362 
 46132224      96.800000    -107.803339 
 46132224      96.800000    -107.812617 
 46132224      96.800000    -107.798789 
 46132224      96.800000    -107.792571 
 46132224      96.800000    -107.817000 
 46132224      96.800000    -107.804031 
 46132224      96.800000    -107.796419 
 46132224      96.800000    -107.802982 
 46132224      96.800000    -107.810362 
 46132224      96.800000    -107.813475 
 46132224      96.800000    -107.810056 
 46132224      96.800000    -107.796741 
 46132224      96.800000    -107.812068 
 46132224      96.800000    -107.811017 
 46132224      96.800000    -107.801421 
 46132224      96.800000    -107.809284 
 46132224      96.800000    -107.791498 
 46132224      96.800000    -107.812247 
 46132224      96.800000    -107.816638 
 46132224      96.800000    -107.799001 
 46132224      96.800000    -107.798756 
 46132224      96.800000    -107.816024 
 46132224      96.800000    -107.805799 
 46132224      96.800000    -107.813536 
 46132224      96.800000    -107.808967 
 46132224      96.800000    -107.802403 
 46132224      96.800000    -107.820542 
 46132224      96.800000    -107.820965 
 46132224      96.800000    -107.795932 
 46132224      96.800000    -107.807833 
 46132224      96.800000    -107.797366 
 46132224      96.800000    -107.789189 
 46132224      96.800000    -107.796215 
 46132224      96.800000    -107.813963 
 46132224      96.800000    -107.806752 
 46132224      96.800000    -107.804697 
 46132224      96.800000    -107.782129 
 46132224      96.800000    -107.774476 
 46132224      96.800000    -107.770240 
 46132224      96.800000    -107.796892 
 46132224      96.800000    -107.773292 
 46132224      96.800000    -107.792856 
 46132224      96.800000    -107.785854 
 46132224      96.800000    -107.787207 
 46132224      96.800000    -107.780391 
 46132224      96.800000    -107.777277 
 46132224      96.800000    -107.786598 
 46132224      96.800000    -107.791056 
 46132224      96.800000    -107.784432 
 46132224      96.800000    -107.787023 
 46132224      96.800000    -107.777188 
 46132224      96.800000    -107.783296 
 46132224      96.800000    -107.811707 
 46132224      96.800000    -107.790717 
 46132224      96.800000    -107.772647 
 46132224      96.800000    -107.770129 
 46132224      96.800000    -107.791047 
 46132224      96.800000    -107.804489 
 46132224      96.800000    -107.780560 
 46132224      96.800000    -107.781849 
 46132224      96.800000    -107.776453 
 46132224      96.800000    -107.793473 
 46132224      96.800000    -107.765654 
 46132224      96.800000    -107.778535 
 46132224      96.800000    -107.781971 
 46132224      96.800000    -107.786322 
 46132224      96.800000    -107.790135 
 46132224      96.800000    -107.788897 
 46132224      96.800000    -107.790813 
 46132224      96.800000    -107.790737 
 46132224      96.800000    -107.783644 
 46132224      96.800000    -107.780502 
 46132224      96.800000    -107.783669 
 46132224      96.800000    -107.796763 
 46132224      96.800000    -107.765095 
 46132224      96.800000    -107.767982 
 46132224      96.800000    -107.790244 
 46132224      96.800000    -107.774721 
 46132224      96.800000    -107.773811 
 46132224      96.800000    -107.777628 
 46132224      96.800000    -107.785319 
 46132224      96.800000    -107.783928 
 46132224      96.800000    -107.778969 
 46132224      96.800000    -107.770331 
 46132224      96.800000    -107.775147 
 46132224      96.800000    -107.774567 
 46132224      96.800000    -107.769979 
 46132224      96.800000    -107.784125 
 46132224      96.800000    -107.780411 
 46132224      96.800000    -107.788310 
 46132224      96.800000    -107.794629 
 46132224      10.400000    -107.804678 
 46132224      96.800000    -107.829945 
 46132224      96.800000    -107.802297 
 46132224      96.800000    -107.793424 
 46132224      96.800000    -107.821145 
 46132224      96.800000    -107.823761 
 46132224      96.800000    -107.791551 
 46132224      96.800000    -107.792881 
 46132224      96.800000    -107.805008 
 46132224      96.800000    -107.822898 
 46132224      96.800000    -107.818061 
 46132224      96.800000    -107.797015 
 46132224      96.800000    -107.805408 
 46132224      96.800000    -107.825518 
 46132224      96.800000    -107.809801 
 46132224      96.800000    -107.804683 
 46132224      96.800000    -107.826815 
 46132224      96.800000    -107.802175 
 46132224      96.800000    -107.809790 
 46132224      96.800000    -107.802223 
 46132224      96.800000    -107.816335 
 46132224      96.800000    -107.800469 
 46132224      96.800000    -107.811419 
 46132224      96.800000    -107.797976 
 46132224      96.800000    -107.800106 
 46132224      96.800000    -107.811801 
 46132224      96.800000    -107.806680 
 46132224      96.800000    -107.808627 
 46132224      96.800000    -107.831234 
 46132224      96.800000    -107.811289 
 46132224      96.800000    -107.816910 
 46132224      96.800000    -107.813582 
 46132224      96.800000    -107.812004 
 46132224      96.800000    -107.795585 
 46132224      96.800000    -107.816678 
 46132224      96.800000    -107.813102 
 46132224      96.800000    -107.808230 
 46132224      96.800000    -107.817450 
 46132224      96.800000    -107.806342 
 46132224      96.800000    -107.804376 
 46132224      96.800000    -107.806268 
 46132224      96.800000    -107.809874 
 46132224      96.800000    -107.802303 
 46132224      96.800000    -107.819660 
 46132224      96.800000    -107.802396 
 46132224      96.800000    -107.813147 
 46132224      96.800000    -107.796712 
 46132224      96.800000    -107.823635 
 46132224      96.800000    -107.802790 
 46132224      96.800000    -107.800191 
 46132224      96.800000    -107.813827 
 46132224      96.800000    -107.796455 
 46132224      96.800000    -107.791523 
 46132224      96.800000    -107.791275 
 46132224      96.800000    -107.781335 
 46132224      96.800000    -107.800224 
 46132224      96.800000    -107.775190 
 46132224      96.800000    -107.783430 
 46132224      96.800000    -107.799262 
 46132224      96.800000    -107.780239 
 46132224      96.800000    -107.792612 
 46132224      96.800000    -107.772349 
 46132224      96.800000    -107.769203 
 46132224      96.800000    -107.775606 
 46132224      96.800000    -107.778800 
 46132224      96.800000    -107.793350 
 46132224      96.800000    -107.768983 
 46132224      96.800000    -107.796442 
 46132224      96.800000    -107.791717 
 46132224      96.800000    -107.792329 
 46132224      96.800000    -107.786077 
 46132224      96.800000    -107.786948 
 46132224      96.800000    -107.780297 
 46132224      96.800000    -107.793310 
 46132224      96.800000    -107.782365 
 46132224      96.800000    -107.786638 
 46132224      96.800000    -107.770406 
 46132224      96.800000    -107.785337 
 46132224      96.800000    -107.797034 
 46132224      96.800000    -107.792331 
 46132224      96.800000    -107.780554 
 46132224      96.800000    -107.775329 
 46132224      96.800000    -107.780842 
 46132224      96.800000    -107.799283 
 46132224      96.800000    -107.786494 
 46132224      96.800000    -107.763129 
 46132224      96.800000    -107.779118 
 46132224      96.800000    -107.776302 
 46132224      96.800000    -107.779356 
 46132224      96.800000    -107.789847 
 46132224      96.800000    -107.784735 
 46132224      96.800000    -107.772576 
 46132224      96.800000    -107.782923 
 46132224      96.800000    -107.769135 
 46132224      96.800000    -107.774380 
 46132224      96.800000    -107.798875 
 46132224      96.800000    -107.780199 
 46132224      96.800000    -107.783494 
 46132224      96.800000    -107.785287 
 46132224      96.800000    -107.785365 
 46132224      96.800000    -107.790951 
 46132224      96.800000    -107.782766 
 46132224      96.800000    -107.773090 
 46132224      96.800000    -107.783586 
 46132224      96.800000    -107.781940 
 46132224      96.800000    -107.784618 
 46132224      96.800000    -107.783623 
 46132224      96.800000    -107.793059 
 46132224      96.800000    -107.790871 
 46132224      96.800000    -107.788454 
 46132224      96.800000    -107.788781 
 46132224      96.800000    -107.786139 
 46132224      96.800000    -107.780393 
 46132224       0.400000    -107.804643 
 46134784      96.800000    -102.846462 
 46134784      96.800000    -102.847089 
 46134784      96.800000    -102.854299 
 46134784      96.800000    -102.848163 
 46134784      96.800000    -102.844527 
 46134784      96.800000    -102.840448 
 46134784      96.800000    -102.843494 
 46134784      96.800000    -102.856619 
 46134784      96.800000    -102.840106 
 46134784      96.800000    -102.839651 
 46134784      96.800000    -102.852479 
 46134784      96.800000    -102.853804 
 46134784      96.800000    -102.846714 
 46134784      96.800000    -102.832954 
 46134784      96.800000    -102.845033 
 46134784      96.800000    -102.847074 
 46134784      96.800000    -102.847169 
 46134784      96.800000    -102.854206 
 46134784      96.800000    -102.840429 
 46134784      96.800000    -102.867548 
 46134784      96.800000    -102.836848 
 46134784      96.800000    -102.821058 
 46134784      96.800000    -102.845510 
 46134784      96.800000    -102.851350 
 46134784      96.800000    -102.854396 
 46134784      96.800000    -102.848232 
 46134784      96.800000    -102.836519 
 46134784      96.800000    -102.836966 
 46134784      96.800000    -102.827999 
 46134784      96.800000    -102.851939 
 46134784      96.800000    -102.832992 
 46134784      96.800000    -102.842537 
 46134784      96.800000    -102.853602 
 46134784      96.800000    -102.849922 
 46134784      96.800000    -102.852662 
 46134784      96.800000    -102.844875 
 46134784      96.800000    -102.855645 
 46134784      96.800000    -102.852282 
 46134784      96.800000    -102.834056 
 46134784      96.800000    -102.830012 
 46134784      96.800000    -102.847675 
 46134784      96.800000    -102.862325 
 46134784      96.800000    -102.838413 
 46134784      96.800000    -102.836546 
 46134784      96.800000    -102.855285 
 46134784      96.800000    -102.854111 
 46134784      96.800000    -102.843409 
 46134784      96.800000    -102.847621 
 46134784      96.800000    -102.832912 
 46134784      96.800000    -102.856617 
 46134784      96.800000    -102.843824 
 46134784      96.800000    -102.857587 
 46134784      96.800000    -102.846265 
 46134784      96.800000    -102.855694 
 46134784      96.800000    -102.844432 
 46134784      96.800000    -102.832869 
 46134784      96.800000    -102.851703 
 46134784      96.800000    -102.820842 
 46134784      96.800000    -102.814118 
 46134784      10.400000    -102.835270 
 46134784      96.800000    -102.826457 
 46134784      96.800000    -102.817322 
 46134784      96.800000    -102.829970 
 46134784      96.800000    -102.821707 
 46134784      96.800000    -102.818107 
 46134784      96.800000    -102.818486 
 46134784      96.800000    -102.819104 
 46134784      96.800000    -102.817402 
 46134784      96.800000    -102.817638 
 46134784      96.800000    -102.834045 
 46134784      96.800000    -102.837048 
 46134784      96.800000    -102.816405 
 46134784      96.800000    -102.835654 
 46134784      96.800000    -102.822002 
 46134784      96.800000    -102.831823 
 46134784      96.800000    -102.840783 
 46134784      96.800000    -102.820217 
 46134784      96.800000    -102.834219 
 46134784      96.800000    -102.824658 
 46134784      96.800000    -102.824667 
 46134784      96.800000    -102.827460 
 46134784      96.800000    -102.837694 
 46134784      96.800000    -102.839236 
 46134784      96.800000    -102.810610 
 46134784      96.800000    -102.831779 
 46134784      96.800000    -102.832530 
 46134784      96.800000    -102.815348 
 46134784      96.800000    -102.825715 
 46134784      96.800000    -102.822670 
 46134784      96.800000    -102.820190 
 46134784      96.800000    -102.828624 
 46134784      96.800000    -102.840250 
 46134784      96.800000    -102.833557 
 46134784      96.800000    -102.816317 
 46134784      96.800000    -102.805601 
 46134784      96.800000    -102.836393 
 46134784      96.800000    -102.819504 
 46134784      96.800000    -102.819537 
 46134784      96.800000    -102.810161 
 46134784      96.800000    -102.817272 
 46134784      96.800000    -102.818962 
 46134784      96.800000    -102.819266 
 46134784      96.800000    -102.825319 
 46134784      96.800000    -102.827932 
 46134784      96.800000    -102.842876 
 46134784      96.800000    -102.829391 
 46134784      96.800000    -102.835961 
 46134784      96.800000    -102.837500 
 46134784      96.800000    -102.824134 
 46134784      96.800000    -102.834733 
 46134784      96.800000    -102.827372 
 46134784      96.800000    -102.817121 
 46134784      96.800000    -102.835772 
 46134784      96.800000    -102.828407 
 46134784      96.800000    -102.831708 
 46134784      96.800000    -102.848751 
 46134784      96.800000    -102.849792 
 46134784      96.800000    -102.833470 
 46134784      96.800000    -102.844336 
 46134784      96.800000    -102.853816 
 46134784      96.800000    -102.853140 
 46134784      96.800000    -102.849494 
 46134784      96.800000    -102.855383 
 46134784      96.800000    -102.853627 
 46134784      96.800000    -102.852828 
 46134784      96.800000    -102.844883 
 46134784      96.800000    -102.871479 
 46134784      96.800000    -102.843198 
 46134784      96.800000    -102.851497 
 46134784      96.800000    -102.825511 
 46134784      96.800000    -102.845996 
 46134784      96.800000    -102.845758 
 46134784      96.800000    -102.841562 
 46134784      96.800000    -102.846473 
 46134784      96.800000    -102.852776 
 46134784      96.800000    -102.856429 
 46134784      96.800000    -102.854890 
 46134784      96.800000    -102.856723 
 46134784      96.800000    -102.837235 
 46134784      96.800000    -102.862324 
 46134784      96.800000    -102.856948 
 46134784      96.800000    -102.851630 
 46134784      96.800000    -102.837247 
 46134784      96.800000    -102.854703 
 46134784      96.800000    -102.847005 
 46134784      96.800000    -102.850274 
 46134784      96.800000    -102.840635 
 46134784      96.800000    -102.843106 
 46134784      96.800000    -102.848289 
 46134784      96.800000    -102.856572 
 46134784      96.800000    -102.837555 
 46134784      96.800000    -102.848315 
 46134784      96.800000    -102.865771 
 46134784      96.800000    -102.847749 
 46134784      96.800000    -102.866094 
 46134784      96.800000    -102.838112 
 46134784      96.800000    -102.844071 
 46134784      96.800000    -102.854910 
 46134784      96.800000    -102.846222 
 46134784      96.800000    -102.846374 
 46134784      96.800000    -102.852463 
 46134784      96.800000    -102.835246 
 46134784      96.800000    -102.851184 
 46134784      96.800000    -102.831820 
 46134784      96.800000    -102.850003 
 46134784      96.800000    -102.854113 
 46134784      96.800000    -102.851000 
 46134784      96.800000    -102.850532 
 46134784      96.800000    -102.858759 
 46134784      96.800000    -102.836271 
 46134784      96.800000    -102.842164 
 46134784      96.800000    -102.829301 
 46134784      96.800000    -102.832546 
 46134784      96.800000    -102.836067 
 46134784      96.800000    -102.826568 
 46134784      96.800000    -102.824031 
 46134784      96.800000    -102.822447 
 46134784      96.800000    -102.831399 
 46134784      96.800000    -102.817410 
 46134784      96.800000    -102.835633 
 46134784      96.800000    -102.804329 
 46134784      96.800000    -102.807902 
 46134784      96.800000    -102.827199 
 46134784      96.800000    -102.815939 
 46134784      96.800000    -102.808182 
 46134784      96.800000    -102.837821 
 46134784      96.800000    -102.829945 
 46134784      96.800000    -102.844494 
 46134784      96.800000    -102.831740 
 46134784      96.800000    -102.836631 
 46134784      96.800000    -102.844886 
 46134784      96.800000    -102.830407 
 46134784      96.800000    -102.809366 
 46134784      96.800000    -102.841746 
 46134784      96.800000    -102.826721 
 46134784      96.800000    -102.825353 
 46134784      96.800000    -102.826785 
 46134784      96.800000    -102.845606 
 46134784      96.800000    -102.830910 
 46134784      96.800000    -102.830183 
 46134784      96.800000    -102.828998 
 46134784      96.800000    -102.826617 
 46134784      96.800000    -102.835823 
 46134784      96.800000    -102.833346 
 46134784      96.800000    -102.822648 
 46134784      96.800000    -102.817718 
 46134784      96.800000    -102.833756 
 46134784      96.800000    -102.843058 
 46134784      96.800000    -102.828763 
 46134784      96.800000    -102.822780 
 46134784      96.800000    -102.851274 
 46134784      96.800000    -102.827914 
 46134784      96.800000    -102.812349 
 46134784      96.800000    -102.843300 
 46134784      96.800000    -102.820536 
 46134784      96.800000    -102.830810 
 46134784      96.800000    -102.830305 
 46134784      96.800000    -102.828287 
 46134784      96.800000    -102.818051 
 46134784      96.800000    -102.822818 
 46134784      96.800000    -102.820767 
 46134784      96.800000    -102.807361 
 46134784      96.800000    -102.826524 
 46134784      96.800000    -102.832841 
 46134784      96.800000    -102.828228 
 46134784      96.800000    -102.840695 
 46134784      96.800000    -102.839302 
 46134784      96.800000    -102.859124 
 46134784      96.800000    -102.850566 
 46134784      96.800000    -102.838143 
 46134784      96.800000    -102.837040 
 46134784      96.800000    -102.850501 
 46134784      96.800000    -102.845277 
 46134784      96.800000    -102.838795 
 46134784      96.800000    -102.835891 
 46134784      96.800000    -102.832085 
 46134784      96.800000    -102.852010 
 46134784      96.800000    -102.850053 
 46134784      96.800000    -102.853519 
 46134784      96.800000    -102.835937 
 46134784      96.800000    -102.839687 
 46134784      96.800000    -102.831697 
 46134784      96.800000    -102.846350 
 46134784      96.800000    -102.850012 
 46134784      96.800000    -102.842502 
 46134784      96.800000    -102.826373 
 46134784      96.800000    -102.851115 
 46134784      96.800000    -102.838655 
 46134784      96.800000    -102.830370 
 46134784      96.800000    -102.851349 
 46134784      96.800000    -102.846435 
 46134784      96.800000    -102.838147 
 46134784      96.800000    -102.840579 
 46134784      96.800000    -102.846520 
 46134784      96.800000    -102.836523 
 46134784      96.800000    -102.856465 
 46134784      96.800000    -102.835550 
 46134784      96.800000    -102.837133 
 46134784      96.800000    -102.842691 
 46134784      96.800000    -102.847366 
 46134784      96.800000    -102.859919 
 46134784      96.800000    -102.841468 
 46134784      96.800000    -102.865717 
 46134784      96.800000    -102.853194 
 46134784      96.800000    -102.833812 
 46134784      96.800000    -102.861734 
 46134784      96.800000    -102.856657 
 46134784      96.800000    -102.848638 
 46134784      96.800000    -102.841329 
 46134784      96.800000    -102.838892 
 46134784      96.800000    -102.840036 
 46134784      96.800000    -102.844911 
 46134784      96.800000    -102.854462 
 46134784      96.800000    -102.854633 
 46134784      96.800000    -102.841437 
 46134784      96.800000    -102.843564 
 46134784      96.800000    -102.833687 
 46134784      96.800000    -102.854938 
 46134784      96.800000    -102.869943 
 46134784      96.800000    -102.849441 
 46134784       0.400000    -102.835314 
 46134784      96.800000    -102.829848 
 46134784      96.800000    -102.835262 
 46134784      96.800000    -102.840387 
 46134784      96.800000    -102.825478 
 46134784      96.800000    -102.842334 
 46134784      96.800000    -102.824537 
 46134784      96.800000    -102.831604 
 46134784      96.800000    -102.821191 
 46134784      96.800000    -102.843993 
 46134784      96.800000    -102.825916 
 46134784      96.800000    -102.822496 
 46134784      96.800000    -102.822680 
 46134784      96.800000    -102.830125 
 46134784      96.800000    -102.806312 
 46134784      96.800000    -102.831651 
 46134784      96.800000    -102.839787 
 46134784      96.800000    -102.819688 
 46134784      96.800000    -102.827595 
 46134784      96.800000    -102.815808 
 46134784      96.800000    -102.842967 
 46134784      96.800000    -102.810271 
 46134784      96.800000    -102.819165 
 46134784      96.800000    -102.821945 
 46134784      96.800000    -102.823992 
 46134784      96.800000    -102.812935 
 46134784      96.800000    -102.827135 
 46134784      96.800000    -102.828096 
 46134784      96.800000    -102.828762 
 46134784      96.800000    -102.822988 
 46134784      96.800000    -102.834224 
 46134784      96.800000    -102.835785 
 46134784      96.800000    -102.843224 
 46134784      96.800000    -102.825339 
 46134784      96.800000    -102.819900 
 46134784      96.800000    -102.828688 
 46134784      96.800000    -102.850182 
 46134784      96.800000    -102.815424 
 46134784      96.800000    -102.837431 
 46134784      96.800000    -102.818133 
 46134784      96.800000    -102.833825 
 46134784      96.800000    -102.821622 
 46134784      96.800000    -102.827805 
 46134784      96.800000    -102.836916 
 46134784      96.800000    -102.831848 
 46134784      96.800000    -102.822681 
 46134784      96.800000    -102.834768 
 46134784      96.800000    -102.834955 
 46134784      96.800000    -102.831276 
 46134784      96.800000    -102.823437 
 46134784      96.800000    -102.816772 
 46134784      96.800000    -102.828981 
 46134784      96.800000    -102.832799 
 46134784      96.800000    -102.828130 
 46134784      96.800000    -102.814926 
 46134784      96.800000    -102.829430 
 46134784      96.800000    -102.844195 
 46134784      96.800000    -102.848431 
 46134784      96.800000    -102.847683 
 46134784      96.800000    -102.860604 
 46134784      96.800000    -102.851618 
 46134784      96.800000    -102.845522 
 46134784      96.800000    -102.883575 
 46134784      96.800000    -102.842384 
 46134784      96.800000    -102.853369 
 46134784      96.800000    -102.849666 
 46134784      96.800000    -102.845249 
 46134784      96.800000    -102.846237 
 46134784      96.800000    -102.842890 
 46134784      96.800000    -102.856215 
 46134784      96.800000    -102.852452 
 46134784      96.800000    -102.856693 
 46134784      96.800000    -102.857617 
 46134784      96.800000    -102.859445 
 46134784      96.800000    -102.836603 
 46134784      96.800000    -102.833622 
 46134784      96.800000    -102.859541 
 46134784      96.800000    -102.847100 
 46134784      96.800000    -102.835839 
 46134784      96.800000    -102.841391 
 46134784      96.800000    -102.846185 
 46134784      96.800000    -102.830902 
 46134784      96.800000    -102.854389 
 46134784      96.800000    -102.844142 
 46134784      96.800000    -102.862856 
 46134784      96.800000    -102.857971 
 46134784      96.800000    -102.840977 
 46134784      96.800000    -102.839414 
 46134784      96.800000    -102.832102 
 46134784      96.800000    -102.851700 
 46134784      96.800000    -102.849646 
 46134784      96.800000    -102.846059 
 46134784      96.800000    -102.854110 
 46134784      96.800000    -102.832965 
 46134784      96.800000    -102.844434 
 46134784      96.800000    -102.847238 
 46134784      96.800000    -102.840053 
 46134784      96.800000    -102.848422 
 46134784      96.800000    -102.860401 
 46134784      96.800000    -102.852336 
 46134784      96.800000    -102.846075 
 46134784      96.800000    -102.862751 
 46134784      96.800000    -102.835076 
 46134784      96.800000    -102.834216 
 46134784      96.800000    -102.848298 
 46134784      96.800000    -102.845393 
 46134784      96.800000    -102.836783 
 46134784      96.800000    -102.850653 
 46134784      96.800000    -102.848779 
 46134784      96.800000    -102.851949 
 46134784      96.800000    -102.844021 
 46134784      96.800000    -102.854748 
 46134784      96.800000    -102.849459 
 46134784      96.800000    -102.850183 
 46134784      96.800000    -102.816090 
 46134784      96.800000    -102.830661 
 46134784      96.800000    -102.828274 
 46134784      96.800000    -102.846805 
 46134784      96.800000    -102.835035 
 46134784      96.800000    -102.832357 
 46134784      96.800000    -102.826839 
 46134784      96.800000    -102.847562 
 46134784      96.800000    -102.817070 
 46134784      96.800000    -102.817945 
 46134784      96.800000    -102.826004 
 46134784      96.800000    -102.841503 
 46134784      96.800000    -102.835144 
 46134784      96.800000    -102.832901 
 46134784      96.800000    -102.830861 
 46134784      96.800000    -102.833710 
 46134784      96.800000    -102.831419 
 46134784      96.800000    -102.832707 
 46134784      96.800000    -102.833680 
 46134784      96.800000    -102.821580 
 46134784      96.800000    -102.802473 
 46134784      96.800000    -102.823157 
 46134784      96.800000    -102.840203 
 46134784      96.800000    -102.831187 
 46134784      96.800000    -102.834585 
 46134784      96.800000    -102.823500 
 46134784      96.800000    -102.824790 
 46134784      96.800000    -102.836027 
 46134784      96.800000    -102.827594 
 46134784      96.800000    -102.825839 
 46134784      96.800000    -102.827318 
 46134784      96.800000    -102.819225 
 46134784      96.800000    -102.822938 
 46134784      96.800000    -102.819276 
 46134784      96.800000    -102.823999 
 46134784      96.800000    -102.830125 
 46134784      96.800000    -102.832155 
 46134784      96.800000    -102.836377 
 46134784      96.800000    -102.826169 
 46134784      96.800000    -102.822197 
 46134784      96.800000    -102.815649 
 46134784      96.800000    -102.817152 
 46134784      96.800000    -102.829222 
 46134784      96.800000    -102.845259 
 46134784      96.800000    -102.819870 
 46134784      96.800000    -102.817186 
 46134784      96.800000    -102.821155 
 46134784      96.800000    -102.822880 
 46134784      96.800000    -102.854936 
 46134784      96.800000    -102.825251 
 46134784      96.800000    -102.836156 
 46134784      96.800000    -102.827470 
 46134784      96.800000    -102.833800 
 46134784      96.800000    -102.831245 
 46134784      96.800000    -102.822478 
 46134784      96.800000    -102.826473 
 46134784      96.800000    -102.824558 
 46134784      96.800000    -102.830061 
