## MACS2129 IRAC ch2 observation
# 1 AOR
# 2 EXPTIME
# 3 CROTA
 46131200      10.400000     -72.450287 
 46131200      96.800000     -72.447339 
 46131200      96.800000     -72.451740 
 46131200      96.800000     -72.458435 
 46131200      96.800000     -72.452552 
 46131200      96.800000     -72.452317 
 46131200      96.800000     -72.453971 
 46131200      96.800000     -72.455067 
 46131200      96.800000     -72.447654 
 46131200      96.800000     -72.450703 
 46131200      96.800000     -72.454549 
 46131200      96.800000     -72.453804 
 46131200      96.800000     -72.451085 
 46131200      96.800000     -72.449464 
 46131200      96.800000     -72.448801 
 46131200      96.800000     -72.454335 
 46131200      96.800000     -72.451024 
 46131200      96.800000     -72.452166 
 46131200      96.800000     -72.454278 
 46131200      96.800000     -72.448307 
 46131200      96.800000     -72.452219 
 46131200      96.800000     -72.450390 
 46131200      96.800000     -72.452871 
 46131200      96.800000     -72.450988 
 46131200      96.800000     -72.454465 
 46131200      96.800000     -72.454963 
 46131200      96.800000     -72.450268 
 46131200      96.800000     -72.451292 
 46131200      96.800000     -72.450922 
 46131200      96.800000     -72.453207 
 46131200      96.800000     -72.460102 
 46131200      96.800000     -72.448613 
 46131200      96.800000     -72.452318 
 46131200      96.800000     -72.449903 
 46131200      96.800000     -72.454355 
 46131200      96.800000     -72.458421 
 46131200      96.800000     -72.449507 
 46131200      96.800000     -72.453258 
 46131200      96.800000     -72.457369 
 46131200      96.800000     -72.449001 
 46131200      96.800000     -72.450122 
 46131200      96.800000     -72.450399 
 46131200      96.800000     -72.458039 
 46131200      96.800000     -72.454572 
 46131200      96.800000     -72.448456 
 46131200      96.800000     -72.448851 
 46131200      96.800000     -72.448586 
 46131200      96.800000     -72.443912 
 46131200      96.800000     -72.456296 
 46131200      96.800000     -72.448451 
 46131200      96.800000     -72.451302 
 46131200      96.800000     -72.457356 
 46131200      96.800000     -72.457246 
 46131200      96.800000     -72.459407 
 46131200      96.800000     -72.454960 
 46131200      96.800000     -72.457380 
 46131200      96.800000     -72.448614 
 46131200      96.800000     -72.454120 
 46131200      96.800000     -72.445404 
 46131200      96.800000     -72.451921 
 46131200      96.800000     -72.451038 
 46131200      96.800000     -72.455281 
 46131200      96.800000     -72.454738 
 46131200      96.800000     -72.455101 
 46131200      96.800000     -72.449749 
 46131200      96.800000     -72.452857 
 46131200      96.800000     -72.451569 
 46131200      96.800000     -72.457278 
 46131200      96.800000     -72.447340 
 46131200      96.800000     -72.448922 
 46131200      96.800000     -72.455661 
 46131200      96.800000     -72.455418 
 46131200      96.800000     -72.452359 
 46131200      96.800000     -72.447156 
 46131200      96.800000     -72.447496 
 46131200      96.800000     -72.450855 
 46131200      96.800000     -72.459099 
 46131200      96.800000     -72.451933 
 46131200      96.800000     -72.446390 
 46131200      96.800000     -72.448943 
 46131200      96.800000     -72.450020 
 46131200      96.800000     -72.448930 
 46131200      96.800000     -72.450933 
 46131200      96.800000     -72.451444 
 46131200      96.800000     -72.453357 
 46131200      96.800000     -72.457109 
 46131200      96.800000     -72.450062 
 46131200      96.800000     -72.449286 
 46131200      96.800000     -72.451211 
 46131200      96.800000     -72.449982 
 46131200      96.800000     -72.457149 
 46131200      96.800000     -72.448729 
 46131200      96.800000     -72.456389 
 46131200      96.800000     -72.456858 
 46131200      96.800000     -72.456273 
 46131200      96.800000     -72.453056 
 46131200      96.800000     -72.447461 
 46131200      96.800000     -72.453268 
 46131200      96.800000     -72.449547 
 46131200      96.800000     -72.452934 
 46131200      96.800000     -72.452004 
 46131200      96.800000     -72.449092 
 46131200      96.800000     -72.449270 
 46131200      96.800000     -72.454029 
 46131200      96.800000     -72.451383 
 46131200      96.800000     -72.460523 
 46131200      96.800000     -72.460125 
 46131200      96.800000     -72.456374 
 46131200      96.800000     -72.455481 
 46131200      96.800000     -72.455740 
 46131200      96.800000     -72.458074 
 46131200      96.800000     -72.458059 
 46131200      96.800000     -72.454159 
 46131200      96.800000     -72.454247 
 46131200      96.800000     -72.449612 
 46131200      96.800000     -72.456967 
 46131200      96.800000     -72.447277 
 46131200      96.800000     -72.449732 
 46131200      96.800000     -72.449896 
 46131200      96.800000     -72.448172 
 46131200      96.800000     -72.452341 
 46131200      96.800000     -72.450804 
 46131200      96.800000     -72.446249 
 46131200      96.800000     -72.449092 
 46131200      96.800000     -72.453678 
 46131200      96.800000     -72.455725 
 46131200      96.800000     -72.453283 
 46131200      96.800000     -72.454864 
 46131200      96.800000     -72.448763 
 46131200      96.800000     -72.453123 
 46131200      96.800000     -72.450631 
 46131200      96.800000     -72.454979 
 46131200      96.800000     -72.451487 
 46131200      96.800000     -72.448655 
 46131200      96.800000     -72.452173 
 46131200      96.800000     -72.451485 
 46131200      96.800000     -72.451834 
 46131200      96.800000     -72.447929 
 46131200      96.800000     -72.452230 
 46131200      96.800000     -72.450297 
 46131200      96.800000     -72.452429 
 46131200      96.800000     -72.447760 
 46131200      96.800000     -72.445902 
 46131200      96.800000     -72.456979 
 46131200      96.800000     -72.450603 
 46131200      96.800000     -72.458254 
 46131200      96.800000     -72.448087 
 46131200      96.800000     -72.457020 
 46131200      96.800000     -72.449438 
 46131200      96.800000     -72.457475 
 46131200      96.800000     -72.455297 
 46131200      96.800000     -72.457311 
 46131200      96.800000     -72.454899 
 46131200      96.800000     -72.452128 
 46131200      96.800000     -72.448798 
 46131200      96.800000     -72.454642 
 46131200      96.800000     -72.453665 
 46131200      96.800000     -72.454527 
 46131200      96.800000     -72.453534 
 46131200      96.800000     -72.455790 
 46131200      96.800000     -72.445698 
 46131200      96.800000     -72.454623 
 46131200      96.800000     -72.455904 
 46131200      96.800000     -72.448067 
 46131200      96.800000     -72.454591 
 46131200      96.800000     -72.449075 
 46131200      96.800000     -72.446917 
 46131200      96.800000     -72.458736 
 46131200      96.800000     -72.455651 
 46131200      96.800000     -72.455669 
 46131200      96.800000     -72.457321 
 46131200      96.800000     -72.456075 
 46131200      96.800000     -72.457778 
 46131200      96.800000     -72.449048 
 46131200      96.800000     -72.455930 
 46131200      96.800000     -72.450016 
 46131200      96.800000     -72.451156 
 46131200      96.800000     -72.455089 
 46131200      96.800000     -72.449535 
 46131200      96.800000     -72.452028 
 46131200      96.800000     -72.453311 
 46131200      96.800000     -72.452021 
 46131200      96.800000     -72.456680 
 46131200      96.800000     -72.444993 
 46131200      96.800000     -72.455762 
 46131200      96.800000     -72.456581 
 46131200      96.800000     -72.453688 
 46131200      96.800000     -72.455138 
 46131200      96.800000     -72.456602 
 46131200      96.800000     -72.459392 
 46131200      96.800000     -72.456804 
 46131200      96.800000     -72.451616 
 46131200      96.800000     -72.448393 
 46131200      96.800000     -72.451712 
 46131200      96.800000     -72.446430 
 46131200      96.800000     -72.452165 
 46131200      96.800000     -72.449373 
 46131200      96.800000     -72.449560 
 46131200      96.800000     -72.451068 
 46131200      96.800000     -72.449792 
 46131200      96.800000     -72.452924 
 46131200      96.800000     -72.449191 
 46131200      96.800000     -72.456278 
 46131200      96.800000     -72.451933 
 46131200      96.800000     -72.452113 
 46131200      96.800000     -72.452495 
 46131200      96.800000     -72.454718 
 46131200      96.800000     -72.454701 
 46131200      96.800000     -72.450755 
 46131200      96.800000     -72.451711 
 46131200      96.800000     -72.450031 
 46131200      96.800000     -72.446185 
 46131200      96.800000     -72.447261 
 46131200      96.800000     -72.447664 
 46131200      96.800000     -72.451205 
 46131200      96.800000     -72.447430 
 46131200      96.800000     -72.450630 
 46131200      96.800000     -72.446871 
 46131200      96.800000     -72.458941 
 46131200      96.800000     -72.460162 
 46131200      96.800000     -72.452340 
 46131200      96.800000     -72.455878 
 46131200      96.800000     -72.459874 
 46131200      96.800000     -72.456258 
 46131200      96.800000     -72.457513 
 46131200      96.800000     -72.458806 
 46131200      96.800000     -72.453040 
 46131200      96.800000     -72.461971 
 46131200       0.400000     -72.450225 
 46131200      96.800000     -72.450684 
 46131200      96.800000     -72.447173 
 46131200      96.800000     -72.447229 
 46131200      96.800000     -72.455817 
 46131200      96.800000     -72.449361 
 46131200      96.800000     -72.457106 
 46131200      96.800000     -72.464115 
 46131200      96.800000     -72.449866 
 46131200      96.800000     -72.455545 
 46131200      96.800000     -72.451536 
 46131200      96.800000     -72.452653 
 46131200      96.800000     -72.450984 
 46131200      96.800000     -72.451828 
 46131200      96.800000     -72.452357 
 46131200      96.800000     -72.450716 
 46131200      96.800000     -72.452701 
 46131200      96.800000     -72.455029 
 46131200      96.800000     -72.450763 
 46131200      96.800000     -72.455475 
 46131200      96.800000     -72.449988 
 46131200      96.800000     -72.453605 
 46131200      96.800000     -72.447416 
 46131200      96.800000     -72.449136 
 46131200      96.800000     -72.452784 
 46131200      96.800000     -72.449191 
 46131200      96.800000     -72.454480 
 46131200      96.800000     -72.457512 
 46131200      96.800000     -72.460570 
 46131200      96.800000     -72.447264 
 46131200      96.800000     -72.457926 
 46131200      96.800000     -72.446832 
 46131200      96.800000     -72.450931 
 46131200      96.800000     -72.455115 
 46131200      96.800000     -72.451827 
 46131200      96.800000     -72.453636 
 46131200      96.800000     -72.446932 
 46131200      96.800000     -72.451191 
 46131200      96.800000     -72.451470 
 46131200      96.800000     -72.452704 
 46131200      96.800000     -72.453956 
 46131200      96.800000     -72.452616 
 46131200      96.800000     -72.452717 
 46131200      96.800000     -72.456821 
 46131200      96.800000     -72.449081 
 46131200      96.800000     -72.452758 
 46131200      96.800000     -72.455743 
 46131200      96.800000     -72.447100 
 46131200      96.800000     -72.452048 
 46131200      96.800000     -72.454960 
 46131200      96.800000     -72.457539 
 46131200      96.800000     -72.453217 
 46131200      96.800000     -72.454322 
 46131200      96.800000     -72.455718 
 46131200      96.800000     -72.452352 
 46131200      96.800000     -72.454916 
 46131200      96.800000     -72.457018 
 46131200      96.800000     -72.458384 
 46131200      96.800000     -72.449632 
 46131200      96.800000     -72.450313 
 46131200      96.800000     -72.452272 
 46131200      96.800000     -72.454863 
 46131200      96.800000     -72.446661 
 46131200      96.800000     -72.448407 
 46131200      96.800000     -72.454349 
 46131200      96.800000     -72.455958 
 46131200      96.800000     -72.453547 
 46131200      96.800000     -72.454808 
 46131200      96.800000     -72.457731 
 46131200      96.800000     -72.451374 
 46131200      96.800000     -72.444903 
 46131200      96.800000     -72.446172 
 46131200      96.800000     -72.451532 
 46131200      96.800000     -72.457596 
 46131200      96.800000     -72.452223 
 46131200      96.800000     -72.449848 
 46131200      96.800000     -72.453707 
 46131200      96.800000     -72.446364 
 46131200      96.800000     -72.455649 
 46131200      96.800000     -72.452715 
 46131200      96.800000     -72.447639 
 46131200      96.800000     -72.450424 
 46131200      96.800000     -72.452226 
 46131200      96.800000     -72.453035 
 46131200      96.800000     -72.449264 
 46131200      96.800000     -72.451630 
 46131200      96.800000     -72.452732 
 46131200      96.800000     -72.452616 
 46131200      96.800000     -72.452983 
 46131200      96.800000     -72.450041 
 46131200      96.800000     -72.451750 
 46131200      96.800000     -72.455236 
 46131200      96.800000     -72.454975 
 46131200      96.800000     -72.451821 
 46131200      96.800000     -72.456272 
 46131200      96.800000     -72.448725 
 46131200      96.800000     -72.456940 
 46131200      96.800000     -72.449762 
 46131200      96.800000     -72.449359 
 46131200      96.800000     -72.453370 
 46131200      96.800000     -72.451220 
 46131200      96.800000     -72.449906 
 46131200      96.800000     -72.455092 
 46131200      96.800000     -72.451442 
 46131200      96.800000     -72.447800 
 46131200      96.800000     -72.449551 
 46131200      96.800000     -72.459962 
 46131200      96.800000     -72.456139 
 46131200      96.800000     -72.456355 
 46131200      96.800000     -72.456871 
 46131200      96.800000     -72.450396 
 46131200      96.800000     -72.448079 
 46131200      96.800000     -72.450559 
 46131200      96.800000     -72.451803 
 46131200      96.800000     -72.458396 
 46131200      96.800000     -72.457535 
 46131200      96.800000     -72.451688 
 46131200      96.800000     -72.453401 
 46131200      96.800000     -72.455923 
 46131200      96.800000     -72.448104 
 46131200      96.800000     -72.452493 
 46131200      96.800000     -72.452798 
 46131200      96.800000     -72.458848 
 46131200      96.800000     -72.454783 
 46131200      96.800000     -72.452585 
 46131200      96.800000     -72.450338 
 46131200      96.800000     -72.455756 
 46131200      96.800000     -72.452876 
 46131200      96.800000     -72.450019 
 46131200      96.800000     -72.454742 
 46131200      96.800000     -72.451202 
 46131200      96.800000     -72.451201 
 46131200      96.800000     -72.449755 
 46131200      96.800000     -72.451251 
 46131200      96.800000     -72.452950 
 46131200      96.800000     -72.452977 
 46131200      96.800000     -72.448444 
 46131200      96.800000     -72.448374 
 46131200      96.800000     -72.447962 
 46131200      96.800000     -72.454183 
 46131200      96.800000     -72.453041 
 46131200      96.800000     -72.451299 
 46131200      96.800000     -72.449950 
 46131200      96.800000     -72.451699 
 46131200      96.800000     -72.457760 
 46131200      96.800000     -72.457533 
 46131200      96.800000     -72.447639 
 46131200      96.800000     -72.451990 
 46131200      96.800000     -72.454657 
 46131200      96.800000     -72.452246 
 46131200      96.800000     -72.450198 
 46131200      96.800000     -72.451650 
 46131200      96.800000     -72.451816 
 46131200      96.800000     -72.454023 
 46131200      96.800000     -72.454748 
 46131200      96.800000     -72.452803 
 46131200      96.800000     -72.454094 
 46131200      96.800000     -72.454153 
 46131200      96.800000     -72.450195 
 46131200      96.800000     -72.449584 
 46131200      96.800000     -72.446632 
 46131200      96.800000     -72.450277 
 46131200      96.800000     -72.447887 
 46131200      96.800000     -72.460064 
 46131200      96.800000     -72.455590 
 46131200      96.800000     -72.451588 
 46131200      96.800000     -72.450831 
 46131200      96.800000     -72.460250 
 46131200      96.800000     -72.451657 
 46131200      96.800000     -72.452760 
 46131200      96.800000     -72.457539 
 46131200      96.800000     -72.458290 
 46131200      96.800000     -72.457885 
 46131200      96.800000     -72.455058 
 46131200      96.800000     -72.458963 
 46131200      96.800000     -72.454577 
 46131200      96.800000     -72.447764 
 46131200      96.800000     -72.449919 
 46131200      96.800000     -72.453743 
 46131200      96.800000     -72.457193 
 46131200      96.800000     -72.451976 
 46131200      96.800000     -72.449491 
 46131200      96.800000     -72.447079 
 46131200      96.800000     -72.446455 
 46131200      96.800000     -72.452261 
 46131200      96.800000     -72.442737 
 46131200      96.800000     -72.453388 
 46131200      96.800000     -72.456392 
 46131200      96.800000     -72.442815 
 46131200      96.800000     -72.453329 
 46131200      96.800000     -72.456715 
 46131200      96.800000     -72.454439 
 46131200      96.800000     -72.447645 
 46131200      96.800000     -72.451518 
 46131200      96.800000     -72.446618 
 46131200      96.800000     -72.451899 
 46131200      96.800000     -72.451585 
 46131200      96.800000     -72.453079 
 46131200      96.800000     -72.452728 
 46131200      96.800000     -72.455483 
 46131200      96.800000     -72.451267 
 46131200      96.800000     -72.451089 
 46131200      96.800000     -72.448456 
 46131200      96.800000     -72.451942 
 46131200      96.800000     -72.451349 
 46131200      96.800000     -72.450790 
 46131200      96.800000     -72.450152 
 46131200      96.800000     -72.454102 
 46131200      96.800000     -72.443744 
 46131200      96.800000     -72.447678 
 46131200      96.800000     -72.451438 
 46131200      96.800000     -72.453137 
 46131200      96.800000     -72.454696 
 46131200      96.800000     -72.447101 
 46131200      96.800000     -72.455613 
 46131200      96.800000     -72.455921 
 46131200      96.800000     -72.456473 
 46131200      96.800000     -72.456933 
 46131200      96.800000     -72.453523 
 46131200      96.800000     -72.456597 
 46131200      96.800000     -72.460487 
 46131200      96.800000     -72.458144 
 46131200      96.800000     -72.455552 
 46131200      96.800000     -72.453280 
 46128640      96.800000     -73.449122 
 46128640      96.800000     -73.445619 
 46128640      96.800000     -73.447780 
 46128640      96.800000     -73.446855 
 46128640      96.800000     -73.443943 
 46128640      96.800000     -73.449902 
 46128640      96.800000     -73.452276 
 46128640      96.800000     -73.447343 
 46128640      96.800000     -73.445920 
 46128640      96.800000     -73.446447 
 46128640      96.800000     -73.447620 
 46128640      96.800000     -73.448463 
 46128640      96.800000     -73.451197 
 46128640      96.800000     -73.450171 
 46128640      96.800000     -73.446622 
 46128640      96.800000     -73.447426 
 46128640      96.800000     -73.447022 
 46128640      96.800000     -73.446514 
 46128640      96.800000     -73.442820 
 46128640      96.800000     -73.447520 
 46128640      96.800000     -73.446711 
 46128640      96.800000     -73.444112 
 46128640      96.800000     -73.447888 
 46128640      96.800000     -73.445746 
 46128640      96.800000     -73.447577 
 46128640      96.800000     -73.446572 
 46128640      96.800000     -73.448762 
 46128640      96.800000     -73.445481 
 46128640      96.800000     -73.445007 
 46128640      96.800000     -73.447792 
 46128640      96.800000     -73.449219 
 46128640      96.800000     -73.446331 
 46128640      96.800000     -73.448450 
 46128640      96.800000     -73.447610 
 46128640      96.800000     -73.449946 
 46128640      96.800000     -73.448110 
 46128640      96.800000     -73.441596 
 46128640      96.800000     -73.448810 
 46128640      96.800000     -73.451881 
 46128640      96.800000     -73.450105 
 46128640      96.800000     -73.445446 
 46128640      96.800000     -73.448283 
 46128640      96.800000     -73.449834 
 46128640      96.800000     -73.448032 
 46128640      96.800000     -73.445148 
 46128640      96.800000     -73.443493 
 46128640      96.800000     -73.450277 
 46128640      96.800000     -73.444864 
 46128640      96.800000     -73.448355 
 46128640      96.800000     -73.448853 
 46128640      96.800000     -73.446565 
 46128640      96.800000     -73.445355 
 46128640      96.800000     -73.450578 
 46128640      96.800000     -73.447703 
 46128640      96.800000     -73.447014 
 46128640      96.800000     -73.445658 
 46128640      96.800000     -73.444081 
 46128640      96.800000     -73.446459 
 46128640      96.800000     -73.444239 
 46128640      96.800000     -73.441143 
 46128640      96.800000     -73.438973 
 46128640      96.800000     -73.442564 
 46128640      96.800000     -73.446175 
 46128640      96.800000     -73.442930 
 46128640      96.800000     -73.440046 
 46128640      96.800000     -73.445039 
 46128640      96.800000     -73.444596 
 46128640      96.800000     -73.441135 
 46128640      96.800000     -73.440600 
 46128640      96.800000     -73.439142 
 46128640      96.800000     -73.442853 
 46128640      96.800000     -73.443702 
 46128640      96.800000     -73.443308 
 46128640      96.800000     -73.444180 
 46128640      96.800000     -73.442063 
 46128640      96.800000     -73.444213 
 46128640      96.800000     -73.440033 
 46128640      96.800000     -73.445959 
 46128640      96.800000     -73.447802 
 46128640      96.800000     -73.444577 
 46128640      96.800000     -73.440582 
 46128640      96.800000     -73.443171 
 46128640      96.800000     -73.441538 
 46128640      96.800000     -73.440451 
 46128640      96.800000     -73.445341 
 46128640      96.800000     -73.442636 
 46128640      96.800000     -73.441398 
 46128640      96.800000     -73.448530 
 46128640      96.800000     -73.450313 
 46128640      96.800000     -73.446728 
 46128640      96.800000     -73.445067 
 46128640      96.800000     -73.447373 
 46128640      96.800000     -73.444744 
 46128640      96.800000     -73.444204 
 46128640      96.800000     -73.441637 
 46128640      96.800000     -73.442609 
 46128640      96.800000     -73.441302 
 46128640      96.800000     -73.444355 
 46128640      96.800000     -73.446557 
 46128640      96.800000     -73.440728 
 46128640      96.800000     -73.442778 
 46128640      96.800000     -73.443345 
 46128640      96.800000     -73.442832 
 46128640      96.800000     -73.440221 
 46128640      96.800000     -73.442972 
 46128640      96.800000     -73.441524 
 46128640      96.800000     -73.436084 
 46128640      96.800000     -73.437676 
 46128640      96.800000     -73.438969 
 46128640      96.800000     -73.442112 
 46128640      96.800000     -73.441931 
 46128640      96.800000     -73.449522 
 46128640      96.800000     -73.444642 
 46128640      96.800000     -73.445640 
 46128640      96.800000     -73.442567 
 46128640      96.800000     -73.440052 
 46128640      96.800000     -73.444032 
 46128640      96.800000     -73.442224 
 46128640      96.800000     -73.441334 
 46128640      96.800000     -73.443766 
 46128640      96.800000     -73.442037 
 46128640      10.400000     -73.441864 
 46128640      96.800000     -73.446233 
 46128640      96.800000     -73.446138 
 46128640      96.800000     -73.443589 
 46128640      96.800000     -73.445815 
 46128640      96.800000     -73.440063 
 46128640      96.800000     -73.442237 
 46128640      96.800000     -73.444754 
 46128640      96.800000     -73.447202 
 46128640      96.800000     -73.446008 
 46128640      96.800000     -73.447394 
 46128640      96.800000     -73.444445 
 46128640      96.800000     -73.445436 
 46128640      96.800000     -73.450707 
 46128640      96.800000     -73.448442 
 46128640      96.800000     -73.451295 
 46128640      96.800000     -73.445507 
 46128640      96.800000     -73.444613 
 46128640      96.800000     -73.447127 
 46128640      96.800000     -73.444925 
 46128640      96.800000     -73.445910 
 46128640      96.800000     -73.440885 
 46128640      96.800000     -73.447214 
 46128640      96.800000     -73.447315 
 46128640      96.800000     -73.447913 
 46128640      96.800000     -73.446164 
 46128640      96.800000     -73.445560 
 46128640      96.800000     -73.449362 
 46128640      96.800000     -73.445118 
 46128640      96.800000     -73.448065 
 46128640      96.800000     -73.450716 
 46128640      96.800000     -73.448127 
 46128640      96.800000     -73.445814 
 46128640      96.800000     -73.449577 
 46128640      96.800000     -73.445470 
 46128640      96.800000     -73.445701 
 46128640      96.800000     -73.446768 
 46128640      96.800000     -73.449021 
 46128640      96.800000     -73.446068 
 46128640      96.800000     -73.448107 
 46128640      96.800000     -73.450477 
 46128640      96.800000     -73.450545 
 46128640      96.800000     -73.449776 
 46128640      96.800000     -73.448116 
 46128640      96.800000     -73.440472 
 46128640      96.800000     -73.447712 
 46128640      96.800000     -73.446683 
 46128640      96.800000     -73.445098 
 46128640      96.800000     -73.444288 
 46128640      96.800000     -73.444499 
 46128640      96.800000     -73.444540 
 46128640      96.800000     -73.447950 
 46128640      96.800000     -73.445294 
 46128640      96.800000     -73.444255 
 46128640      96.800000     -73.447142 
 46128640      96.800000     -73.448456 
 46128640      96.800000     -73.448982 
 46128640      96.800000     -73.446677 
 46128640      96.800000     -73.441980 
 46128640      96.800000     -73.440649 
 46128640      96.800000     -73.443896 
 46128640      96.800000     -73.445607 
 46128640      96.800000     -73.441364 
 46128640      96.800000     -73.437805 
 46128640      96.800000     -73.441476 
 46128640      96.800000     -73.442627 
 46128640      96.800000     -73.442310 
 46128640      96.800000     -73.442190 
 46128640      96.800000     -73.442706 
 46128640      96.800000     -73.442520 
 46128640      96.800000     -73.441913 
 46128640      96.800000     -73.437327 
 46128640      96.800000     -73.438749 
 46128640      96.800000     -73.442862 
 46128640      96.800000     -73.440319 
 46128640      96.800000     -73.440666 
 46128640      96.800000     -73.445334 
 46128640      96.800000     -73.439695 
 46128640      96.800000     -73.443336 
 46128640      96.800000     -73.442206 
 46128640      96.800000     -73.441775 
 46128640      96.800000     -73.449296 
 46128640      96.800000     -73.440649 
 46128640      96.800000     -73.441886 
 46128640      96.800000     -73.442534 
 46128640      96.800000     -73.442308 
 46128640      96.800000     -73.444421 
 46128640      96.800000     -73.442992 
 46128640      96.800000     -73.446573 
 46128640      96.800000     -73.443866 
 46128640      96.800000     -73.440522 
 46128640      96.800000     -73.445153 
 46128640      96.800000     -73.443325 
 46128640      96.800000     -73.440900 
 46128640      96.800000     -73.441793 
 46128640      96.800000     -73.440288 
 46128640      96.800000     -73.441848 
 46128640      96.800000     -73.444467 
 46128640      96.800000     -73.443682 
 46128640      96.800000     -73.442859 
 46128640      96.800000     -73.441404 
 46128640      96.800000     -73.442756 
 46128640      96.800000     -73.437987 
 46128640      96.800000     -73.441015 
 46128640      96.800000     -73.435317 
 46128640      96.800000     -73.442354 
 46128640      96.800000     -73.446282 
 46128640      96.800000     -73.446431 
 46128640      96.800000     -73.446956 
 46128640      96.800000     -73.441630 
 46128640      96.800000     -73.444168 
 46128640      96.800000     -73.449173 
 46128640      96.800000     -73.443332 
 46128640      96.800000     -73.440530 
 46128640      96.800000     -73.440280 
 46128640      96.800000     -73.442568 
 46128640      96.800000     -73.445946 
 46128640      96.800000     -73.439869 
 46128640      96.800000     -73.436138 
 46128640      96.800000     -73.443161 
 46128640      96.800000     -73.450460 
 46128640      96.800000     -73.446180 
 46128640      96.800000     -73.443664 
 46128640      96.800000     -73.448493 
 46128640      96.800000     -73.448154 
 46128640      96.800000     -73.445297 
 46128640      96.800000     -73.444162 
 46128640      96.800000     -73.447597 
 46128640      96.800000     -73.446133 
 46128640      96.800000     -73.446048 
 46128640      96.800000     -73.444333 
 46128640      96.800000     -73.449949 
 46128640      96.800000     -73.451269 
 46128640      96.800000     -73.442940 
 46128640      96.800000     -73.451179 
 46128640      96.800000     -73.452479 
 46128640      96.800000     -73.447209 
 46128640      96.800000     -73.443176 
 46128640      96.800000     -73.445757 
 46128640      96.800000     -73.447010 
 46128640      96.800000     -73.447403 
 46128640      96.800000     -73.444831 
 46128640      96.800000     -73.445341 
 46128640      96.800000     -73.449874 
 46128640      96.800000     -73.445360 
 46128640      96.800000     -73.447183 
 46128640      96.800000     -73.445261 
 46128640      96.800000     -73.445960 
 46128640      96.800000     -73.447849 
 46128640      96.800000     -73.446228 
 46128640      96.800000     -73.446082 
 46128640      96.800000     -73.444477 
 46128640      96.800000     -73.441057 
 46128640      96.800000     -73.445335 
 46128640      96.800000     -73.446960 
 46128640      96.800000     -73.445622 
 46128640      96.800000     -73.448626 
 46128640      96.800000     -73.450023 
 46128640      96.800000     -73.450485 
 46128640      96.800000     -73.448576 
 46128640      96.800000     -73.446152 
 46128640      96.800000     -73.445383 
 46128640      96.800000     -73.445458 
 46128640      96.800000     -73.444855 
 46128640      96.800000     -73.450873 
 46128640      96.800000     -73.449170 
 46128640      96.800000     -73.450904 
 46128640      96.800000     -73.452658 
 46128640      96.800000     -73.447926 
 46128640      96.800000     -73.450005 
 46128640      96.800000     -73.444859 
 46128640      96.800000     -73.448645 
 46128640      96.800000     -73.448402 
 46128640      96.800000     -73.446244 
 46128640      96.800000     -73.446921 
 46128640      96.800000     -73.448088 
 46128640      96.800000     -73.448746 
 46128640      96.800000     -73.448092 
 46128640      96.800000     -73.444746 
 46128640      96.800000     -73.445168 
 46128640      96.800000     -73.447968 
 46128640      96.800000     -73.444371 
 46128640      96.800000     -73.446192 
 46128640      96.800000     -73.443615 
 46128640      96.800000     -73.445802 
 46128640      96.800000     -73.442351 
 46128640      96.800000     -73.440768 
 46128640      96.800000     -73.443174 
 46128640      96.800000     -73.444567 
 46128640      96.800000     -73.446029 
 46128640      96.800000     -73.440167 
 46128640      96.800000     -73.445043 
 46128640      96.800000     -73.438993 
 46128640      96.800000     -73.441343 
 46128640      96.800000     -73.440579 
 46128640      96.800000     -73.440212 
 46128640      96.800000     -73.439426 
 46128640      96.800000     -73.439669 
 46128640      96.800000     -73.439189 
 46128640      96.800000     -73.443210 
 46128640      96.800000     -73.442506 
 46128640      96.800000     -73.440545 
 46128640      96.800000     -73.444426 
 46128640      96.800000     -73.445139 
 46128640      96.800000     -73.448401 
 46128640      96.800000     -73.440451 
 46128640      96.800000     -73.443938 
 46128640      96.800000     -73.442501 
 46128640      96.800000     -73.444544 
 46128640      96.800000     -73.440847 
 46128640      96.800000     -73.441950 
 46128640      96.800000     -73.442957 
 46128640      96.800000     -73.445270 
 46128640      96.800000     -73.444051 
 46128640      96.800000     -73.444952 
 46128640      96.800000     -73.443864 
 46128640      96.800000     -73.440762 
 46128640      96.800000     -73.444370 
 46128640      96.800000     -73.446877 
 46128640      96.800000     -73.443108 
 46128640      96.800000     -73.443049 
 46128640      96.800000     -73.446226 
 46128640      96.800000     -73.444595 
 46128640      96.800000     -73.447124 
 46128640      96.800000     -73.443518 
 46128640      96.800000     -73.440604 
 46128640      96.800000     -73.442746 
 46128640      96.800000     -73.442210 
 46128640      96.800000     -73.441302 
 46128640      96.800000     -73.437660 
 46128640      96.800000     -73.437549 
 46128640      96.800000     -73.440874 
 46128640      96.800000     -73.439462 
 46128640      96.800000     -73.442910 
 46128640      96.800000     -73.443483 
 46128640      96.800000     -73.445794 
 46128640      96.800000     -73.440144 
 46128640      96.800000     -73.438931 
 46128640      96.800000     -73.437187 
 46128640      96.800000     -73.441682 
 46128640      96.800000     -73.441312 
 46128640      96.800000     -73.443068 
 46128640      96.800000     -73.448376 
 46128640      96.800000     -73.445516 
 46128640       0.400000     -73.441859 
 46128640      96.800000     -73.447604 
 46128640      96.800000     -73.447907 
 46128640      96.800000     -73.447977 
 46128640      96.800000     -73.446962 
 46128640      96.800000     -73.446960 
 46128640      96.800000     -73.447132 
 46128640      96.800000     -73.448672 
 46128640      96.800000     -73.443351 
 46128640      96.800000     -73.446708 
 46128640      96.800000     -73.449072 
 46128640      96.800000     -73.444795 
 46128640      96.800000     -73.445844 
 46128640      96.800000     -73.448015 
 46128640      96.800000     -73.445831 
 46128640      96.800000     -73.445708 
 46128640      96.800000     -73.447564 
 46128640      96.800000     -73.450211 
 46128640      96.800000     -73.449242 
 46128640      96.800000     -73.446759 
 46128640      96.800000     -73.447299 
 46128640      96.800000     -73.448415 
 46128640      96.800000     -73.444505 
 46128640      96.800000     -73.445854 
 46128640      96.800000     -73.449699 
 46128640      96.800000     -73.445242 
 46128640      96.800000     -73.445025 
 46128640      96.800000     -73.445422 
 46128640      96.800000     -73.445540 
 46128640      96.800000     -73.451142 
 46128640      96.800000     -73.447191 
 46128640      96.800000     -73.445989 
 46128640      96.800000     -73.447728 
 46128640      96.800000     -73.447843 
 46128640      96.800000     -73.446573 
 46128640      96.800000     -73.445643 
 46128640      96.800000     -73.446921 
 46128640      96.800000     -73.448349 
 46128640      96.800000     -73.446988 
 46128640      96.800000     -73.451410 
 46128640      96.800000     -73.448679 
 46128640      96.800000     -73.451385 
 46128640      96.800000     -73.448897 
 46128640      96.800000     -73.445641 
 46128640      96.800000     -73.444619 
 46128640      96.800000     -73.447776 
 46128640      96.800000     -73.451247 
 46128640      96.800000     -73.447745 
 46128640      96.800000     -73.446240 
 46128640      96.800000     -73.448004 
 46128640      96.800000     -73.449718 
 46128640      96.800000     -73.446842 
 46128640      96.800000     -73.448099 
 46128640      96.800000     -73.440835 
 46128640      96.800000     -73.445780 
 46128640      96.800000     -73.446706 
 46128640      96.800000     -73.444033 
 46128640      96.800000     -73.444700 
 46128640      96.800000     -73.444839 
 46128640      96.800000     -73.440524 
 46128640      96.800000     -73.446673 
 46128640      96.800000     -73.445073 
 46128640      96.800000     -73.444933 
 46128640      96.800000     -73.442135 
 46128640      96.800000     -73.441635 
 46128640      96.800000     -73.442797 
 46128640      96.800000     -73.436932 
 46128640      96.800000     -73.439669 
 46128640      96.800000     -73.440683 
 46128640      96.800000     -73.440226 
 46128640      96.800000     -73.441394 
 46128640      96.800000     -73.441490 
 46128640      96.800000     -73.441354 
 46128640      96.800000     -73.441829 
 46128640      96.800000     -73.443435 
 46128640      96.800000     -73.442956 
 46128640      96.800000     -73.441141 
 46128640      96.800000     -73.443655 
 46128640      96.800000     -73.444325 
 46128640      96.800000     -73.444890 
 46128640      96.800000     -73.443640 
 46128640      96.800000     -73.444323 
 46128640      96.800000     -73.444839 
 46128640      96.800000     -73.444812 
 46128640      96.800000     -73.444370 
 46128640      96.800000     -73.439928 
 46128640      96.800000     -73.444422 
 46128640      96.800000     -73.441197 
 46128640      96.800000     -73.443454 
 46128640      96.800000     -73.439239 
 46128640      96.800000     -73.445896 
 46128640      96.800000     -73.448509 
 46128640      96.800000     -73.443152 
 46128640      96.800000     -73.443359 
 46128640      96.800000     -73.443153 
 46128640      96.800000     -73.445925 
 46128640      96.800000     -73.447442 
 46128640      96.800000     -73.441552 
 46128640      96.800000     -73.443196 
 46128640      96.800000     -73.441764 
 46128640      96.800000     -73.444456 
 46128640      96.800000     -73.440012 
 46128640      96.800000     -73.441180 
 46128640      96.800000     -73.441431 
 46128640      96.800000     -73.441534 
 46128640      96.800000     -73.444286 
 46128640      96.800000     -73.437613 
 46128640      96.800000     -73.444493 
 46128640      96.800000     -73.444735 
 46128640      96.800000     -73.444080 
 46128640      96.800000     -73.442974 
 46128640      96.800000     -73.438334 
 46128640      96.800000     -73.441975 
 46128640      96.800000     -73.440936 
 46128640      96.800000     -73.441132 
 46128640      96.800000     -73.440900 
 46128640      96.800000     -73.441908 
 37855744      96.800000     -74.806433 
 37855744      96.800000     -74.799532 
 37855744      96.800000     -74.804928 
 37855744      96.800000     -74.805459 
 37855744      96.800000     -74.806529 
 37855744      96.800000     -74.806633 
 37855744      96.800000     -74.804904 
 37855744      96.800000     -74.804749 
 37855744      96.800000     -74.804820 
 37855744      96.800000     -74.805133 
 37855744      96.800000     -74.807162 
 37855744      96.800000     -74.804757 
 37855744      96.800000     -74.807370 
 37855744      96.800000     -74.806833 
 37855744      96.800000     -74.804835 
 37855744      96.800000     -74.804890 
 37855744      96.800000     -74.803870 
 37855744      96.800000     -74.807100 
 37855744      96.800000     -74.805860 
 37855744      96.800000     -74.806376 
 37855744      96.800000     -74.804944 
 37855744      96.800000     -74.804006 
 37855744      96.800000     -74.804577 
 37855744      96.800000     -74.804310 
 37855744      96.800000     -74.803585 
 37855744      96.800000     -74.801122 
 37855744      96.800000     -74.801008 
 37855744      96.800000     -74.802540 
 37855744      96.800000     -74.803552 
 37855744      96.800000     -74.801393 
 37855744      96.800000     -74.802658 
 37855744      96.800000     -74.803771 
 37855744      96.800000     -74.803397 
 37855744      96.800000     -74.797965 
 37855744      96.800000     -74.797370 
 37855744      96.800000     -74.799209 
 37855744      96.800000     -74.798342 
 37855744      96.800000     -74.801331 
 37855744      96.800000     -74.797826 
 37855744      96.800000     -74.798194 
 37855744      96.800000     -74.798074 
 37855744      96.800000     -74.799591 
 37855744      96.800000     -74.803626 
 37855744      96.800000     -74.801312 
 37855744      96.800000     -74.801266 
 37855744      96.800000     -74.800184 
 37855744      96.800000     -74.801474 
 37855744      96.800000     -74.807788 
 37855744      10.400000     -74.799618 
 37855744      96.800000     -74.803812 
 37855744      96.800000     -74.804228 
 37855744      96.800000     -74.801338 
 37855744      96.800000     -74.804831 
 37855744      96.800000     -74.804296 
 37855744      96.800000     -74.807058 
 37855744      96.800000     -74.807192 
 37855744      96.800000     -74.809307 
 37855744      96.800000     -74.807014 
 37855744      96.800000     -74.805967 
 37855744      96.800000     -74.805752 
 37855744      96.800000     -74.806643 
 37855744      96.800000     -74.804484 
 37855744      96.800000     -74.806899 
 37855744      96.800000     -74.803093 
 37855744      96.800000     -74.802420 
 37855744      96.800000     -74.807090 
 37855744      96.800000     -74.805479 
 37855744      96.800000     -74.799012 
 37855744      96.800000     -74.806277 
 37855744      96.800000     -74.805193 
 37855744      96.800000     -74.807120 
 37855744      96.800000     -74.802750 
 37855744      96.800000     -74.803540 
 37855744      96.800000     -74.802278 
 37855744      96.800000     -74.802496 
 37855744      96.800000     -74.801350 
 37855744      96.800000     -74.799790 
 37855744      96.800000     -74.800943 
 37855744      96.800000     -74.800865 
 37855744      96.800000     -74.801328 
 37855744      96.800000     -74.798868 
 37855744      96.800000     -74.804161 
 37855744      96.800000     -74.799265 
 37855744      96.800000     -74.797697 
 37855744      96.800000     -74.797455 
 37855744      96.800000     -74.798350 
 37855744      96.800000     -74.799241 
 37855744      96.800000     -74.800815 
 37855744      96.800000     -74.800422 
 37855744      96.800000     -74.801890 
 37855744      96.800000     -74.796658 
 37855744      96.800000     -74.797736 
 37855744      96.800000     -74.803578 
 37855744      96.800000     -74.801470 
 37855744      96.800000     -74.804780 
 37855744      96.800000     -74.805954 
 37855744      96.800000     -74.801957 
 37855744      96.800000     -74.806557 
 37855744      96.800000     -74.807235 
 37855744      96.800000     -74.805139 
 37855744      96.800000     -74.802376 
 37855744      96.800000     -74.807228 
 37855744      96.800000     -74.805169 
 37855744      96.800000     -74.806626 
 37855744      96.800000     -74.804398 
 37855744      96.800000     -74.806167 
 37855744      96.800000     -74.805178 
 37855744      96.800000     -74.805984 
 37855744      96.800000     -74.807960 
 37855744      96.800000     -74.805635 
 37855744      96.800000     -74.799810 
 37855744      96.800000     -74.800004 
 37855744      96.800000     -74.800364 
 37855744      96.800000     -74.799776 
 37855744      96.800000     -74.802211 
 37855744      96.800000     -74.803807 
 37855744      96.800000     -74.801091 
 37855744      96.800000     -74.800237 
 37855744      96.800000     -74.801029 
 37855744      96.800000     -74.802936 
 37855744      96.800000     -74.799097 
 37855744      96.800000     -74.799962 
 37855744      96.800000     -74.802517 
 37855744      96.800000     -74.803212 
 37855744      96.800000     -74.800848 
 37855744      96.800000     -74.801408 
 37855744      96.800000     -74.800576 
 37855744      96.800000     -74.802235 
 37855744      96.800000     -74.800217 
 37855744      96.800000     -74.803267 
 37855744      96.800000     -74.801474 
 37855744      96.800000     -74.802127 
 37855744       0.400000     -74.799022 
 37855744      96.800000     -74.803851 
 37855744      96.800000     -74.802470 
 37855744      96.800000     -74.803356 
 37855744      96.800000     -74.804053 
 37855744      96.800000     -74.805622 
 37855744      96.800000     -74.805748 
 37855744      96.800000     -74.805984 
 37855744      96.800000     -74.802313 
 37855744      96.800000     -74.803033 
 37855744      96.800000     -74.805130 
 37855744      96.800000     -74.808649 
 37855744      96.800000     -74.805465 
 37855744      96.800000     -74.805465 
 37855744      96.800000     -74.805037 
 37855744      96.800000     -74.806492 
 37855744      96.800000     -74.807704 
 37855744      96.800000     -74.807669 
 37855744      96.800000     -74.804379 
 37855744      96.800000     -74.808211 
 37855744      96.800000     -74.806609 
 37855744      96.800000     -74.805377 
 37855744      96.800000     -74.801455 
 37855744      96.800000     -74.804411 
 37855744      96.800000     -74.806601 
 37855744      96.800000     -74.806153 
 37855744      96.800000     -74.803471 
 37855744      96.800000     -74.801945 
 37855744      96.800000     -74.807233 
 37855744      96.800000     -74.798884 
 37855744      96.800000     -74.800296 
 37855744      96.800000     -74.802433 
 37855744      96.800000     -74.804164 
 37855744      96.800000     -74.804129 
 37855744      96.800000     -74.801651 
 37855744      96.800000     -74.798999 
 37855744      96.800000     -74.800397 
 37855744      96.800000     -74.798621 
 37855744      96.800000     -74.803870 
 37855744      96.800000     -74.799861 
 37855744      96.800000     -74.799733 
 37855744      96.800000     -74.799577 
 37855744      96.800000     -74.799618 
 37855744      96.800000     -74.798345 
 37855744      96.800000     -74.801272 
 37855744      96.800000     -74.800814 
 37855744      96.800000     -74.799937 
 37855744      96.800000     -74.798746 
 37855744      96.800000     -74.804407 
 37855744      96.800000     -74.799696 
 37855488      96.800000     109.710647 
 37855488      10.400000     109.710554 
 37855488      96.800000     109.710669 
 37855488      96.800000     109.711878 
 37855488      96.800000     109.707363 
 37855488      96.800000     109.712135 
 37855488      96.800000     109.708387 
 37855488      96.800000     109.708863 
 37855488      96.800000     109.705400 
 37855488      96.800000     109.709483 
 37855488      96.800000     109.710213 
 37855488      96.800000     109.710973 
 37855488      96.800000     109.707818 
 37855488      96.800000     109.706712 
 37855488      96.800000     109.711687 
 37855488      96.800000     109.719469 
 37855488      96.800000     109.713212 
 37855488      96.800000     109.706818 
 37855488      96.800000     109.710162 
 37855488      96.800000     109.711378 
 37855488      96.800000     109.715099 
 37855488      96.800000     109.712221 
 37855488      96.800000     109.707003 
 37855488      96.800000     109.712066 
 37855488      96.800000     109.712634 
 37855488      96.800000     109.706408 
 37855488      96.800000     109.716720 
 37855488      96.800000     109.715618 
 37855488      96.800000     109.717595 
 37855488      96.800000     109.716825 
 37855488      96.800000     109.715600 
 37855488      96.800000     109.712664 
 37855488      96.800000     109.715995 
 37855488      96.800000     109.713884 
 37855488      96.800000     109.712897 
 37855488      96.800000     109.712156 
 37855488      96.800000     109.716635 
 37855488      96.800000     109.716898 
 37855488      96.800000     109.720297 
 37855488      96.800000     109.717294 
 37855488      96.800000     109.713722 
 37855488      96.800000     109.717041 
 37855488      96.800000     109.719996 
 37855488      96.800000     109.718190 
 37855488      96.800000     109.711560 
 37855488      96.800000     109.713420 
 37855488      96.800000     109.715708 
 37855488      96.800000     109.714848 
 37855488      96.800000     109.711817 
 37855488       0.400000     109.710378 
 37855488      96.800000     109.712296 
 37855488      96.800000     109.711768 
 37855488      96.800000     109.709602 
 37855488      96.800000     109.705877 
 37855488      96.800000     109.711336 
 37855488      96.800000     109.706719 
 37855488      96.800000     109.708704 
 37855488      96.800000     109.708833 
 37855488      96.800000     109.711164 
 37855488      96.800000     109.714568 
 37855488      96.800000     109.712806 
 37855488      96.800000     109.713158 
 37855488      96.800000     109.705936 
 37855488      96.800000     109.709715 
 37855488      96.800000     109.710279 
 37855488      96.800000     109.713516 
 37855488      96.800000     109.709049 
 37855488      96.800000     109.710018 
 37855488      96.800000     109.712034 
 37855488      96.800000     109.718064 
 37855488      96.800000     109.716001 
 37855488      96.800000     109.716741 
 37855488      96.800000     109.716185 
 37855488      96.800000     109.712505 
 37855488      96.800000     109.716383 
 37855488      96.800000     109.712653 
 37855488      96.800000     109.711372 
 37855488      96.800000     109.713431 
 37855488      96.800000     109.715397 
 37855488      96.800000     109.715664 
 37855488      96.800000     109.716684 
 37855488      96.800000     109.715046 
 37855488      96.800000     109.717126 
 37855488      96.800000     109.713706 
 37855488      96.800000     109.718410 
 37855488      96.800000     109.722755 
 37855488      96.800000     109.715173 
 37855488      96.800000     109.715049 
 37855488      96.800000     109.717281 
 37855488      96.800000     109.713518 
 37855488      96.800000     109.716212 
 37855488      96.800000     109.709691 
 37855488      96.800000     109.712012 
 37855488      96.800000     109.711003 
 37855488      96.800000     109.713095 
 37855488      96.800000     109.715242 
 37855488      96.800000     109.710912 
 37855488      96.800000     109.708983 
 37855488      96.800000     109.712547 
 37855488      96.800000     109.711670 
 37855488      96.800000     109.705039 
 37855488      96.800000     109.708762 
 37855488      96.800000     109.705559 
 37855488      96.800000     109.710790 
 37855488      96.800000     109.714684 
 37855488      96.800000     109.709849 
 37855488      96.800000     109.709128 
 37855488      96.800000     109.710859 
 37855488      96.800000     109.711101 
 37855488      96.800000     109.710089 
 37855488      96.800000     109.708561 
 37855488      96.800000     109.713402 
 37855488      96.800000     109.706164 
 37855488      96.800000     109.709520 
 37855488      96.800000     109.710717 
 37855488      96.800000     109.709343 
 37855488      96.800000     109.713330 
 37855488      96.800000     109.714843 
 37855488      96.800000     109.707844 
 37855488      96.800000     109.709367 
 37855488      96.800000     109.714163 
 37855488      96.800000     109.714472 
 37855488      96.800000     109.714507 
 37855488      96.800000     109.718412 
 37855488      96.800000     109.719656 
 37855488      96.800000     109.714111 
 37855488      96.800000     109.712011 
 37855488      96.800000     109.717494 
 37855488      96.800000     109.717012 
 37855488      96.800000     109.711186 
 37855488      96.800000     109.715059 
 37855488      96.800000     109.717465 
 37855488      96.800000     109.715810 
 37855488      96.800000     109.717956 
 37855488      96.800000     109.720934 
 37855488      96.800000     109.718713 
 37855488      96.800000     109.716915 
 37855488      96.800000     109.719744 
 37855488      96.800000     109.715851 
 37855488      96.800000     109.716289 
 37855488      96.800000     109.719124 
 37855488      96.800000     109.710965 
 37855488      96.800000     109.710503 
 37855488      96.800000     109.714271 
 37855488      96.800000     109.706846 
 37855488      96.800000     109.706661 
 37855488      96.800000     109.711040 
 37855488      96.800000     109.708120 
 37855488      96.800000     109.705093 
 37855488      96.800000     109.708068 
 37855488      96.800000     109.709065 
 37855488      96.800000     109.710004 
 37855488      96.800000     109.712882 
 37855488      96.800000     109.710004 
 37855488      96.800000     109.706253 
 37855488      96.800000     109.713724 
 37855488      96.800000     109.708970 
 37855488      96.800000     109.706441 
 37855488      96.800000     109.706530 
 37855488      96.800000     109.708869 
 37855488      96.800000     109.714768 
 37855488      96.800000     109.710618 
 37855488      96.800000     109.717068 
 37855488      96.800000     109.716407 
 37855488      96.800000     109.715338 
 37855488      96.800000     109.716255 
 37855488      96.800000     109.716478 
 37855488      96.800000     109.714099 
 37855488      96.800000     109.716344 
 37855488      96.800000     109.714526 
 37855488      96.800000     109.715587 
 37855488      96.800000     109.716330 
 37855488      96.800000     109.713243 
 37855488      96.800000     109.717427 
 37855488      96.800000     109.717448 
 37855488      96.800000     109.714666 
 37855488      96.800000     109.718591 
 37855488      96.800000     109.718881 
 37855488      96.800000     109.716700 
 37855488      96.800000     109.715419 
 37855488      96.800000     109.716055 
 37855488      96.800000     109.713171 
 46133760      10.400000     108.422191 
 46133760      96.800000     108.426212 
 46133760      96.800000     108.427273 
 46133760      96.800000     108.427106 
 46133760      96.800000     108.431581 
 46133760      96.800000     108.430541 
 46133760      96.800000     108.428731 
 46133760      96.800000     108.431385 
 46133760      96.800000     108.427592 
 46133760      96.800000     108.430204 
 46133760      96.800000     108.433822 
 46133760      96.800000     108.429938 
 46133760      96.800000     108.429336 
 46133760      96.800000     108.431144 
 46133760      96.800000     108.432855 
 46133760      96.800000     108.432624 
 46133760      96.800000     108.430946 
 46133760      96.800000     108.432440 
 46133760      96.800000     108.428228 
 46133760      96.800000     108.424905 
 46133760      96.800000     108.432876 
 46133760      96.800000     108.427445 
 46133760      96.800000     108.427309 
 46133760      96.800000     108.432237 
 46133760      96.800000     108.435649 
 46133760      96.800000     108.426815 
 46133760      96.800000     108.427966 
 46133760      96.800000     108.427550 
 46133760      96.800000     108.432030 
 46133760      96.800000     108.427318 
 46133760      96.800000     108.430818 
 46133760      96.800000     108.427046 
 46133760      96.800000     108.429393 
 46133760      96.800000     108.427208 
 46133760      96.800000     108.429094 
 46133760      96.800000     108.428141 
 46133760      96.800000     108.427752 
 46133760      96.800000     108.427736 
 46133760      96.800000     108.429871 
 46133760      96.800000     108.424557 
 46133760      96.800000     108.430041 
 46133760      96.800000     108.423093 
 46133760      96.800000     108.425635 
 46133760      96.800000     108.429901 
 46133760      96.800000     108.430640 
 46133760      96.800000     108.427813 
 46133760      96.800000     108.427200 
 46133760      96.800000     108.428819 
 46133760      96.800000     108.427683 
 46133760      96.800000     108.432927 
 46133760      96.800000     108.432414 
 46133760      96.800000     108.431989 
 46133760      96.800000     108.428006 
 46133760      96.800000     108.426158 
 46133760      96.800000     108.431178 
 46133760      96.800000     108.436707 
 46133760      96.800000     108.423455 
 46133760      96.800000     108.429515 
 46133760      96.800000     108.426568 
 46133760      96.800000     108.425545 
 46133760      96.800000     108.428227 
 46133760      96.800000     108.430760 
 46133760      96.800000     108.438080 
 46133760      96.800000     108.442678 
 46133760      96.800000     108.438026 
 46133760      96.800000     108.430296 
 46133760      96.800000     108.436608 
 46133760      96.800000     108.436557 
 46133760      96.800000     108.436265 
 46133760      96.800000     108.433526 
 46133760      96.800000     108.431318 
 46133760      96.800000     108.432442 
 46133760      96.800000     108.431116 
 46133760      96.800000     108.433514 
 46133760      96.800000     108.438562 
 46133760      96.800000     108.432144 
 46133760      96.800000     108.431895 
 46133760      96.800000     108.431552 
 46133760      96.800000     108.433787 
 46133760      96.800000     108.429986 
 46133760      96.800000     108.435633 
 46133760      96.800000     108.432057 
 46133760      96.800000     108.432648 
 46133760      96.800000     108.438820 
 46133760      96.800000     108.433798 
 46133760      96.800000     108.437730 
 46133760      96.800000     108.432227 
 46133760      96.800000     108.428355 
 46133760      96.800000     108.438678 
 46133760      96.800000     108.433000 
 46133760      96.800000     108.432297 
 46133760      96.800000     108.437802 
 46133760      96.800000     108.432310 
 46133760      96.800000     108.435870 
 46133760      96.800000     108.435288 
 46133760      96.800000     108.430015 
 46133760      96.800000     108.438142 
 46133760      96.800000     108.433685 
 46133760      96.800000     108.435757 
 46133760      96.800000     108.433001 
 46133760      96.800000     108.430784 
 46133760      96.800000     108.433803 
 46133760      96.800000     108.439685 
 46133760      96.800000     108.432936 
 46133760      96.800000     108.431144 
 46133760      96.800000     108.434934 
 46133760      96.800000     108.432329 
 46133760      96.800000     108.436193 
 46133760      96.800000     108.435024 
 46133760      96.800000     108.434708 
 46133760      96.800000     108.432854 
 46133760      96.800000     108.432995 
 46133760      96.800000     108.435819 
 46133760      96.800000     108.437587 
 46133760      96.800000     108.432021 
 46133760      96.800000     108.436855 
 46133760      96.800000     108.430081 
 46133760      96.800000     108.431413 
 46133760      96.800000     108.433467 
 46133760      96.800000     108.436596 
 46133760      96.800000     108.436754 
 46133760      96.800000     108.426400 
 46133760      96.800000     108.432671 
 46133760      96.800000     108.428264 
 46133760      96.800000     108.426580 
 46133760       0.400000     108.422066 
 46133760      96.800000     108.426960 
 46133760      96.800000     108.428693 
 46133760      96.800000     108.426893 
 46133760      96.800000     108.429724 
 46133760      96.800000     108.432101 
 46133760      96.800000     108.428534 
 46133760      96.800000     108.422275 
 46133760      96.800000     108.431309 
 46133760      96.800000     108.430184 
 46133760      96.800000     108.432692 
 46133760      96.800000     108.430477 
 46133760      96.800000     108.431834 
 46133760      96.800000     108.434171 
 46133760      96.800000     108.425915 
 46133760      96.800000     108.429454 
 46133760      96.800000     108.430932 
 46133760      96.800000     108.430549 
 46133760      96.800000     108.430314 
 46133760      96.800000     108.428809 
 46133760      96.800000     108.432121 
 46133760      96.800000     108.428421 
 46133760      96.800000     108.431327 
 46133760      96.800000     108.432106 
 46133760      96.800000     108.432213 
 46133760      96.800000     108.434856 
 46133760      96.800000     108.428607 
 46133760      96.800000     108.433152 
 46133760      96.800000     108.426796 
 46133760      96.800000     108.429595 
 46133760      96.800000     108.428857 
 46133760      96.800000     108.426195 
 46133760      96.800000     108.427979 
 46133760      96.800000     108.430016 
 46133760      96.800000     108.433557 
 46133760      96.800000     108.428176 
 46133760      96.800000     108.429552 
 46133760      96.800000     108.432940 
 46133760      96.800000     108.431280 
 46133760      96.800000     108.429379 
 46133760      96.800000     108.427875 
 46133760      96.800000     108.429471 
 46133760      96.800000     108.429343 
 46133760      96.800000     108.429220 
 46133760      96.800000     108.431828 
 46133760      96.800000     108.431107 
 46133760      96.800000     108.427859 
 46133760      96.800000     108.426659 
 46133760      96.800000     108.427092 
 46133760      96.800000     108.430464 
 46133760      96.800000     108.427602 
 46133760      96.800000     108.427303 
 46133760      96.800000     108.423702 
 46133760      96.800000     108.431156 
 46133760      96.800000     108.429109 
 46133760      96.800000     108.428321 
 46133760      96.800000     108.440211 
 46133760      96.800000     108.440106 
 46133760      96.800000     108.431867 
 46133760      96.800000     108.435622 
 46133760      96.800000     108.435504 
 46133760      96.800000     108.437154 
 46133760      96.800000     108.434329 
 46133760      96.800000     108.433980 
 46133760      96.800000     108.429271 
 46133760      96.800000     108.431574 
 46133760      96.800000     108.433558 
 46133760      96.800000     108.429139 
 46133760      96.800000     108.434447 
 46133760      96.800000     108.434369 
 46133760      96.800000     108.435586 
 46133760      96.800000     108.431241 
 46133760      96.800000     108.432474 
 46133760      96.800000     108.428479 
 46133760      96.800000     108.436289 
 46133760      96.800000     108.434184 
 46133760      96.800000     108.439344 
 46133760      96.800000     108.438437 
 46133760      96.800000     108.436031 
 46133760      96.800000     108.437121 
 46133760      96.800000     108.431967 
 46133760      96.800000     108.432520 
 46133760      96.800000     108.436779 
 46133760      96.800000     108.432734 
 46133760      96.800000     108.436206 
 46133760      96.800000     108.434341 
 46133760      96.800000     108.434802 
 46133760      96.800000     108.439188 
 46133760      96.800000     108.439568 
 46133760      96.800000     108.430593 
 46133760      96.800000     108.435586 
 46133760      96.800000     108.438414 
 46133760      96.800000     108.436769 
 46133760      96.800000     108.437597 
 46133760      96.800000     108.432976 
 46133760      96.800000     108.431181 
 46133760      96.800000     108.435759 
 46133760      96.800000     108.432986 
 46133760      96.800000     108.428855 
 46133760      96.800000     108.428948 
 46133760      96.800000     108.431801 
 46133760      96.800000     108.432466 
 46133760      96.800000     108.430594 
 46133760      96.800000     108.433093 
 46133760      96.800000     108.437845 
 46133760      96.800000     108.431465 
 46133760      96.800000     108.435995 
 46133760      96.800000     108.435351 
 46133760      96.800000     108.439434 
 46133760      96.800000     108.429708 
 46133760      96.800000     108.431908 
 46133760      96.800000     108.435466 
 46133760      96.800000     108.439969 
 46133760      96.800000     108.422136 
 46133760      96.800000     108.425343 
 46133760      96.800000     108.429600 
 46133760      96.800000     108.429807 
 46133760      96.800000     108.431780 
 46133760      96.800000     108.431219 
 46133760      96.800000     108.429964 
 46133760      96.800000     108.430332 
 46133760      96.800000     108.426275 
 46133760      96.800000     108.434468 
 46133760      96.800000     108.431628 
 46133760      96.800000     108.429185 
 46133760      96.800000     108.431206 
 46133760      96.800000     108.428282 
 46133760      96.800000     108.426874 
 46133760      96.800000     108.426967 
 46133760      96.800000     108.429776 
 46133760      96.800000     108.429801 
 46133760      96.800000     108.431926 
 46133760      96.800000     108.425746 
 46133760      96.800000     108.432868 
 46133760      96.800000     108.430200 
 46133760      96.800000     108.429883 
 46133760      96.800000     108.426652 
 46133760      96.800000     108.426359 
 46133760      96.800000     108.431125 
 46133760      96.800000     108.431478 
 46133760      96.800000     108.426896 
 46133760      96.800000     108.429184 
 46133760      96.800000     108.432340 
 46133760      96.800000     108.427105 
 46133760      96.800000     108.430442 
 46133760      96.800000     108.431479 
 46133760      96.800000     108.435590 
 46133760      96.800000     108.423858 
 46133760      96.800000     108.430708 
 46133760      96.800000     108.429929 
 46133760      96.800000     108.431300 
 46133760      96.800000     108.431656 
 46133760      96.800000     108.427644 
 46133760      96.800000     108.427417 
 46133760      96.800000     108.427825 
 46133760      96.800000     108.433285 
 46133760      96.800000     108.434023 
 46133760      96.800000     108.426533 
 46133760      96.800000     108.428158 
 46133760      96.800000     108.429820 
 46133760      96.800000     108.424548 
 46133760      96.800000     108.431454 
 46133760      96.800000     108.428238 
 46133760      96.800000     108.433421 
 46133760      96.800000     108.440404 
 46133760      96.800000     108.437639 
 46133760      96.800000     108.428881 
 46133760      96.800000     108.429238 
 46133760      96.800000     108.430198 
 46133760      96.800000     108.431368 
 46133760      96.800000     108.432000 
 46133760      96.800000     108.429543 
 46133760      96.800000     108.433448 
 46133760      96.800000     108.437005 
 46133760      96.800000     108.429917 
 46133760      96.800000     108.431933 
 46133760      96.800000     108.433348 
 46133760      96.800000     108.429681 
 46133760      96.800000     108.437093 
 46133760      96.800000     108.431700 
 46133760      96.800000     108.434911 
 46133760      96.800000     108.429880 
 46133760      96.800000     108.433328 
 46133760      96.800000     108.429821 
 46133760      96.800000     108.439235 
 46133760      96.800000     108.432955 
 46133760      96.800000     108.439809 
 46133760      96.800000     108.437329 
 46133760      96.800000     108.436448 
 46133760      96.800000     108.435531 
 46133760      96.800000     108.431760 
 46133760      96.800000     108.430434 
 46133760      96.800000     108.435237 
 46133760      96.800000     108.437210 
 46133760      96.800000     108.433814 
 46133760      96.800000     108.433451 
 46133760      96.800000     108.432175 
 46133760      96.800000     108.435037 
 46133760      96.800000     108.434653 
 46133760      96.800000     108.431771 
 46133760      96.800000     108.430694 
 46133760      96.800000     108.432737 
 46133760      96.800000     108.434686 
 46133760      96.800000     108.433632 
 46133760      96.800000     108.428934 
 46133760      96.800000     108.434330 
 46133760      96.800000     108.431702 
 46133760      96.800000     108.439687 
 46133760      96.800000     108.438580 
 46133760      96.800000     108.434143 
 46133760      96.800000     108.437837 
 46133760      96.800000     108.429845 
 46133760      96.800000     108.433741 
 46133760      96.800000     108.437588 
 46133760      96.800000     108.438986 
 46133760      96.800000     108.425677 
 46133760      96.800000     108.427768 
 46133760      96.800000     108.428873 
 46133760      96.800000     108.430799 
 46133760      96.800000     108.429163 
 46133760      96.800000     108.426540 
 46133760      96.800000     108.429802 
 46133760      96.800000     108.430906 
 46133760      96.800000     108.430655 
 46133760      96.800000     108.428664 
 46133760      96.800000     108.429788 
 46133760      96.800000     108.432219 
 46133760      96.800000     108.427055 
 46133760      96.800000     108.431939 
 46133760      96.800000     108.428169 
 46133760      96.800000     108.431186 
 46133760      96.800000     108.429355 
 46133760      96.800000     108.432788 
 46133760      96.800000     108.427534 
 46133760      96.800000     108.431986 
 46133760      96.800000     108.432550 
 46133760      96.800000     108.434761 
 46133760      96.800000     108.429556 
 46133760      96.800000     108.430574 
 46133760      96.800000     108.426334 
 46133760      96.800000     108.432691 
 46133760      96.800000     108.429057 
 46133760      96.800000     108.427174 
 46133760      96.800000     108.431762 
 46133760      96.800000     108.427334 
 46133760      96.800000     108.426444 
 46133760      96.800000     108.423044 
 46133760      96.800000     108.431002 
 46133760      96.800000     108.433275 
 46133760      96.800000     108.428581 
 46133760      96.800000     108.431382 
 46133760      96.800000     108.432328 
 46133760      96.800000     108.424782 
 46133760      96.800000     108.426539 
 46133760      96.800000     108.426877 
 46133760      96.800000     108.428664 
 46133760      96.800000     108.432151 
 46133760      96.800000     108.432381 
 46133760      96.800000     108.431724 
 46133760      96.800000     108.431737 
 46133760      96.800000     108.424458 
 46133760      96.800000     108.424590 
 46133760      96.800000     108.428792 
 46133760      96.800000     108.427575 
 46133760      96.800000     108.434568 
 46133760      96.800000     108.430541 
 46133760      96.800000     108.426287 
 46133760      96.800000     108.425951 
 46133760      96.800000     108.428731 
 46133760      96.800000     108.431290 
 46133760      96.800000     108.427688 
 46133760      96.800000     108.440449 
 46133760      96.800000     108.436301 
 46133760      96.800000     108.432145 
 46133760      96.800000     108.433470 
 46133760      96.800000     108.436041 
 46133760      96.800000     108.432708 
 46133760      96.800000     108.429735 
 46133760      96.800000     108.432943 
 46133760      96.800000     108.430766 
 46133760      96.800000     108.433238 
 46133760      96.800000     108.431792 
 46133760      96.800000     108.433471 
 46133760      96.800000     108.432401 
 46133760      96.800000     108.435397 
 46133760      96.800000     108.436267 
 46133760      96.800000     108.437057 
 46133760      96.800000     108.431706 
 46133760      96.800000     108.430924 
 46133760      96.800000     108.429593 
 46133760      96.800000     108.432834 
 46133760      96.800000     108.437329 
 46133760      96.800000     108.438760 
 46133760      96.800000     108.435354 
 46133760      96.800000     108.433755 
 46133760      96.800000     108.432838 
 46133760      96.800000     108.432186 
 46133760      96.800000     108.428444 
 46133760      96.800000     108.428576 
 46133760      96.800000     108.435809 
 46133760      96.800000     108.436619 
 46133760      96.800000     108.432258 
 46133760      96.800000     108.435279 
 46133760      96.800000     108.437664 
 46133760      96.800000     108.435295 
 46133760      96.800000     108.432122 
 46133760      96.800000     108.429180 
 46133760      96.800000     108.427763 
 46133760      96.800000     108.434372 
 46133760      96.800000     108.432493 
 46133760      96.800000     108.432176 
 46133760      96.800000     108.432272 
 46133760      96.800000     108.434341 
 46133760      96.800000     108.431972 
 46133760      96.800000     108.437731 
 46133760      96.800000     108.435124 
 46133760      96.800000     108.435617 
 46133760      96.800000     108.434924 
 46133760      96.800000     108.435848 
 46133760      96.800000     108.440327 
 46133760      96.800000     108.434105 
 46133760      96.800000     108.433679 
 46133760      96.800000     108.426723 
 46133760      96.800000     108.435562 
 46133760      96.800000     108.427343 
 46133760      96.800000     108.429356 
 46133760      96.800000     108.434265 
 46136320      96.800000     109.912665 
 46136320      96.800000     109.916582 
 46136320      96.800000     109.913602 
 46136320      96.800000     109.916404 
 46136320      96.800000     109.916270 
 46136320      96.800000     109.916835 
 46136320      96.800000     109.914310 
 46136320      96.800000     109.913282 
 46136320      96.800000     109.911846 
 46136320      96.800000     109.915069 
 46136320      96.800000     109.908844 
 46136320      96.800000     109.910247 
 46136320      96.800000     109.914216 
 46136320      96.800000     109.910529 
 46136320      96.800000     109.911863 
 46136320      96.800000     109.913140 
 46136320      96.800000     109.911971 
 46136320      96.800000     109.912677 
 46136320      96.800000     109.914496 
 46136320      96.800000     109.912473 
 46136320      96.800000     109.915766 
 46136320      96.800000     109.914691 
 46136320      96.800000     109.912536 
 46136320      96.800000     109.913809 
 46136320      96.800000     109.913255 
 46136320      96.800000     109.911687 
 46136320      96.800000     109.913338 
 46136320      96.800000     109.911337 
 46136320      96.800000     109.913443 
 46136320      96.800000     109.913988 
 46136320      96.800000     109.913512 
 46136320      96.800000     109.913991 
 46136320      96.800000     109.917073 
 46136320      96.800000     109.911417 
 46136320      96.800000     109.913581 
 46136320      96.800000     109.910364 
 46136320      96.800000     109.914349 
 46136320      96.800000     109.913116 
 46136320      96.800000     109.914558 
 46136320      96.800000     109.913549 
 46136320      96.800000     109.916911 
 46136320      96.800000     109.919583 
 46136320      96.800000     109.910912 
 46136320      96.800000     109.914038 
 46136320      96.800000     109.914760 
 46136320      96.800000     109.912910 
 46136320      96.800000     109.912695 
 46136320      96.800000     109.913786 
 46136320      96.800000     109.915696 
 46136320      96.800000     109.916863 
 46136320      96.800000     109.912684 
 46136320      96.800000     109.911795 
 46136320      96.800000     109.914399 
 46136320      96.800000     109.917969 
 46136320      96.800000     109.913321 
 46136320      96.800000     109.912830 
 46136320      96.800000     109.910618 
 46136320      96.800000     109.917555 
 46136320      96.800000     109.913202 
 46136320      96.800000     109.908586 
 46136320      96.800000     109.905853 
 46136320      96.800000     109.907446 
 46136320      96.800000     109.910158 
 46136320      96.800000     109.908360 
 46136320      96.800000     109.908450 
 46136320      96.800000     109.908601 
 46136320      96.800000     109.910064 
 46136320      96.800000     109.910316 
 46136320      96.800000     109.907694 
 46136320      96.800000     109.908955 
 46136320      96.800000     109.910625 
 46136320      96.800000     109.910307 
 46136320      96.800000     109.912268 
 46136320      96.800000     109.905894 
 46136320      96.800000     109.903599 
 46136320      96.800000     109.905413 
 46136320      96.800000     109.906646 
 46136320      96.800000     109.909480 
 46136320      96.800000     109.904708 
 46136320      96.800000     109.908988 
 46136320      96.800000     109.909915 
 46136320      96.800000     109.909466 
 46136320      96.800000     109.909194 
 46136320      96.800000     109.906021 
 46136320      96.800000     109.906691 
 46136320      96.800000     109.907879 
 46136320      96.800000     109.911570 
 46136320      96.800000     109.905514 
 46136320      96.800000     109.909241 
 46136320      96.800000     109.910367 
 46136320      96.800000     109.908659 
 46136320      96.800000     109.907282 
 46136320      96.800000     109.906348 
 46136320      96.800000     109.903956 
 46136320      96.800000     109.910821 
 46136320      96.800000     109.910512 
 46136320      96.800000     109.907440 
 46136320      96.800000     109.910232 
 46136320      96.800000     109.907888 
 46136320      96.800000     109.906251 
 46136320      96.800000     109.908538 
 46136320      96.800000     109.905927 
 46136320      96.800000     109.911526 
 46136320      96.800000     109.908458 
 46136320      96.800000     109.908011 
 46136320      96.800000     109.912643 
 46136320      96.800000     109.911265 
 46136320      96.800000     109.907481 
 46136320      96.800000     109.907453 
 46136320      96.800000     109.912618 
 46136320      96.800000     109.909960 
 46136320      96.800000     109.908487 
 46136320      96.800000     109.908303 
 46136320      96.800000     109.911195 
 46136320      96.800000     109.914980 
 46136320      96.800000     109.914357 
 46136320      96.800000     109.914416 
 46136320      96.800000     109.911838 
 46136320      96.800000     109.911471 
 46136320      96.800000     109.916863 
 46136320      96.800000     109.910697 
 46136320      96.800000     109.913675 
 46136320      96.800000     109.915177 
 46136320      96.800000     109.914278 
 46136320      96.800000     109.915374 
 46136320      96.800000     109.913842 
 46136320      96.800000     109.911131 
 46136320      96.800000     109.914102 
 46136320      96.800000     109.907234 
 46136320      96.800000     109.912780 
 46136320      96.800000     109.915231 
 46136320      96.800000     109.913481 
 46136320      96.800000     109.912073 
 46136320      96.800000     109.911587 
 46136320      96.800000     109.912442 
 46136320      96.800000     109.912289 
 46136320      96.800000     109.910386 
 46136320      96.800000     109.911716 
 46136320      96.800000     109.915599 
 46136320      96.800000     109.914046 
 46136320      96.800000     109.914091 
 46136320      96.800000     109.913813 
 46136320      96.800000     109.916617 
 46136320      96.800000     109.912044 
 46136320      96.800000     109.913887 
 46136320      96.800000     109.912550 
 46136320      96.800000     109.912281 
 46136320      96.800000     109.916017 
 46136320      96.800000     109.915468 
 46136320      96.800000     109.911677 
 46136320      96.800000     109.911590 
 46136320      96.800000     109.914109 
 46136320      96.800000     109.912442 
 46136320      96.800000     109.910077 
 46136320      96.800000     109.910476 
 46136320      96.800000     109.910247 
 46136320      96.800000     109.917512 
 46136320      96.800000     109.911764 
 46136320      96.800000     109.907267 
 46136320      96.800000     109.914067 
 46136320      96.800000     109.913177 
 46136320      96.800000     109.911884 
 46136320      96.800000     109.914783 
 46136320      96.800000     109.915171 
 46136320      96.800000     109.916793 
 46136320      96.800000     109.914153 
 46136320      96.800000     109.915996 
 46136320      96.800000     109.904214 
 46136320      96.800000     109.905279 
 46136320      96.800000     109.908645 
 46136320      96.800000     109.908086 
 46136320      96.800000     109.903410 
 46136320      96.800000     109.911995 
 46136320      96.800000     109.904734 
 46136320      96.800000     109.907784 
 46136320      96.800000     109.907612 
 46136320      96.800000     109.908103 
 46136320      96.800000     109.907781 
 46136320      96.800000     109.915157 
 46136320      96.800000     109.911547 
 46136320      96.800000     109.906000 
 46136320      96.800000     109.906263 
 46136320      96.800000     109.908170 
 46136320      96.800000     109.908531 
 46136320      96.800000     109.905301 
 46136320      96.800000     109.910043 
 46136320      96.800000     109.910222 
 46136320      96.800000     109.911396 
 46136320      96.800000     109.906711 
 46136320      96.800000     109.904504 
 46136320      96.800000     109.908730 
 46136320      96.800000     109.907226 
 46136320      96.800000     109.905540 
 46136320      96.800000     109.908320 
 46136320      96.800000     109.911094 
 46136320      96.800000     109.909066 
 46136320      96.800000     109.907492 
 46136320      96.800000     109.908141 
 46136320      96.800000     109.909148 
 46136320      96.800000     109.910648 
 46136320      96.800000     109.906911 
 46136320      96.800000     109.907988 
 46136320      96.800000     109.905070 
 46136320      96.800000     109.910222 
 46136320      96.800000     109.911656 
 46136320      96.800000     109.906276 
 46136320      96.800000     109.909959 
 46136320      96.800000     109.907929 
 46136320      96.800000     109.909761 
 46136320      96.800000     109.906784 
 46136320      96.800000     109.909020 
 46136320      96.800000     109.913310 
 46136320      96.800000     109.903882 
 46136320      96.800000     109.909179 
 46136320      96.800000     109.907921 
 46136320      96.800000     109.909185 
 46136320      96.800000     109.907301 
 46136320      96.800000     109.909690 
 46136320      96.800000     109.907958 
 46136320      96.800000     109.911392 
 46136320      96.800000     109.909161 
 46136320      96.800000     109.909881 
 46136320      96.800000     109.910044 
 46136320      96.800000     109.910836 
 46136320      96.800000     109.907811 
 46136320      96.800000     109.912752 
 46136320      96.800000     109.908550 
 46136320      96.800000     109.914969 
 46136320      96.800000     109.913227 
 46136320      96.800000     109.915612 
 46136320      96.800000     109.915266 
 46136320      96.800000     109.915364 
 46136320      96.800000     109.913008 
 46136320      96.800000     109.910444 
 46136320      96.800000     109.918499 
 46136320      96.800000     109.917867 
 46136320      96.800000     109.918066 
 46136320      96.800000     109.916891 
 46136320      96.800000     109.915574 
 46136320      96.800000     109.916107 
 46136320      96.800000     109.914385 
 46136320      96.800000     109.912877 
 46136320      96.800000     109.913557 
 46136320      96.800000     109.916100 
 46136320      96.800000     109.912893 
 46136320      96.800000     109.917005 
 46136320      96.800000     109.915213 
 46136320      96.800000     109.912218 
 46136320      96.800000     109.912466 
 46136320      96.800000     109.915287 
 46136320      96.800000     109.914326 
 46136320      96.800000     109.914498 
 46136320      96.800000     109.912675 
 46136320      96.800000     109.913671 
 46136320      96.800000     109.913836 
 46136320      96.800000     109.910534 
 46136320      96.800000     109.913277 
 46136320      96.800000     109.912324 
 46136320      96.800000     109.911896 
 46136320      96.800000     109.908402 
 46136320      96.800000     109.914476 
 46136320      96.800000     109.913475 
 46136320      96.800000     109.917156 
 46136320      96.800000     109.911783 
 46136320      96.800000     109.910723 
 46136320      96.800000     109.914010 
 46136320      96.800000     109.910908 
 46136320      96.800000     109.912338 
 46136320      96.800000     109.911185 
 46136320      96.800000     109.913194 
 46136320      96.800000     109.912471 
 46136320      96.800000     109.915084 
 46136320      96.800000     109.911447 
 46136320      96.800000     109.912876 
 46136320      96.800000     109.916348 
 46136320      96.800000     109.913165 
 46136320      96.800000     109.916832 
 46136320      96.800000     109.917170 
 46136320      96.800000     109.913045 
 46136320      96.800000     109.911739 
 46136320      96.800000     109.912027 
 46136320      96.800000     109.911461 
 46136320      96.800000     109.909801 
 46136320      96.800000     109.910090 
 46136320      96.800000     109.909482 
 46136320      96.800000     109.910160 
 46136320      96.800000     109.907579 
 46136320      96.800000     109.907276 
 46136320      96.800000     109.907109 
 46136320      96.800000     109.910753 
 46136320      96.800000     109.911237 
 46136320      96.800000     109.910091 
 46136320      96.800000     109.909583 
 46136320      96.800000     109.909085 
 46136320      96.800000     109.911272 
 46136320      96.800000     109.911209 
 46136320      96.800000     109.910402 
 46136320      96.800000     109.906295 
 46136320      96.800000     109.905602 
 46136320      96.800000     109.909416 
 46136320      96.800000     109.908211 
 46136320      96.800000     109.912085 
 46136320      96.800000     109.908721 
 46136320      96.800000     109.908900 
 46136320      96.800000     109.910511 
 46136320      96.800000     109.902812 
 46136320      96.800000     109.905600 
 46136320      96.800000     109.910518 
 46136320      96.800000     109.910161 
 46136320      96.800000     109.909711 
 46136320      96.800000     109.906800 
 46136320      96.800000     109.907312 
 46136320      96.800000     109.907913 
 46136320      96.800000     109.908734 
 46136320      96.800000     109.910045 
 46136320      96.800000     109.908053 
 46136320      96.800000     109.910222 
 46136320      96.800000     109.910649 
 46136320      96.800000     109.903725 
 46136320      96.800000     109.904191 
 46136320      96.800000     109.908321 
 46136320      96.800000     109.908430 
 46136320      96.800000     109.907976 
 46136320      96.800000     109.907617 
 46136320      96.800000     109.907836 
 46136320      96.800000     109.909451 
 46136320      96.800000     109.909756 
 46136320      96.800000     109.912286 
 46136320      96.800000     109.909505 
 46136320      96.800000     109.908439 
 46136320      96.800000     109.908520 
 46136320      96.800000     109.907911 
 46136320      96.800000     109.915531 
 46136320      10.400000     109.908669 
 46136320       0.400000     109.908543 
 46136320      96.800000     109.914639 
 46136320      96.800000     109.916668 
 46136320      96.800000     109.914132 
 46136320      96.800000     109.916451 
 46136320      96.800000     109.916415 
 46136320      96.800000     109.912949 
 46136320      96.800000     109.914930 
 46136320      96.800000     109.916524 
 46136320      96.800000     109.910128 
 46136320      96.800000     109.914567 
 46136320      96.800000     109.915038 
 46136320      96.800000     109.914373 
 46136320      96.800000     109.915582 
 46136320      96.800000     109.909642 
 46136320      96.800000     109.915708 
 46136320      96.800000     109.913799 
 46136320      96.800000     109.914995 
 46136320      96.800000     109.910486 
 46136320      96.800000     109.911163 
 46136320      96.800000     109.911793 
 46136320      96.800000     109.911734 
 46136320      96.800000     109.911668 
 46136320      96.800000     109.912733 
 46136320      96.800000     109.914184 
 46136320      96.800000     109.914884 
 46136320      96.800000     109.911499 
 46136320      96.800000     109.914472 
 46136320      96.800000     109.913179 
 46136320      96.800000     109.911269 
 46136320      96.800000     109.913002 
 46136320      96.800000     109.911892 
 46136320      96.800000     109.911643 
 46136320      96.800000     109.913502 
 46136320      96.800000     109.914337 
 46136320      96.800000     109.913582 
 46136320      96.800000     109.915372 
 46136320      96.800000     109.912997 
 46136320      96.800000     109.913504 
 46136320      96.800000     109.916369 
 46136320      96.800000     109.915836 
 46136320      96.800000     109.914656 
 46136320      96.800000     109.911543 
 46136320      96.800000     109.912390 
 46136320      96.800000     109.914355 
 46136320      96.800000     109.914719 
 46136320      96.800000     109.912921 
 46136320      96.800000     109.912266 
 46136320      96.800000     109.913067 
 46136320      96.800000     109.914899 
 46136320      96.800000     109.915589 
 46136320      96.800000     109.911660 
 46136320      96.800000     109.910654 
 46136320      96.800000     109.909924 
 46136320      96.800000     109.914427 
 46136320      96.800000     109.914835 
 46136320      96.800000     109.913715 
 46136320      96.800000     109.913902 
 46136320      96.800000     109.914413 
 46136320      96.800000     109.913451 
 46136320      96.800000     109.914086 
 46136320      96.800000     109.911004 
 46136320      96.800000     109.903894 
 46136320      96.800000     109.909474 
 46136320      96.800000     109.903563 
 46136320      96.800000     109.910855 
 46136320      96.800000     109.909535 
 46136320      96.800000     109.907067 
 46136320      96.800000     109.906982 
 46136320      96.800000     109.909398 
 46136320      96.800000     109.908619 
 46136320      96.800000     109.910345 
 46136320      96.800000     109.909433 
 46136320      96.800000     109.911504 
 46136320      96.800000     109.910078 
 46136320      96.800000     109.908460 
 46136320      96.800000     109.907701 
 46136320      96.800000     109.910583 
 46136320      96.800000     109.910339 
 46136320      96.800000     109.913243 
 46136320      96.800000     109.901811 
 46136320      96.800000     109.907243 
 46136320      96.800000     109.906949 
 46136320      96.800000     109.906389 
 46136320      96.800000     109.906035 
 46136320      96.800000     109.908063 
 46136320      96.800000     109.907979 
 46136320      96.800000     109.910919 
 46136320      96.800000     109.905420 
 46136320      96.800000     109.908506 
 46136320      96.800000     109.907287 
 46136320      96.800000     109.905015 
 46136320      96.800000     109.905330 
 46136320      96.800000     109.906182 
 46136320      96.800000     109.909734 
 46136320      96.800000     109.908260 
 46136320      96.800000     109.908099 
 46136320      96.800000     109.910232 
 46136320      96.800000     109.911295 
 46136320      96.800000     109.910730 
 46136320      96.800000     109.909404 
 46136320      96.800000     109.903988 
 46136320      96.800000     109.907372 
 46136320      96.800000     109.908510 
 46136320      96.800000     109.904310 
 46136320      96.800000     109.907846 
 46136320      96.800000     109.908067 
 46136320      96.800000     109.912434 
 46136320      96.800000     109.911008 
 46136320      96.800000     109.908219 
 46136320      96.800000     109.907902 
 46136320      96.800000     109.906655 
 46136320      96.800000     109.911030 
 46136320      96.800000     109.907335 
 46136320      96.800000     109.910943 
 46136320      96.800000     109.911260 
 46136320      96.800000     109.911103 
 46136320      96.800000     109.908711 
