# 1 AORKEY
# 2 EXPTIME
# 3 CROTA2
4757248 96.800000 -111.765358
4757248 96.800000 -111.766982
4757248 96.800000 -111.767538
4757248 96.800000 -111.766603
4757248 96.800000 -111.768445
4757248 96.800000 -111.764912
4757248 96.800000 -111.765138
4757248 96.800000 -111.766791
4757248 96.800000 -111.765031
4757248 96.800000 -111.765616
4757248 96.800000 -111.770291
4757248 96.800000 -111.765361
4757248 96.800000 -111.772857
4757248 96.800000 -111.765224
4757248 96.800000 -111.770764
4757248 96.800000 -111.766995
4757248 96.800000 -111.768492
4757248 96.800000 -111.766154
4757248 96.800000 -111.767876
4757248 96.800000 -111.767277
4757248 96.800000 -111.772468
4757248 96.800000 -111.768767
4757248 96.800000 -111.769187
4757248 96.800000 -111.769978
4757248 96.800000 -111.771093
4757248 0.400000 -111.771106
4757248 10.400000 -111.771111
4757248 96.800000 -111.770320
4757248 96.800000 -111.768587
4757248 96.800000 -111.769646
