## MACS0744 IRAC ch1 observation
# 1 AOR
# 2 EXPTIME
# 3 CROTA2
 46129664      93.600000      79.252028 
 46129664      93.600000      79.249918 
 46129664      93.600000      79.245194 
 46129664      93.600000      79.246490 
 46129664      93.600000      79.261701 
 46129664      93.600000      79.250972 
 46129664      93.600000      79.265054 
 46129664      93.600000      79.256273 
 46129664      93.600000      79.272184 
 46129664      93.600000      79.251913 
 46129664      93.600000      79.262509 
 46129664      93.600000      79.261767 
 46129664      93.600000      79.254330 
 46129664      93.600000      79.255437 
 46129664      93.600000      79.234843 
 46129664      93.600000      79.248907 
 46129664      93.600000      79.258748 
 46129664      93.600000      79.253187 
 46129664      93.600000      79.268352 
 46129664      93.600000      79.229418 
 46129664      93.600000      79.249359 
 46129664      93.600000      79.253317 
 46129664      93.600000      79.251661 
 46129664      93.600000      79.273497 
 46129664      93.600000      79.265593 
 46129664      93.600000      79.257741 
 46129664      93.600000      79.246309 
 46129664      93.600000      79.256611 
 46129664      93.600000      79.259542 
 46129664      93.600000      79.252560 
 46129664      93.600000      79.250354 
 46129664      93.600000      79.259813 
 46129664      93.600000      79.267846 
 46129664      93.600000      79.248324 
 46129664      93.600000      79.249629 
 46129664      93.600000      79.265905 
 46129664      93.600000      79.260727 
 46129664      93.600000      79.261404 
 46129664      93.600000      79.259206 
 46129664      93.600000      79.252553 
 46129664      93.600000      79.256506 
 46129664      93.600000      79.285358 
 46129664      93.600000      79.266058 
 46129664      93.600000      79.255662 
 46129664      93.600000      79.256110 
 46129664      93.600000      79.244682 
 46129664      93.600000      79.244939 
 46129664      93.600000      79.280673 
 46129664      93.600000      79.245396 
 46129664      93.600000      79.243975 
 46129664      93.600000      79.269456 
 46129664      93.600000      79.258358 
 46129664      93.600000      79.260375 
 46129664      93.600000      79.253052 
 46129664      93.600000      79.269205 
 46129664      93.600000      79.252360 
 46129664      93.600000      79.271640 
 46129664      93.600000      79.264358 
 46129664      93.600000      79.253688 
 46129664      93.600000      79.264767 
 46129664      93.600000      79.262745 
 46129664      93.600000      79.264905 
 46129664      93.600000      79.257560 
 46129664      93.600000      79.272627 
 46129664      93.600000      79.276628 
 46129664      93.600000      79.275600 
 46129664      93.600000      79.290059 
 46129664      93.600000      79.275733 
 46129664      93.600000      79.272171 
 46129664      93.600000      79.271786 
 46129664      93.600000      79.268541 
 46129664      93.600000      79.276344 
 46129664      93.600000      79.272728 
 46129664      93.600000      79.266466 
 46129664      93.600000      79.265913 
 46129664      93.600000      79.254139 
 46129664      93.600000      79.272635 
 46129664      93.600000      79.281158 
 46129664      93.600000      79.269577 
 46129664      93.600000      79.262737 
 46129664      93.600000      79.279966 
 46129664      93.600000      79.270506 
 46129664      93.600000      79.285513 
 46129664      93.600000      79.285323 
 46129664      93.600000      79.278920 
 46129664      93.600000      79.262253 
 46129664      93.600000      79.275899 
 46129664      93.600000      79.267238 
 46129664      93.600000      79.281295 
 46129664      93.600000      79.256744 
 46129664      93.600000      79.280008 
 46129664      93.600000      79.257410 
 46129664      93.600000      79.276171 
 46129664      93.600000      79.255069 
 46129664      93.600000      79.266370 
 46129664      93.600000      79.264709 
 46129664      93.600000      79.272611 
 46129664      93.600000      79.279479 
 46129664      93.600000      79.257180 
 46129664      93.600000      79.267866 
 46129664      93.600000      79.260172 
 46129664      93.600000      79.277314 
 46129664      93.600000      79.262026 
 46129664      93.600000      79.265065 
 46129664      93.600000      79.274107 
 46129664      93.600000      79.266910 
 46129664      93.600000      79.272080 
 46129664      93.600000      79.261470 
 46129664      93.600000      79.274360 
 46129664      93.600000      79.280569 
 46129664      93.600000      79.269355 
 46129664      10.400000      79.252047 
 46129664      93.600000      79.241496 
 46129664      93.600000      79.270151 
 46129664      93.600000      79.253324 
 46129664      93.600000      79.241708 
 46129664      93.600000      79.245915 
 46129664      93.600000      79.257230 
 46129664      93.600000      79.269197 
 46129664      93.600000      79.260120 
 46129664      93.600000      79.261350 
 46129664      93.600000      79.245800 
 46129664      93.600000      79.269922 
 46129664      93.600000      79.258253 
 46129664      93.600000      79.250323 
 46129664      93.600000      79.251895 
 46129664      93.600000      79.243544 
 46129664      93.600000      79.257264 
 46129664      93.600000      79.259523 
 46129664      93.600000      79.261170 
 46129664      93.600000      79.261977 
 46129664      93.600000      79.256280 
 46129664      93.600000      79.262053 
 46129664      93.600000      79.257584 
 46129664      93.600000      79.261651 
 46129664      93.600000      79.253472 
 46129664      93.600000      79.262310 
 46129664      93.600000      79.254940 
 46129664      93.600000      79.269189 
 46129664      93.600000      79.246617 
 46129664      93.600000      79.250228 
 46129664      93.600000      79.255536 
 46129664      93.600000      79.250793 
 46129664      93.600000      79.245931 
 46129664      93.600000      79.252738 
 46129664      93.600000      79.256882 
 46129664      93.600000      79.244951 
 46129664      93.600000      79.234096 
 46129664      93.600000      79.260021 
 46129664      93.600000      79.252715 
 46129664      93.600000      79.264347 
 46129664      93.600000      79.256617 
 46129664      93.600000      79.242178 
 46129664      93.600000      79.250030 
 46129664      93.600000      79.244073 
 46129664      93.600000      79.250049 
 46129664      93.600000      79.256481 
 46129664      93.600000      79.253363 
 46129664      93.600000      79.251636 
 46129664      93.600000      79.258896 
 46129664      93.600000      79.235468 
 46129664      93.600000      79.244574 
 46129664      93.600000      79.252146 
 46129664      93.600000      79.256396 
 46129664      93.600000      79.257800 
 46129664      93.600000      79.255279 
 46129664      93.600000      79.249950 
 46129664      93.600000      79.241696 
 46129664      93.600000      79.271183 
 46129664      93.600000      79.244864 
 46129664      93.600000      79.234382 
 46129664      93.600000      79.256304 
 46129664      93.600000      79.246235 
 46129664      93.600000      79.260652 
 46129664      93.600000      79.243549 
 46129664      93.600000      79.250394 
 46129664      93.600000      79.255608 
 46129664      93.600000      79.257645 
 46129664      93.600000      79.260398 
 46129664      93.600000      79.272137 
 46129664      93.600000      79.274003 
 46129664      93.600000      79.282596 
 46129664      93.600000      79.268135 
 46129664      93.600000      79.258810 
 46129664      93.600000      79.280114 
 46129664      93.600000      79.282749 
 46129664      93.600000      79.263609 
 46129664      93.600000      79.271990 
 46129664      93.600000      79.286614 
 46129664      93.600000      79.266363 
 46129664      93.600000      79.271419 
 46129664      93.600000      79.254796 
 46129664      93.600000      79.293287 
 46129664      93.600000      79.276642 
 46129664      93.600000      79.257720 
 46129664      93.600000      79.273881 
 46129664      93.600000      79.279538 
 46129664      93.600000      79.252243 
 46129664      93.600000      79.258404 
 46129664      93.600000      79.271019 
 46129664      93.600000      79.277659 
 46129664      93.600000      79.275447 
 46129664      93.600000      79.266966 
 46129664      93.600000      79.267027 
 46129664      93.600000      79.260348 
 46129664      93.600000      79.263264 
 46129664      93.600000      79.273664 
 46129664      93.600000      79.265516 
 46129664      93.600000      79.258280 
 46129664      93.600000      79.269336 
 46129664      93.600000      79.260470 
 46129664      93.600000      79.266331 
 46129664      93.600000      79.252158 
 46129664      93.600000      79.279205 
 46129664      93.600000      79.286662 
 46129664      93.600000      79.259647 
 46129664      93.600000      79.277570 
 46129664      93.600000      79.269134 
 46129664      93.600000      79.268163 
 46129664      93.600000      79.277286 
 46129664      93.600000      79.276809 
 46129664      93.600000      79.249547 
 46129664      93.600000      79.275678 
 46129664      93.600000      79.258243 
 46129664      93.600000      79.269360 
 46129664      93.600000      79.273830 
 46129664      93.600000      79.282129 
 46129664      93.600000      79.242991 
 46129664      93.600000      79.263349 
 46129664      93.600000      79.263110 
 46129664      93.600000      79.276574 
 46129664      93.600000      79.260287 
 46129664      93.600000      79.273239 
 46129664      93.600000      79.264258 
 46129664      93.600000      79.258201 
 46129664      93.600000      79.270393 
 46129664      93.600000      79.259033 
 46129664      93.600000      79.275030 
 46129664      93.600000      79.250608 
 46129664      93.600000      79.289076 
 46129664      93.600000      79.249639 
 46129664      93.600000      79.251198 
 46129664      93.600000      79.259574 
 46129664      93.600000      79.248589 
 46129664      93.600000      79.266451 
 46129664      93.600000      79.258873 
 46129664      93.600000      79.258631 
 46129664      93.600000      79.269543 
 46129664      93.600000      79.270242 
 46129664      93.600000      79.257951 
 46129664      93.600000      79.241333 
 46129664      93.600000      79.266664 
 46129664      93.600000      79.259593 
 46129664      93.600000      79.255074 
 46129664      93.600000      79.261013 
 46129664      93.600000      79.251590 
 46129664      93.600000      79.260207 
 46129664      93.600000      79.251910 
 46129664      93.600000      79.261053 
 46129664      93.600000      79.251394 
 46129664      93.600000      79.243770 
 46129664      93.600000      79.244791 
 46129664      93.600000      79.243003 
 46129664      93.600000      79.258941 
 46129664      93.600000      79.244923 
 46129664      93.600000      79.258415 
 46129664      93.600000      79.265069 
 46129664      93.600000      79.244876 
 46129664      93.600000      79.254961 
 46129664      93.600000      79.246737 
 46129664      93.600000      79.264979 
 46129664      93.600000      79.265593 
 46129664      93.600000      79.238701 
 46129664      93.600000      79.254417 
 46129664      93.600000      79.238223 
 46129664      93.600000      79.259833 
 46129664      93.600000      79.254388 
 46129664      93.600000      79.262175 
 46129664      93.600000      79.275637 
 46129664      93.600000      79.252287 
 46129664      93.600000      79.261395 
 46129664      93.600000      79.253982 
 46129664      93.600000      79.256214 
 46129664      93.600000      79.253960 
 46129664      93.600000      79.251898 
 46129664      93.600000      79.252954 
 46129664      93.600000      79.246441 
 46129664      93.600000      79.252083 
 46129664      93.600000      79.254428 
 46129664      93.600000      79.265314 
 46129664      93.600000      79.250198 
 46129664      93.600000      79.246618 
 46129664      93.600000      79.252083 
 46129664      93.600000      79.249729 
 46129664      93.600000      79.245002 
 46129664      93.600000      79.256898 
 46129664      93.600000      79.260486 
 46129664      93.600000      79.250405 
 46129664      93.600000      79.249517 
 46129664      93.600000      79.251984 
 46129664      93.600000      79.264504 
 46129664      93.600000      79.276224 
 46129664      93.600000      79.268359 
 46129664      93.600000      79.276786 
 46129664      93.600000      79.268682 
 46129664      93.600000      79.261435 
 46129664      93.600000      79.260192 
 46129664      93.600000      79.270906 
 46129664      93.600000      79.279886 
 46129664      93.600000      79.268776 
 46129664      93.600000      79.267509 
 46129664      93.600000      79.268844 
 46129664      93.600000      79.268869 
 46129664      93.600000      79.253246 
 46129664      93.600000      79.255373 
 46129664      93.600000      79.278716 
 46129664      93.600000      79.261358 
 46129664      93.600000      79.277655 
 46129664      93.600000      79.270412 
 46129664      93.600000      79.263759 
 46129664      93.600000      79.259893 
 46129664      93.600000      79.284870 
 46129664      93.600000      79.274465 
 46129664      93.600000      79.253910 
 46129664      93.600000      79.268890 
 46129664      93.600000      79.260070 
 46129664      93.600000      79.278021 
 46129664      93.600000      79.268831 
 46129664      93.600000      79.284587 
 46129664      93.600000      79.275784 
 46129664      93.600000      79.271509 
 46129664      93.600000      79.265177 
 46129664      93.600000      79.269571 
 46129664      93.600000      79.267002 
 46129664      93.600000      79.261639 
 46129664      93.600000      79.255674 
 46129664      93.600000      79.259380 
 46129664      93.600000      79.270587 
 46129664      93.600000      79.283410 
 46129664      93.600000      79.270049 
 46129664      93.600000      79.258353 
 46129664      93.600000      79.263285 
 46129664      93.600000      79.274204 
 46129664      93.600000      79.265336 
 46129664      93.600000      79.268465 
 46129664      93.600000      79.273250 
 46129664      93.600000      79.253317 
 46129664      93.600000      79.267092 
 46129664      93.600000      79.274708 
 46129664      93.600000      79.260227 
 46129664      93.600000      79.256973 
 46129664      93.600000      79.255873 
 46129664      93.600000      79.265581 
 46129664       0.400000      79.251947 
 46129664      93.600000      79.249999 
 46129664      93.600000      79.252721 
 46129664      93.600000      79.245841 
 46129664      93.600000      79.260072 
 46129664      93.600000      79.254292 
 46129664      93.600000      79.242632 
 46129664      93.600000      79.269424 
 46129664      93.600000      79.248418 
 46129664      93.600000      79.245156 
 46129664      93.600000      79.244476 
 46129664      93.600000      79.267514 
 46129664      93.600000      79.265282 
 46129664      93.600000      79.244471 
 46129664      93.600000      79.272243 
 46129664      93.600000      79.255276 
 46129664      93.600000      79.257336 
 46129664      93.600000      79.252619 
 46129664      93.600000      79.250001 
 46129664      93.600000      79.248601 
 46129664      93.600000      79.255704 
 46129664      93.600000      79.261583 
 46129664      93.600000      79.249520 
 46129664      93.600000      79.256501 
 46129664      93.600000      79.262832 
 46129664      93.600000      79.239857 
 46129664      93.600000      79.241912 
 46129664      93.600000      79.253756 
 46129664      93.600000      79.245443 
 46129664      93.600000      79.260147 
 46129664      93.600000      79.245943 
 46129664      93.600000      79.249571 
 46129664      93.600000      79.251529 
 46129664      93.600000      79.248980 
 46129664      93.600000      79.241789 
 46129664      93.600000      79.261404 
 46129664      93.600000      79.254130 
 46129664      93.600000      79.249642 
 46129664      93.600000      79.258804 
 46129664      93.600000      79.263029 
 46129664      93.600000      79.246619 
 46129664      93.600000      79.241391 
 46129664      93.600000      79.253471 
 46129664      93.600000      79.248055 
 46129664      93.600000      79.248864 
 46129664      93.600000      79.248910 
 46129664      93.600000      79.276551 
 46129664      93.600000      79.249125 
 46129664      93.600000      79.273588 
 46129664      93.600000      79.249701 
 46129664      93.600000      79.264421 
 46129664      93.600000      79.275939 
 46129664      93.600000      79.269129 
 46129664      93.600000      79.251665 
 46129664      93.600000      79.264284 
 46129664      93.600000      79.274712 
 46129664      93.600000      79.268837 
 46129664      93.600000      79.261813 
 46129664      93.600000      79.265305 
 46129664      93.600000      79.264932 
 46129664      93.600000      79.254355 
 46129664      93.600000      79.263799 
 46129664      93.600000      79.273688 
 46129664      93.600000      79.260442 
 46129664      93.600000      79.269744 
 46129664      93.600000      79.254528 
 46129664      93.600000      79.268713 
 46129664      93.600000      79.264605 
 46129664      93.600000      79.276045 
 46129664      93.600000      79.259504 
 46129664      93.600000      79.283085 
 46129664      93.600000      79.276542 
 46129664      93.600000      79.272530 
 46129664      93.600000      79.259480 
 46129664      93.600000      79.272241 
 46129664      93.600000      79.267591 
 46129664      93.600000      79.264479 
 46129664      93.600000      79.273965 
 46129664      93.600000      79.278483 
 46129664      93.600000      79.259088 
 46129664      93.600000      79.274979 
 46129664      93.600000      79.270552 
 46129664      93.600000      79.275438 
 46129664      93.600000      79.261717 
 46129664      93.600000      79.274560 
 46129664      93.600000      79.278037 
 46129664      93.600000      79.283614 
 46129664      93.600000      79.247900 
 46129664      93.600000      79.286858 
 46129664      93.600000      79.269368 
 46129664      93.600000      79.262676 
 46129664      93.600000      79.267365 
 46129664      93.600000      79.272164 
 46129664      93.600000      79.272060 
 46129664      93.600000      79.251079 
 46129664      93.600000      79.277860 
 46129664      93.600000      79.273332 
 46129664      93.600000      79.261012 
 46129664      93.600000      79.264902 
 46127104      93.600000      76.088308 
 46127104      93.600000      76.072581 
 46127104      93.600000      76.071822 
 46127104      93.600000      76.079453 
 46127104      93.600000      76.078191 
 46127104      93.600000      76.057478 
 46127104      93.600000      76.079125 
 46127104      93.600000      76.081049 
 46127104      93.600000      76.096946 
 46127104      93.600000      76.076317 
 46127104      93.600000      76.064506 
 46127104      93.600000      76.078846 
 46127104      93.600000      76.076234 
 46127104      93.600000      76.061661 
 46127104      93.600000      76.068732 
 46127104      93.600000      76.088747 
 46127104      93.600000      76.064739 
 46127104      93.600000      76.068831 
 46127104      93.600000      76.075858 
 46127104      93.600000      76.073949 
 46127104      93.600000      76.066152 
 46127104      93.600000      76.066111 
 46127104      93.600000      76.062248 
 46127104      93.600000      76.067316 
 46127104      93.600000      76.069761 
 46127104      93.600000      76.060309 
 46127104      93.600000      76.075864 
 46127104      93.600000      76.075060 
 46127104      93.600000      76.062565 
 46127104      93.600000      76.089260 
 46127104      93.600000      76.076721 
 46127104      93.600000      76.078081 
 46127104      93.600000      76.056552 
 46127104      93.600000      76.071416 
 46127104      93.600000      76.081564 
 46127104      93.600000      76.077951 
 46127104      93.600000      76.074844 
 46127104      93.600000      76.071866 
 46127104      93.600000      76.064937 
 46127104      93.600000      76.077639 
 46127104      93.600000      76.094571 
 46127104      93.600000      76.062694 
 46127104      93.600000      76.079038 
 46127104      93.600000      76.084631 
 46127104      93.600000      76.086891 
 46127104      93.600000      76.073317 
 46127104      93.600000      76.083458 
 46127104      93.600000      76.071079 
 46127104      93.600000      76.073234 
 46127104      93.600000      76.075422 
 46127104      93.600000      76.082968 
 46127104      93.600000      76.079994 
 46127104      93.600000      76.061361 
 46127104      93.600000      76.065684 
 46127104      93.600000      76.085733 
 46127104      93.600000      76.106888 
 46127104      93.600000      76.092375 
 46127104      93.600000      76.089475 
 46127104      93.600000      76.103167 
 46127104      93.600000      76.096969 
 46127104      93.600000      76.112471 
 46127104      93.600000      76.109442 
 46127104      93.600000      76.110327 
 46127104      93.600000      76.083520 
 46127104      93.600000      76.096107 
 46127104      93.600000      76.083685 
 46127104      93.600000      76.082830 
 46127104      93.600000      76.097107 
 46127104      93.600000      76.096649 
 46127104      93.600000      76.107778 
 46127104      93.600000      76.092806 
 46127104      93.600000      76.082593 
 46127104      93.600000      76.105630 
 46127104      93.600000      76.108656 
 46127104      93.600000      76.112003 
 46127104      93.600000      76.093421 
 46127104      93.600000      76.090055 
 46127104      93.600000      76.096222 
 46127104      93.600000      76.096310 
 46127104      93.600000      76.093487 
 46127104      93.600000      76.086477 
 46127104      93.600000      76.077201 
 46127104      93.600000      76.100097 
 46127104      93.600000      76.092099 
 46127104      93.600000      76.078993 
 46127104      93.600000      76.080117 
 46127104      93.600000      76.094401 
 46127104      93.600000      76.105219 
 46127104      93.600000      76.095882 
 46127104      93.600000      76.094057 
 46127104      93.600000      76.095717 
 46127104      93.600000      76.093893 
 46127104      93.600000      76.098303 
 46127104      93.600000      76.097682 
 46127104      93.600000      76.106683 
 46127104      93.600000      76.090353 
 46127104      93.600000      76.094627 
 46127104      93.600000      76.105257 
 46127104      93.600000      76.105249 
 46127104      93.600000      76.088013 
 46127104      93.600000      76.116993 
 46127104      93.600000      76.092477 
 46127104      93.600000      76.083318 
 46127104      93.600000      76.087972 
 46127104      93.600000      76.094726 
 46127104      93.600000      76.084568 
 46127104      93.600000      76.095166 
 46127104      93.600000      76.103467 
 46127104      93.600000      76.098838 
 46127104      93.600000      76.091962 
 46127104      93.600000      76.078605 
 46127104      93.600000      76.109982 
 46127104      93.600000      76.073565 
 46127104      93.600000      76.064307 
 46127104      93.600000      76.050037 
 46127104      93.600000      76.069952 
 46127104      93.600000      76.090972 
 46127104      93.600000      76.083675 
 46127104      93.600000      76.075435 
 46127104      93.600000      76.080334 
 46127104      93.600000      76.072392 
 46127104      93.600000      76.078297 
 46127104      93.600000      76.079959 
 46127104      93.600000      76.067795 
 46127104      93.600000      76.068021 
 46127104      93.600000      76.081214 
 46127104      93.600000      76.080401 
 46127104      93.600000      76.055583 
 46127104      93.600000      76.064511 
 46127104      93.600000      76.062188 
 46127104      93.600000      76.082425 
 46127104      93.600000      76.076959 
 46127104      93.600000      76.079464 
 46127104      93.600000      76.063162 
 46127104      93.600000      76.067499 
 46127104      93.600000      76.074579 
 46127104      93.600000      76.077161 
 46127104      93.600000      76.080800 
 46127104      93.600000      76.068481 
 46127104      93.600000      76.063750 
 46127104      93.600000      76.080513 
 46127104      93.600000      76.082346 
 46127104      93.600000      76.074906 
 46127104      93.600000      76.067672 
 46127104      93.600000      76.081826 
 46127104      93.600000      76.070260 
 46127104      93.600000      76.082456 
 46127104      93.600000      76.088668 
 46127104      93.600000      76.057901 
 46127104      93.600000      76.073049 
 46127104      93.600000      76.074134 
 46127104      93.600000      76.088170 
 46127104      93.600000      76.079578 
 46127104      93.600000      76.057108 
 46127104      93.600000      76.068724 
 46127104      93.600000      76.071343 
 46127104      93.600000      76.066874 
 46127104      93.600000      76.079203 
 46127104      93.600000      76.068161 
 46127104      93.600000      76.080605 
 46127104      93.600000      76.060539 
 46127104      93.600000      76.080664 
 46127104      93.600000      76.079490 
 46127104      93.600000      76.084380 
 46127104      93.600000      76.063915 
 46127104      93.600000      76.075003 
 46127104      93.600000      76.078765 
 46127104      93.600000      76.077849 
 46127104      93.600000      76.066877 
 46127104      93.600000      76.080965 
 46127104      93.600000      76.084006 
 46127104      93.600000      76.080299 
 46127104      93.600000      76.082844 
 46127104      93.600000      76.068608 
 46127104      93.600000      76.067783 
 46127104      93.600000      76.074456 
 46127104      93.600000      76.096330 
 46127104      93.600000      76.101057 
 46127104      93.600000      76.082690 
 46127104      93.600000      76.092935 
 46127104      93.600000      76.102420 
 46127104      93.600000      76.082036 
 46127104      93.600000      76.083693 
 46127104      93.600000      76.100599 
 46127104      93.600000      76.100261 
 46127104      93.600000      76.097801 
 46127104      93.600000      76.100366 
 46127104      93.600000      76.084596 
 46127104      93.600000      76.095956 
 46127104      93.600000      76.095281 
 46127104      93.600000      76.090045 
 46127104      93.600000      76.104849 
 46127104      93.600000      76.099449 
 46127104      93.600000      76.093891 
 46127104      93.600000      76.088887 
 46127104      93.600000      76.087503 
 46127104      93.600000      76.088930 
 46127104      93.600000      76.104302 
 46127104      93.600000      76.093324 
 46127104      93.600000      76.098290 
 46127104      93.600000      76.090513 
 46127104      93.600000      76.096475 
 46127104      93.600000      76.087483 
 46127104      93.600000      76.104610 
 46127104      93.600000      76.084859 
 46127104      93.600000      76.097953 
 46127104      93.600000      76.090156 
 46127104      93.600000      76.093823 
 46127104      93.600000      76.087001 
 46127104      93.600000      76.098718 
 46127104      93.600000      76.089211 
 46127104      93.600000      76.089975 
 46127104      93.600000      76.084000 
 46127104      93.600000      76.087894 
 46127104      93.600000      76.105476 
 46127104      93.600000      76.093765 
 46127104      93.600000      76.099170 
 46127104      93.600000      76.094832 
 46127104      93.600000      76.098887 
 46127104      93.600000      76.082334 
 46127104      93.600000      76.090792 
 46127104      93.600000      76.086918 
 46127104      93.600000      76.096142 
 46127104      93.600000      76.083532 
 46127104      93.600000      76.087321 
 46127104      93.600000      76.102062 
 46127104      93.600000      76.100610 
 46127104      93.600000      76.099796 
 46127104      93.600000      76.107621 
 46127104      93.600000      76.089005 
 46127104      93.600000      76.105893 
 46127104      93.600000      76.086681 
 46127104      10.400000      76.088353 
 46127104      93.600000      76.084412 
 46127104      93.600000      76.066091 
 46127104      93.600000      76.079792 
 46127104      93.600000      76.053236 
 46127104      93.600000      76.067767 
 46127104      93.600000      76.071814 
 46127104      93.600000      76.063545 
 46127104      93.600000      76.070048 
 46127104      93.600000      76.080607 
 46127104      93.600000      76.086431 
 46127104      93.600000      76.076171 
 46127104      93.600000      76.070309 
 46127104      93.600000      76.083205 
 46127104      93.600000      76.080334 
 46127104      93.600000      76.082762 
 46127104      93.600000      76.072383 
 46127104      93.600000      76.072140 
 46127104      93.600000      76.072962 
 46127104      93.600000      76.070510 
 46127104      93.600000      76.077640 
 46127104      93.600000      76.074927 
 46127104      93.600000      76.075324 
 46127104      93.600000      76.082693 
 46127104      93.600000      76.081458 
 46127104      93.600000      76.076510 
 46127104      93.600000      76.059806 
 46127104      93.600000      76.076993 
 46127104      93.600000      76.072727 
 46127104      93.600000      76.073669 
 46127104      93.600000      76.091119 
 46127104      93.600000      76.068305 
 46127104      93.600000      76.066894 
 46127104      93.600000      76.081172 
 46127104      93.600000      76.073976 
 46127104      93.600000      76.070999 
 46127104      93.600000      76.063905 
 46127104      93.600000      76.076302 
 46127104      93.600000      76.083426 
 46127104      93.600000      76.071472 
 46127104      93.600000      76.070542 
 46127104      93.600000      76.055048 
 46127104      93.600000      76.078735 
 46127104      93.600000      76.077465 
 46127104      93.600000      76.072496 
 46127104      93.600000      76.086870 
 46127104      93.600000      76.074335 
 46127104      93.600000      76.072023 
 46127104      93.600000      76.074291 
 46127104      93.600000      76.064493 
 46127104      93.600000      76.075178 
 46127104      93.600000      76.082357 
 46127104      93.600000      76.076672 
 46127104      93.600000      76.065014 
 46127104      93.600000      76.057577 
 46127104      93.600000      76.075478 
 46127104      93.600000      76.078143 
 46127104      93.600000      76.077629 
 46127104      93.600000      76.085741 
 46127104      93.600000      76.070914 
 46127104      93.600000      76.073325 
 46127104      93.600000      76.084607 
 46127104      93.600000      76.062117 
 46127104      93.600000      76.078798 
 46127104      93.600000      76.098013 
 46127104      93.600000      76.094019 
 46127104      93.600000      76.077717 
 46127104      93.600000      76.106911 
 46127104      93.600000      76.085497 
 46127104      93.600000      76.100513 
 46127104      93.600000      76.099396 
 46127104      93.600000      76.094690 
 46127104      93.600000      76.091933 
 46127104      93.600000      76.073925 
 46127104      93.600000      76.081617 
 46127104      93.600000      76.081272 
 46127104      93.600000      76.101175 
 46127104      93.600000      76.094175 
 46127104      93.600000      76.080271 
 46127104      93.600000      76.101915 
 46127104      93.600000      76.096311 
 46127104      93.600000      76.104338 
 46127104      93.600000      76.106077 
 46127104      93.600000      76.101494 
 46127104      93.600000      76.096242 
 46127104      93.600000      76.080344 
 46127104      93.600000      76.089704 
 46127104      93.600000      76.097063 
 46127104      93.600000      76.103913 
 46127104      93.600000      76.091445 
 46127104      93.600000      76.105435 
 46127104      93.600000      76.095513 
 46127104      93.600000      76.085199 
 46127104      93.600000      76.114114 
 46127104      93.600000      76.092026 
 46127104      93.600000      76.099751 
 46127104      93.600000      76.102285 
 46127104      93.600000      76.099499 
 46127104      93.600000      76.085758 
 46127104      93.600000      76.093100 
 46127104      93.600000      76.099816 
 46127104      93.600000      76.098752 
 46127104      93.600000      76.096171 
 46127104      93.600000      76.102122 
 46127104      93.600000      76.088410 
 46127104      93.600000      76.091453 
 46127104      93.600000      76.096364 
 46127104      93.600000      76.083124 
 46127104      93.600000      76.083693 
 46127104      93.600000      76.080460 
 46127104      93.600000      76.073754 
 46127104      93.600000      76.084195 
 46127104      93.600000      76.109410 
 46127104      93.600000      76.093969 
 46127104      93.600000      76.091759 
 46127104      93.600000      76.101847 
 46127104      93.600000      76.095484 
 46127104      93.600000      76.093079 
 46127104      93.600000      76.099726 
 46127104      93.600000      76.081075 
 46127104      93.600000      76.101719 
 46127104      93.600000      76.098008 
 46127104      93.600000      76.103746 
 46127104      93.600000      76.096547 
 46127104      93.600000      76.093395 
 46127104      93.600000      76.088382 
 46127104       0.400000      76.088282 
 46127104      93.600000      76.066731 
 46127104      93.600000      76.084836 
 46127104      93.600000      76.067687 
 46127104      93.600000      76.092628 
 46127104      93.600000      76.067822 
 46127104      93.600000      76.074454 
 46127104      93.600000      76.069610 
 46127104      93.600000      76.062872 
 46127104      93.600000      76.073679 
 46127104      93.600000      76.074441 
 46127104      93.600000      76.083775 
 46127104      93.600000      76.082278 
 46127104      93.600000      76.071391 
 46127104      93.600000      76.074943 
 46127104      93.600000      76.080460 
 46127104      93.600000      76.080918 
 46127104      93.600000      76.082078 
 46127104      93.600000      76.074322 
 46127104      93.600000      76.072436 
 46127104      93.600000      76.067861 
 46127104      93.600000      76.085852 
 46127104      93.600000      76.079984 
 46127104      93.600000      76.075427 
 46127104      93.600000      76.072023 
 46127104      93.600000      76.063336 
 46127104      93.600000      76.109653 
 46127104      93.600000      76.069823 
 46127104      93.600000      76.069533 
 46127104      93.600000      76.075967 
 46127104      93.600000      76.066978 
 46127104      93.600000      76.077708 
 46127104      93.600000      76.078726 
 46127104      93.600000      76.069462 
 46127104      93.600000      76.099649 
 46127104      93.600000      76.085372 
 46127104      93.600000      76.059783 
 46127104      93.600000      76.074481 
 46127104      93.600000      76.087424 
 46127104      93.600000      76.057714 
 46127104      93.600000      76.066561 
 46127104      93.600000      76.068621 
 46127104      93.600000      76.084728 
 46127104      93.600000      76.087120 
 46127104      93.600000      76.072242 
 46127104      93.600000      76.071921 
 46127104      93.600000      76.074501 
 46127104      93.600000      76.070782 
 46127104      93.600000      76.059919 
 46127104      93.600000      76.102900 
 46127104      93.600000      76.098067 
 46127104      93.600000      76.086145 
 46127104      93.600000      76.076379 
 46127104      93.600000      76.059021 
 46127104      93.600000      76.062890 
 46127104      93.600000      76.062487 
 46127104      93.600000      76.076632 
 46127104      93.600000      76.070920 
 46127104      93.600000      76.075865 
 46127104      93.600000      76.067747 
 46127104      93.600000      76.091028 
 46127104      93.600000      76.098147 
 46127104      93.600000      76.110382 
 46127104      93.600000      76.088205 
 46127104      93.600000      76.101106 
 46127104      93.600000      76.094618 
 46127104      93.600000      76.087960 
 46127104      93.600000      76.099528 
 46127104      93.600000      76.092189 
 46127104      93.600000      76.091431 
 46127104      93.600000      76.095750 
 46127104      93.600000      76.089286 
 46127104      93.600000      76.089398 
 46127104      93.600000      76.105994 
 46127104      93.600000      76.099505 
 46127104      93.600000      76.107589 
 46127104      93.600000      76.099907 
 46127104      93.600000      76.088260 
 46127104      93.600000      76.092418 
 46127104      93.600000      76.085361 
 46127104      93.600000      76.065649 
 46127104      93.600000      76.092290 
 46127104      93.600000      76.075076 
 46127104      93.600000      76.085051 
 46127104      93.600000      76.088764 
 46127104      93.600000      76.097754 
 46127104      93.600000      76.103030 
 46127104      93.600000      76.098282 
 46127104      93.600000      76.097747 
 46127104      93.600000      76.106417 
 46127104      93.600000      76.104576 
 46127104      93.600000      76.101142 
 46127104      93.600000      76.101357 
 46127104      93.600000      76.083872 
 46127104      93.600000      76.083643 
 46127104      93.600000      76.088345 
 46127104      93.600000      76.091740 
 46127104      93.600000      76.093502 
 46127104      93.600000      76.079120 
 46127104      93.600000      76.099916 
 46127104      93.600000      76.128348 
 46127104      93.600000      76.096636 
 46127104      93.600000      76.086347 
 46127104      93.600000      76.090987 
 46127104      93.600000      76.099559 
 46127104      93.600000      76.085455 
 46127104      93.600000      76.109165 
 46127104      93.600000      76.085543 
 46127104      93.600000      76.097506 
 46127104      93.600000      76.088529 
 46127104      93.600000      76.090617 
 46127104      93.600000      76.090135 
 46127104      93.600000      76.106070 
 46127104      93.600000      76.090758 
 46127104      93.600000      76.098217 
 46127104      93.600000      76.101428 
 46127104      93.600000      76.079195 
 46127104      93.600000      76.085329 
 46127104      93.600000      76.093965 
 46127104      93.600000      76.078980 
 46127104      93.600000      76.098195 
 46127104      93.600000      76.088294 
 46127104      93.600000      76.074073 
 46127104      93.600000      76.082876 
 37856768      10.400000      75.990444 
 37856768      93.600000      75.969859 
 37856768      93.600000      75.971806 
 37856768      93.600000      75.961795 
 37856768      93.600000      75.997094 
 37856768      93.600000      75.977090 
 37856768      93.600000      75.964209 
 37856768      93.600000      75.981730 
 37856768      93.600000      75.987105 
 37856768      93.600000      75.976751 
 37856768      93.600000      75.980246 
 37856768      93.600000      75.992427 
 37856768      93.600000      75.977154 
 37856768      93.600000      75.983971 
 37856768      93.600000      75.982950 
 37856768      93.600000      75.992573 
 37856768      93.600000      75.986273 
 37856768      93.600000      75.980734 
 37856768      93.600000      75.978499 
 37856768      93.600000      75.976694 
 37856768      93.600000      75.982858 
 37856768      93.600000      75.957889 
 37856768      93.600000      75.995025 
 37856768      93.600000      75.999085 
 37856768      93.600000      75.992483 
 37856768      93.600000      75.986204 
 37856768      93.600000      75.999074 
 37856768      93.600000      75.994194 
 37856768      93.600000      76.024823 
 37856768      93.600000      75.996021 
 37856768      93.600000      75.985400 
 37856768      93.600000      75.997936 
 37856768      93.600000      76.002123 
 37856768      93.600000      75.991263 
 37856768      93.600000      75.992665 
 37856768      93.600000      75.994521 
 37856768      93.600000      75.991380 
 37856768      93.600000      76.001378 
 37856768      93.600000      75.979450 
 37856768      93.600000      75.978777 
 37856768      93.600000      75.991577 
 37856768      93.600000      75.992277 
 37856768      93.600000      75.984123 
 37856768      93.600000      75.999384 
 37856768      93.600000      75.988462 
 37856768      93.600000      76.006298 
 37856768      93.600000      75.990400 
 37856768       0.400000      75.990755 
 37856768      93.600000      75.986942 
 37856768      93.600000      75.969354 
 37856768      93.600000      75.988429 
 37856768      93.600000      75.981792 
 37856768      93.600000      75.975086 
 37856768      93.600000      75.976304 
 37856768      93.600000      75.977976 
 37856768      93.600000      75.971677 
 37856768      93.600000      75.982740 
 37856768      93.600000      75.966969 
 37856768      93.600000      76.001564 
 37856768      93.600000      75.987462 
 37856768      93.600000      75.981576 
 37856768      93.600000      75.991214 
 37856768      93.600000      75.979495 
 37856768      93.600000      75.975267 
 37856768      93.600000      75.975798 
 37856768      93.600000      75.973186 
 37856768      93.600000      75.976498 
 37856768      93.600000      75.985003 
 37856768      93.600000      75.965358 
 37856768      93.600000      75.980755 
 37856768      93.600000      75.967853 
 37856768      93.600000      75.995573 
 37856768      93.600000      75.997617 
 37856768      93.600000      75.995647 
 37856768      93.600000      75.985727 
 37856768      93.600000      75.997523 
 37856768      93.600000      75.993865 
 37856768      93.600000      75.988421 
 37856768      93.600000      75.989332 
 37856768      93.600000      75.995692 
 37856768      93.600000      75.991828 
 37856768      93.600000      76.008276 
 37856768      93.600000      75.983162 
 37856768      93.600000      76.003027 
 37856768      93.600000      75.990113 
 37856768      93.600000      76.002333 
 37856768      93.600000      75.999260 
 37856768      93.600000      75.996028 
 37856768      93.600000      75.997564 
 37856768      93.600000      75.980706 
 37856768      93.600000      75.989806 
 37856768      93.600000      76.006793 
 37856768      93.600000      76.010695 
 37856768      93.600000      75.992443 
 37856768      93.600000      75.986017 
 37856768      93.600000      75.975593 
 37856768      93.600000      75.974056 
 37856768      93.600000      75.968841 
 37856768      93.600000      75.979640 
 37856768      93.600000      75.984948 
 37856768      93.600000      75.975613 
 37856768      93.600000      75.972904 
 37856768      93.600000      75.969708 
 37856768      93.600000      75.973720 
 37856768      93.600000      75.969396 
 37856768      93.600000      75.984096 
 37856768      93.600000      75.978345 
 37856768      93.600000      75.968553 
 37856768      93.600000      75.978790 
 37856768      93.600000      75.966394 
 37856768      93.600000      75.981223 
 37856768      93.600000      75.982028 
 37856768      93.600000      75.977440 
 37856768      93.600000      75.976586 
 37856768      93.600000      75.974634 
 37856768      93.600000      75.967906 
 37856768      93.600000      75.995696 
 37856768      93.600000      75.973236 
 37856768      93.600000      75.997269 
 37856768      93.600000      76.014147 
 37856768      93.600000      76.002534 
 37856768      93.600000      75.990478 
 37856768      93.600000      75.978310 
 37856768      93.600000      75.988734 
 37856768      93.600000      76.009515 
 37856768      93.600000      75.990771 
 37856768      93.600000      76.004074 
 37856768      93.600000      75.994730 
 37856768      93.600000      75.976411 
 37856768      93.600000      75.999205 
 37856768      93.600000      75.995810 
 37856768      93.600000      75.997354 
 37856768      93.600000      76.009158 
 37856768      93.600000      75.996774 
 37856768      93.600000      75.993929 
 37856768      93.600000      76.001918 
 37856768      93.600000      75.947203 
 37856768      93.600000      75.973461 
 37856768      93.600000      75.984002 
 37856768      93.600000      75.990705 
 37856768      93.600000      75.981832 
 37856768      93.600000      75.971594 
 37856768      93.600000      75.975923 
 37856768      93.600000      75.973442 
 37856768      93.600000      75.956728 
 37856768      93.600000      75.982971 
 37856768      93.600000      75.981589 
 37856768      93.600000      75.977556 
 37856768      93.600000      75.986828 
 37856768      93.600000      75.972171 
 37856768      93.600000      75.965990 
 37856768      93.600000      75.983927 
 37856768      93.600000      75.986465 
 37856768      93.600000      75.971779 
 37856768      93.600000      75.980255 
 37856768      93.600000      75.968920 
 37856768      93.600000      76.006616 
 37856768      93.600000      76.006084 
 37856768      93.600000      75.981812 
 37856768      93.600000      75.989588 
 37856768      93.600000      76.009566 
 37856768      93.600000      75.999917 
 37856768      93.600000      76.003878 
 37856768      93.600000      75.991809 
 37856768      93.600000      75.992482 
 37856768      93.600000      75.978298 
 37856768      93.600000      75.983225 
 37856768      93.600000      76.001798 
 37856768      93.600000      75.992115 
 37856768      93.600000      75.995001 
 37856768      93.600000      75.990777 
 37856768      93.600000      76.000151 
 37856768      93.600000      76.003566 
 37856768      93.600000      75.990709 
 37856768      93.600000      76.006846 
 37856768      93.600000      75.979612 
 37856768      93.600000      75.991175 
 37856768      93.600000      75.997452 
 37856768      93.600000      76.013075 
 37856768      93.600000      75.991052 
 37856768      93.600000      75.990662 
 37856768      93.600000      75.983284 
 37856512      93.600000    -112.112659 
 37856512      93.600000    -112.108211 
 37856512      93.600000    -112.104713 
 37856512      93.600000    -112.099697 
 37856512      93.600000    -112.119300 
 37856512      93.600000    -112.105053 
 37856512      93.600000    -112.105325 
 37856512      93.600000    -112.114354 
 37856512      93.600000    -112.105374 
 37856512      93.600000    -112.101143 
 37856512      93.600000    -112.119096 
 37856512      93.600000    -112.103957 
 37856512      93.600000    -112.113351 
 37856512      93.600000    -112.103837 
 37856512      93.600000    -112.097083 
 37856512      93.600000    -112.104696 
 37856512      93.600000    -112.097751 
 37856512      93.600000    -112.101407 
 37856512      93.600000    -112.116792 
 37856512      93.600000    -112.121776 
 37856512      93.600000    -112.127842 
 37856512      93.600000    -112.167156 
 37856512      93.600000    -112.139232 
 37856512      93.600000    -112.138506 
 37856512      93.600000    -112.131841 
 37856512      93.600000    -112.146517 
 37856512      93.600000    -112.143356 
 37856512      93.600000    -112.146994 
 37856512      93.600000    -112.140338 
 37856512      93.600000    -112.151516 
 37856512      93.600000    -112.129425 
 37856512      93.600000    -112.144217 
 37856512      93.600000    -112.145021 
 37856512      93.600000    -112.150327 
 37856512      93.600000    -112.140644 
 37856512      93.600000    -112.142394 
 37856512      93.600000    -112.159767 
 37856512      93.600000    -112.141133 
 37856512      93.600000    -112.142464 
 37856512      93.600000    -112.149459 
 37856512      93.600000    -112.147153 
 37856512      93.600000    -112.155749 
 37856512       0.400000    -112.112577 
 37856512      93.600000    -112.122015 
 37856512      93.600000    -112.113479 
 37856512      93.600000    -112.121546 
 37856512      93.600000    -112.109998 
 37856512      93.600000    -112.122484 
 37856512      93.600000    -112.103100 
 37856512      93.600000    -112.105617 
 37856512      93.600000    -112.098870 
 37856512      93.600000    -112.102752 
 37856512      93.600000    -112.110880 
 37856512      93.600000    -112.115350 
 37856512      93.600000    -112.098788 
 37856512      93.600000    -112.112665 
 37856512      93.600000    -112.121080 
 37856512      93.600000    -112.114411 
 37856512      93.600000    -112.097661 
 37856512      93.600000    -112.112752 
 37856512      93.600000    -112.098162 
 37856512      93.600000    -112.102654 
 37856512      93.600000    -112.107173 
 37856512      93.600000    -112.113806 
 37856512      93.600000    -112.094333 
 37856512      93.600000    -112.142184 
 37856512      93.600000    -112.138330 
 37856512      93.600000    -112.150980 
 37856512      93.600000    -112.154317 
 37856512      93.600000    -112.156392 
 37856512      93.600000    -112.152454 
 37856512      93.600000    -112.140138 
 37856512      93.600000    -112.141617 
 37856512      93.600000    -112.153705 
 37856512      93.600000    -112.152411 
 37856512      93.600000    -112.141728 
 37856512      93.600000    -112.137684 
 37856512      93.600000    -112.139503 
 37856512      93.600000    -112.147241 
 37856512      93.600000    -112.145190 
 37856512      93.600000    -112.137359 
 37856512      93.600000    -112.144991 
 37856512      93.600000    -112.150512 
 37856512      93.600000    -112.138534 
 37856512      93.600000    -112.133862 
 37856512      93.600000    -112.135303 
 37856512      93.600000    -112.138679 
 37856512      93.600000    -112.112808 
 37856512      93.600000    -112.112248 
 37856512      93.600000    -112.109432 
 37856512      93.600000    -112.104181 
 37856512      93.600000    -112.104726 
 37856512      93.600000    -112.134268 
 37856512      93.600000    -112.105080 
 37856512      93.600000    -112.119471 
 37856512      93.600000    -112.106407 
 37856512      93.600000    -112.118771 
 37856512      93.600000    -112.107945 
 37856512      93.600000    -112.112938 
 37856512      93.600000    -112.115505 
 37856512      93.600000    -112.117556 
 37856512      93.600000    -112.117801 
 37856512      93.600000    -112.125550 
 37856512      93.600000    -112.110656 
 37856512      93.600000    -112.108113 
 37856512      93.600000    -112.103892 
 37856512      93.600000    -112.104540 
 37856512      93.600000    -112.104905 
 37856512      93.600000    -112.115907 
 37856512      93.600000    -112.130354 
 37856512      93.600000    -112.162686 
 37856512      93.600000    -112.130326 
 37856512      93.600000    -112.143011 
 37856512      93.600000    -112.131517 
 37856512      93.600000    -112.144636 
 37856512      93.600000    -112.132649 
 37856512      93.600000    -112.149812 
 37856512      93.600000    -112.139100 
 37856512      93.600000    -112.153367 
 37856512      93.600000    -112.154929 
 37856512      93.600000    -112.141529 
 37856512      93.600000    -112.138019 
 37856512      93.600000    -112.153456 
 37856512      93.600000    -112.137445 
 37856512      93.600000    -112.163259 
 37856512      93.600000    -112.126285 
 37856512      93.600000    -112.122318 
 37856512      93.600000    -112.143223 
 37856512      93.600000    -112.144368 
 37856512      93.600000    -112.161446 
 37856512      93.600000    -112.158390 
 37856512      93.600000    -112.158163 
 37856512      93.600000    -112.128459 
 37856512      93.600000    -112.156636 
 37856512      10.400000    -112.112702 
 37856512      93.600000    -112.108913 
 37856512      93.600000    -112.111327 
 37856512      93.600000    -112.104045 
 37856512      93.600000    -112.109482 
 37856512      93.600000    -112.131465 
 37856512      93.600000    -112.102225 
 37856512      93.600000    -112.115523 
 37856512      93.600000    -112.105521 
 37856512      93.600000    -112.097346 
 37856512      93.600000    -112.103374 
 37856512      93.600000    -112.112833 
 37856512      93.600000    -112.103708 
 37856512      93.600000    -112.106621 
 37856512      93.600000    -112.115524 
 37856512      93.600000    -112.115478 
 37856512      93.600000    -112.108129 
 37856512      93.600000    -112.121851 
 37856512      93.600000    -112.094032 
 37856512      93.600000    -112.106314 
 37856512      93.600000    -112.104036 
 37856512      93.600000    -112.089350 
 37856512      93.600000    -112.120858 
 37856512      93.600000    -112.124894 
 37856512      93.600000    -112.109255 
 37856512      93.600000    -112.141484 
 37856512      93.600000    -112.142020 
 37856512      93.600000    -112.151447 
 37856512      93.600000    -112.143309 
 37856512      93.600000    -112.125911 
 37856512      93.600000    -112.102353 
 37856512      93.600000    -112.132987 
 37856512      93.600000    -112.131198 
 37856512      93.600000    -112.142228 
 37856512      93.600000    -112.145221 
 37856512      93.600000    -112.153153 
 37856512      93.600000    -112.142034 
 37856512      93.600000    -112.144431 
 37856512      93.600000    -112.129234 
 37856512      93.600000    -112.144531 
 37856512      93.600000    -112.136383 
 37856512      93.600000    -112.136556 
 37856512      93.600000    -112.130473 
 37856512      93.600000    -112.134220 
 37856512      93.600000    -112.137058 
 37856512      93.600000    -112.152036 
 37856512      93.600000    -112.140311 
 37856512      93.600000    -112.151808 
 46132224      93.600000    -107.618045 
 46132224      93.600000    -107.618769 
 46132224      93.600000    -107.622796 
 46132224      93.600000    -107.616026 
 46132224      93.600000    -107.616531 
 46132224      93.600000    -107.605862 
 46132224      93.600000    -107.615533 
 46132224      93.600000    -107.619003 
 46132224      93.600000    -107.607099 
 46132224      93.600000    -107.602280 
 46132224      93.600000    -107.610715 
 46132224      93.600000    -107.613791 
 46132224      93.600000    -107.622883 
 46132224      93.600000    -107.615851 
 46132224      93.600000    -107.617246 
 46132224      93.600000    -107.609572 
 46132224      93.600000    -107.605750 
 46132224      93.600000    -107.607979 
 46132224      93.600000    -107.609619 
 46132224      93.600000    -107.599925 
 46132224      93.600000    -107.597047 
 46132224      93.600000    -107.616669 
 46132224      93.600000    -107.621765 
 46132224      93.600000    -107.622637 
 46132224      93.600000    -107.612425 
 46132224      93.600000    -107.628570 
 46132224      93.600000    -107.615574 
 46132224      93.600000    -107.622647 
 46132224      93.600000    -107.595086 
 46132224      93.600000    -107.617994 
 46132224      93.600000    -107.613654 
 46132224      93.600000    -107.601377 
 46132224      93.600000    -107.618248 
 46132224      93.600000    -107.613901 
 46132224      93.600000    -107.607262 
 46132224      93.600000    -107.624231 
 46132224      93.600000    -107.628945 
 46132224      93.600000    -107.608390 
 46132224      93.600000    -107.630194 
 46132224      93.600000    -107.612509 
 46132224      93.600000    -107.601052 
 46132224      93.600000    -107.618571 
 46132224      93.600000    -107.611771 
 46132224      93.600000    -107.618015 
 46132224      93.600000    -107.601058 
 46132224      93.600000    -107.615205 
 46132224      93.600000    -107.620350 
 46132224      93.600000    -107.623662 
 46132224      93.600000    -107.618949 
 46132224      93.600000    -107.626044 
 46132224      93.600000    -107.623450 
 46132224      93.600000    -107.619133 
 46132224      93.600000    -107.612331 
 46132224      93.600000    -107.601201 
 46132224      93.600000    -107.611654 
 46132224      93.600000    -107.624509 
 46132224      93.600000    -107.629365 
 46132224      93.600000    -107.631155 
 46132224      93.600000    -107.601004 
 46132224      93.600000    -107.613283 
 46132224      93.600000    -107.610673 
 46132224      93.600000    -107.633097 
 46132224      93.600000    -107.614202 
 46132224      93.600000    -107.623423 
 46132224      93.600000    -107.636479 
 46132224      93.600000    -107.646797 
 46132224      93.600000    -107.634598 
 46132224      93.600000    -107.629611 
 46132224      93.600000    -107.628508 
 46132224      93.600000    -107.628025 
 46132224      93.600000    -107.644753 
 46132224      93.600000    -107.634199 
 46132224      93.600000    -107.640789 
 46132224      93.600000    -107.652730 
 46132224      93.600000    -107.612233 
 46132224      93.600000    -107.636186 
 46132224      93.600000    -107.634217 
 46132224      93.600000    -107.653699 
 46132224      93.600000    -107.653373 
 46132224      93.600000    -107.647798 
 46132224      93.600000    -107.644888 
 46132224      93.600000    -107.627382 
 46132224      93.600000    -107.636802 
 46132224      93.600000    -107.636917 
 46132224      93.600000    -107.646960 
 46132224      93.600000    -107.643087 
 46132224      93.600000    -107.636629 
 46132224      93.600000    -107.643862 
 46132224      93.600000    -107.644267 
 46132224      93.600000    -107.641819 
 46132224      93.600000    -107.642786 
 46132224      93.600000    -107.640532 
 46132224      93.600000    -107.629776 
 46132224      93.600000    -107.641989 
 46132224      93.600000    -107.644989 
 46132224      93.600000    -107.636571 
 46132224      93.600000    -107.628224 
 46132224      93.600000    -107.645808 
 46132224      93.600000    -107.644391 
 46132224      93.600000    -107.651758 
 46132224      93.600000    -107.627726 
 46132224      93.600000    -107.658575 
 46132224      93.600000    -107.633053 
 46132224      93.600000    -107.628815 
 46132224      93.600000    -107.625475 
 46132224      93.600000    -107.634837 
 46132224      93.600000    -107.637613 
 46132224      93.600000    -107.642588 
 46132224      93.600000    -107.639959 
 46132224      93.600000    -107.650402 
 46132224      93.600000    -107.635270 
 46132224      93.600000    -107.654660 
 46132224      93.600000    -107.640154 
 46132224      93.600000    -107.625301 
 46132224      93.600000    -107.631712 
 46132224      93.600000    -107.643470 
 46132224      93.600000    -107.623346 
 46132224      93.600000    -107.655525 
 46132224      93.600000    -107.633964 
 46132224      93.600000    -107.631558 
 46132224      93.600000    -107.652899 
 46132224      93.600000    -107.633847 
 46132224      93.600000    -107.635814 
 46132224      93.600000    -107.630896 
 46132224      93.600000    -107.625532 
 46132224      93.600000    -107.661710 
 46132224      93.600000    -107.636632 
 46132224      93.600000    -107.620375 
 46132224      93.600000    -107.612356 
 46132224      93.600000    -107.606736 
 46132224      93.600000    -107.620223 
 46132224      93.600000    -107.599420 
 46132224      93.600000    -107.606519 
 46132224      93.600000    -107.613862 
 46132224      93.600000    -107.607419 
 46132224      93.600000    -107.614685 
 46132224      93.600000    -107.608192 
 46132224      93.600000    -107.617297 
 46132224      93.600000    -107.616911 
 46132224      93.600000    -107.612141 
 46132224      93.600000    -107.630777 
 46132224      93.600000    -107.610040 
 46132224      93.600000    -107.601084 
 46132224      93.600000    -107.604514 
 46132224      93.600000    -107.610142 
 46132224      93.600000    -107.615611 
 46132224      93.600000    -107.614994 
 46132224      93.600000    -107.622005 
 46132224      93.600000    -107.612653 
 46132224      93.600000    -107.622740 
 46132224      93.600000    -107.617221 
 46132224      93.600000    -107.622044 
 46132224      93.600000    -107.607235 
 46132224      93.600000    -107.622027 
 46132224      93.600000    -107.625369 
 46132224      93.600000    -107.614042 
 46132224      93.600000    -107.636382 
 46132224      93.600000    -107.617263 
 46132224      93.600000    -107.602069 
 46132224      93.600000    -107.624232 
 46132224      93.600000    -107.612230 
 46132224      93.600000    -107.604573 
 46132224      93.600000    -107.623621 
 46132224      93.600000    -107.602780 
 46132224      93.600000    -107.615439 
 46132224      93.600000    -107.618520 
 46132224      93.600000    -107.600920 
 46132224      93.600000    -107.616571 
 46132224      93.600000    -107.618260 
 46132224      93.600000    -107.607531 
 46132224      93.600000    -107.612174 
 46132224      93.600000    -107.628794 
 46132224      93.600000    -107.632131 
 46132224      93.600000    -107.602185 
 46132224      93.600000    -107.623182 
 46132224      93.600000    -107.602631 
 46132224      93.600000    -107.645613 
 46132224      93.600000    -107.644022 
 46132224      93.600000    -107.645745 
 46132224      93.600000    -107.636943 
 46132224      93.600000    -107.644358 
 46132224      93.600000    -107.629171 
 46132224      93.600000    -107.636822 
 46132224      93.600000    -107.625840 
 46132224      93.600000    -107.639637 
 46132224      93.600000    -107.630034 
 46132224      93.600000    -107.645343 
 46132224      93.600000    -107.649217 
 46132224      93.600000    -107.631050 
 46132224      93.600000    -107.634833 
 46132224      93.600000    -107.635000 
 46132224      93.600000    -107.630563 
 46132224      93.600000    -107.643083 
 46132224      93.600000    -107.633212 
 46132224      93.600000    -107.644048 
 46132224      93.600000    -107.645371 
 46132224      93.600000    -107.623309 
 46132224      93.600000    -107.655759 
 46132224      93.600000    -107.662999 
 46132224      93.600000    -107.645259 
 46132224      93.600000    -107.626666 
 46132224      93.600000    -107.638476 
 46132224      93.600000    -107.643573 
 46132224      93.600000    -107.632283 
 46132224      93.600000    -107.642138 
 46132224      93.600000    -107.627010 
 46132224      93.600000    -107.635840 
 46132224      93.600000    -107.634020 
 46132224      93.600000    -107.639894 
 46132224      93.600000    -107.624380 
 46132224      93.600000    -107.641574 
 46132224      93.600000    -107.654136 
 46132224      93.600000    -107.636268 
 46132224      93.600000    -107.646339 
 46132224      93.600000    -107.637000 
 46132224      93.600000    -107.633973 
 46132224      93.600000    -107.664960 
 46132224      93.600000    -107.632232 
 46132224      93.600000    -107.641598 
 46132224      93.600000    -107.632083 
 46132224      93.600000    -107.643840 
 46132224      93.600000    -107.638422 
 46132224      93.600000    -107.649825 
 46132224      93.600000    -107.641013 
 46132224      93.600000    -107.639950 
 46132224      93.600000    -107.644434 
 46132224      93.600000    -107.624694 
 46132224      93.600000    -107.638726 
 46132224      93.600000    -107.646429 
 46132224      93.600000    -107.643711 
 46132224      93.600000    -107.648441 
 46132224      93.600000    -107.635587 
 46132224      93.600000    -107.621917 
 46132224      93.600000    -107.628334 
 46132224      93.600000    -107.641474 
 46132224      93.600000    -107.644601 
 46132224      93.600000    -107.652844 
 46132224      93.600000    -107.624242 
 46132224      10.400000    -107.636583 
 46132224      93.600000    -107.606710 
 46132224      93.600000    -107.628880 
 46132224      93.600000    -107.622125 
 46132224      93.600000    -107.612331 
 46132224      93.600000    -107.610766 
 46132224      93.600000    -107.606770 
 46132224      93.600000    -107.602056 
 46132224      93.600000    -107.618853 
 46132224      93.600000    -107.595507 
 46132224      93.600000    -107.605030 
 46132224      93.600000    -107.627727 
 46132224      93.600000    -107.617217 
 46132224      93.600000    -107.615411 
 46132224      93.600000    -107.622483 
 46132224      93.600000    -107.622169 
 46132224      93.600000    -107.606308 
 46132224      93.600000    -107.628681 
 46132224      93.600000    -107.621218 
 46132224      93.600000    -107.611286 
 46132224      93.600000    -107.608044 
 46132224      93.600000    -107.611048 
 46132224      93.600000    -107.598003 
 46132224      93.600000    -107.618430 
 46132224      93.600000    -107.631183 
 46132224      93.600000    -107.626307 
 46132224      93.600000    -107.613625 
 46132224      93.600000    -107.612788 
 46132224      93.600000    -107.612485 
 46132224      93.600000    -107.613766 
 46132224      93.600000    -107.621722 
 46132224      93.600000    -107.602357 
 46132224      93.600000    -107.643598 
 46132224      93.600000    -107.622956 
 46132224      93.600000    -107.613317 
 46132224      93.600000    -107.625206 
 46132224      93.600000    -107.615859 
 46132224      93.600000    -107.618880 
 46132224      93.600000    -107.610058 
 46132224      93.600000    -107.618552 
 46132224      93.600000    -107.622966 
 46132224      93.600000    -107.616345 
 46132224      93.600000    -107.604517 
 46132224      93.600000    -107.615934 
 46132224      93.600000    -107.616886 
 46132224      93.600000    -107.601158 
 46132224      93.600000    -107.604297 
 46132224      93.600000    -107.617756 
 46132224      93.600000    -107.622763 
 46132224      93.600000    -107.624784 
 46132224      93.600000    -107.634861 
 46132224      93.600000    -107.618564 
 46132224      93.600000    -107.614445 
 46132224      93.600000    -107.601909 
 46132224      93.600000    -107.609816 
 46132224      93.600000    -107.620413 
 46132224      93.600000    -107.620868 
 46132224      93.600000    -107.606405 
 46132224      93.600000    -107.643419 
 46132224      93.600000    -107.631991 
 46132224      93.600000    -107.621021 
 46132224      93.600000    -107.632114 
 46132224      93.600000    -107.651440 
 46132224      93.600000    -107.641921 
 46132224      93.600000    -107.641665 
 46132224      93.600000    -107.638061 
 46132224      93.600000    -107.649625 
 46132224      93.600000    -107.638130 
 46132224      93.600000    -107.622439 
 46132224      93.600000    -107.640750 
 46132224      93.600000    -107.645308 
 46132224      93.600000    -107.637587 
 46132224      93.600000    -107.638982 
 46132224      93.600000    -107.639868 
 46132224      93.600000    -107.643799 
 46132224      93.600000    -107.641070 
 46132224      93.600000    -107.630809 
 46132224      93.600000    -107.644922 
 46132224      93.600000    -107.632024 
 46132224      93.600000    -107.628700 
 46132224      93.600000    -107.644893 
 46132224      93.600000    -107.631908 
 46132224      93.600000    -107.640408 
 46132224      93.600000    -107.628554 
 46132224      93.600000    -107.634785 
 46132224      93.600000    -107.643188 
 46132224      93.600000    -107.648105 
 46132224      93.600000    -107.675547 
 46132224      93.600000    -107.642938 
 46132224      93.600000    -107.638268 
 46132224      93.600000    -107.638111 
 46132224      93.600000    -107.644477 
 46132224      93.600000    -107.633246 
 46132224      93.600000    -107.649220 
 46132224      93.600000    -107.637200 
 46132224      93.600000    -107.642753 
 46132224      93.600000    -107.657294 
 46132224      93.600000    -107.634298 
 46132224      93.600000    -107.636801 
 46132224      93.600000    -107.648672 
 46132224      93.600000    -107.643300 
 46132224      93.600000    -107.642922 
 46132224      93.600000    -107.635787 
 46132224      93.600000    -107.639019 
 46132224      93.600000    -107.636562 
 46132224      93.600000    -107.657330 
 46132224      93.600000    -107.634078 
 46132224      93.600000    -107.640063 
 46132224      93.600000    -107.634105 
 46132224      93.600000    -107.625241 
 46132224       0.400000    -107.636548 
 46132224      93.600000    -107.626549 
 46132224      93.600000    -107.624958 
 46132224      93.600000    -107.620701 
 46132224      93.600000    -107.610199 
 46132224      93.600000    -107.601920 
 46132224      93.600000    -107.612738 
 46132224      93.600000    -107.617947 
 46132224      93.600000    -107.615492 
 46132224      93.600000    -107.621618 
 46132224      93.600000    -107.645494 
 46132224      93.600000    -107.610902 
 46132224      93.600000    -107.608619 
 46132224      93.600000    -107.606659 
 46132224      93.600000    -107.638695 
 46132224      93.600000    -107.614847 
 46132224      93.600000    -107.607893 
 46132224      93.600000    -107.607069 
 46132224      93.600000    -107.608246 
 46132224      93.600000    -107.614164 
 46132224      93.600000    -107.617684 
 46132224      93.600000    -107.601148 
 46132224      93.600000    -107.601465 
 46132224      93.600000    -107.620813 
 46132224      93.600000    -107.610474 
 46132224      93.600000    -107.610826 
 46132224      93.600000    -107.607354 
 46132224      93.600000    -107.597603 
 46132224      93.600000    -107.613697 
 46132224      93.600000    -107.619299 
 46132224      93.600000    -107.614288 
 46132224      93.600000    -107.636056 
 46132224      93.600000    -107.622636 
 46132224      93.600000    -107.628587 
 46132224      93.600000    -107.609111 
 46132224      93.600000    -107.628345 
 46132224      93.600000    -107.620310 
 46132224      93.600000    -107.623609 
 46132224      93.600000    -107.605169 
 46132224      93.600000    -107.625246 
 46132224      93.600000    -107.610740 
 46132224      93.600000    -107.613956 
 46132224      93.600000    -107.609217 
 46132224      93.600000    -107.624894 
 46132224      93.600000    -107.605233 
 46132224      93.600000    -107.607115 
 46132224      93.600000    -107.620518 
 46132224      93.600000    -107.628191 
 46132224      93.600000    -107.615382 
 46132224      93.600000    -107.615501 
 46132224      93.600000    -107.617164 
 46132224      93.600000    -107.622947 
 46132224      93.600000    -107.623591 
 46132224      93.600000    -107.628373 
 46132224      93.600000    -107.614048 
 46132224      93.600000    -107.638545 
 46132224      93.600000    -107.642359 
 46132224      93.600000    -107.652714 
 46132224      93.600000    -107.655394 
 46132224      93.600000    -107.628392 
 46132224      93.600000    -107.649956 
 46132224      93.600000    -107.644935 
 46132224      93.600000    -107.647998 
 46132224      93.600000    -107.627744 
 46132224      93.600000    -107.634051 
 46132224      93.600000    -107.652306 
 46132224      93.600000    -107.634096 
 46132224      93.600000    -107.649614 
 46132224      93.600000    -107.659256 
 46132224      93.600000    -107.640016 
 46132224      93.600000    -107.636610 
 46132224      93.600000    -107.648452 
 46132224      93.600000    -107.648404 
 46132224      93.600000    -107.648688 
 46132224      93.600000    -107.627456 
 46132224      93.600000    -107.633131 
 46132224      93.600000    -107.652717 
 46132224      93.600000    -107.654617 
 46132224      93.600000    -107.638164 
 46132224      93.600000    -107.648785 
 46132224      93.600000    -107.630595 
 46132224      93.600000    -107.644955 
 46132224      93.600000    -107.638173 
 46132224      93.600000    -107.635121 
 46132224      93.600000    -107.641242 
 46132224      93.600000    -107.640677 
 46132224      93.600000    -107.636991 
 46132224      93.600000    -107.634843 
 46132224      93.600000    -107.634274 
 46132224      93.600000    -107.636462 
 46132224      93.600000    -107.649308 
 46132224      93.600000    -107.634903 
 46132224      93.600000    -107.630752 
 46132224      93.600000    -107.638423 
 46132224      93.600000    -107.648028 
 46132224      93.600000    -107.622463 
 46132224      93.600000    -107.630091 
 46132224      93.600000    -107.633149 
 46132224      93.600000    -107.629962 
 46132224      93.600000    -107.654390 
 46132224      93.600000    -107.636547 
 46132224      93.600000    -107.635857 
 46132224      93.600000    -107.644484 
 46132224      93.600000    -107.630024 
 46134784      93.600000    -102.674991 
 46134784      93.600000    -102.671124 
 46134784      93.600000    -102.664287 
 46134784      93.600000    -102.673774 
 46134784      93.600000    -102.657158 
 46134784      93.600000    -102.675387 
 46134784      93.600000    -102.669683 
 46134784      93.600000    -102.659974 
 46134784      93.600000    -102.671474 
 46134784      93.600000    -102.673949 
 46134784      93.600000    -102.670141 
 46134784      93.600000    -102.662899 
 46134784      93.600000    -102.682692 
 46134784      93.600000    -102.672258 
 46134784      93.600000    -102.670645 
 46134784      93.600000    -102.652690 
 46134784      93.600000    -102.673278 
 46134784      93.600000    -102.668497 
 46134784      93.600000    -102.673087 
 46134784      93.600000    -102.682773 
 46134784      93.600000    -102.661940 
 46134784      93.600000    -102.667692 
 46134784      93.600000    -102.670546 
 46134784      93.600000    -102.677229 
 46134784      93.600000    -102.675883 
 46134784      93.600000    -102.662563 
 46134784      93.600000    -102.668721 
 46134784      93.600000    -102.668134 
 46134784      93.600000    -102.654684 
 46134784      93.600000    -102.672561 
 46134784      93.600000    -102.669782 
 46134784      93.600000    -102.675503 
 46134784      93.600000    -102.667103 
 46134784      93.600000    -102.660893 
 46134784      93.600000    -102.662632 
 46134784      93.600000    -102.660281 
 46134784      93.600000    -102.673538 
 46134784      93.600000    -102.657886 
 46134784      93.600000    -102.662525 
 46134784      93.600000    -102.689896 
 46134784      93.600000    -102.655402 
 46134784      93.600000    -102.659648 
 46134784      93.600000    -102.682946 
 46134784      93.600000    -102.665080 
 46134784      93.600000    -102.662738 
 46134784      93.600000    -102.666878 
 46134784      93.600000    -102.667331 
 46134784      93.600000    -102.674308 
 46134784      93.600000    -102.649134 
 46134784      93.600000    -102.667328 
 46134784      93.600000    -102.646071 
 46134784      93.600000    -102.670600 
 46134784      93.600000    -102.661753 
 46134784      93.600000    -102.647957 
 46134784      93.600000    -102.657700 
 46134784      93.600000    -102.660941 
 46134784      93.600000    -102.661455 
 46134784      93.600000    -102.674752 
 46134784      93.600000    -102.686511 
 46134784      93.600000    -102.657081 
 46134784      93.600000    -102.672284 
 46134784      93.600000    -102.669048 
 46134784      93.600000    -102.660592 
 46134784      93.600000    -102.694364 
 46134784      93.600000    -102.683652 
 46134784      93.600000    -102.691588 
 46134784      93.600000    -102.694267 
 46134784      93.600000    -102.674899 
 46134784      93.600000    -102.683460 
 46134784      93.600000    -102.676440 
 46134784      93.600000    -102.686010 
 46134784      93.600000    -102.678535 
 46134784      93.600000    -102.674738 
 46134784      93.600000    -102.685846 
 46134784      93.600000    -102.701923 
 46134784      93.600000    -102.687311 
 46134784      93.600000    -102.673716 
 46134784      93.600000    -102.701353 
 46134784      93.600000    -102.705318 
 46134784      93.600000    -102.687400 
 46134784      93.600000    -102.695264 
 46134784      93.600000    -102.687954 
 46134784      93.600000    -102.682330 
 46134784      93.600000    -102.693227 
 46134784      93.600000    -102.682189 
 46134784      93.600000    -102.667678 
 46134784      93.600000    -102.676906 
 46134784      93.600000    -102.691251 
 46134784      93.600000    -102.694024 
 46134784      93.600000    -102.670038 
 46134784      93.600000    -102.679075 
 46134784      93.600000    -102.660741 
 46134784      93.600000    -102.680635 
 46134784      93.600000    -102.707150 
 46134784      93.600000    -102.693830 
 46134784      93.600000    -102.686805 
 46134784      93.600000    -102.689645 
 46134784      93.600000    -102.681223 
 46134784      93.600000    -102.670559 
 46134784      93.600000    -102.665180 
 46134784      93.600000    -102.686357 
 46134784      93.600000    -102.679297 
 46134784      93.600000    -102.682842 
 46134784      93.600000    -102.684546 
 46134784      93.600000    -102.692073 
 46134784      93.600000    -102.691624 
 46134784      93.600000    -102.689121 
 46134784      93.600000    -102.684893 
 46134784      93.600000    -102.683146 
 46134784      93.600000    -102.684913 
 46134784      93.600000    -102.676693 
 46134784      93.600000    -102.689427 
 46134784      93.600000    -102.700224 
 46134784      93.600000    -102.686734 
 46134784      93.600000    -102.680338 
 46134784      93.600000    -102.665220 
 46134784      93.600000    -102.666583 
 46134784      93.600000    -102.681220 
 46134784      93.600000    -102.647681 
 46134784      93.600000    -102.662422 
 46134784      93.600000    -102.677534 
 46134784      93.600000    -102.673443 
 46134784      93.600000    -102.671537 
 46134784      93.600000    -102.671160 
 46134784      93.600000    -102.659442 
 46134784      93.600000    -102.684593 
 46134784      93.600000    -102.667208 
 46134784      93.600000    -102.679921 
 46134784      93.600000    -102.665105 
 46134784      93.600000    -102.661691 
 46134784      93.600000    -102.658923 
 46134784      93.600000    -102.659941 
 46134784      93.600000    -102.665580 
 46134784      93.600000    -102.667058 
 46134784      93.600000    -102.675549 
 46134784      93.600000    -102.673958 
 46134784      93.600000    -102.668433 
 46134784      93.600000    -102.690981 
 46134784      93.600000    -102.656938 
 46134784      93.600000    -102.683013 
 46134784      93.600000    -102.674486 
 46134784      93.600000    -102.674461 
 46134784      93.600000    -102.673521 
 46134784      93.600000    -102.666221 
 46134784      93.600000    -102.664296 
 46134784      93.600000    -102.667862 
 46134784      93.600000    -102.671442 
 46134784      93.600000    -102.667974 
 46134784      93.600000    -102.656877 
 46134784      93.600000    -102.694625 
 46134784      93.600000    -102.667202 
 46134784      93.600000    -102.676651 
 46134784      93.600000    -102.664995 
 46134784      93.600000    -102.669126 
 46134784      93.600000    -102.652110 
 46134784      93.600000    -102.659610 
 46134784      93.600000    -102.657019 
 46134784      93.600000    -102.659276 
 46134784      93.600000    -102.657466 
 46134784      93.600000    -102.671898 
 46134784      93.600000    -102.662399 
 46134784      93.600000    -102.658971 
 46134784      93.600000    -102.668732 
 46134784      93.600000    -102.664411 
 46134784      93.600000    -102.672436 
 46134784      93.600000    -102.662240 
 46134784      93.600000    -102.673412 
 46134784      93.600000    -102.676769 
 46134784      93.600000    -102.665755 
 46134784      93.600000    -102.658239 
 46134784      93.600000    -102.669585 
 46134784      93.600000    -102.666210 
 46134784      93.600000    -102.668017 
 46134784      93.600000    -102.655843 
 46134784      93.600000    -102.689086 
 46134784      93.600000    -102.675938 
 46134784      93.600000    -102.672519 
 46134784      93.600000    -102.695322 
 46134784      93.600000    -102.698365 
 46134784      93.600000    -102.673350 
 46134784      93.600000    -102.694091 
 46134784      93.600000    -102.693733 
 46134784      93.600000    -102.672565 
 46134784      93.600000    -102.688416 
 46134784      93.600000    -102.696229 
 46134784      93.600000    -102.687253 
 46134784      93.600000    -102.679691 
 46134784      93.600000    -102.694909 
 46134784      93.600000    -102.676205 
 46134784      93.600000    -102.688268 
 46134784      93.600000    -102.696291 
 46134784      93.600000    -102.691962 
 46134784      93.600000    -102.673462 
 46134784      93.600000    -102.677748 
 46134784      93.600000    -102.691914 
 46134784      93.600000    -102.700015 
 46134784      93.600000    -102.699526 
 46134784      93.600000    -102.686864 
 46134784      93.600000    -102.689908 
 46134784      93.600000    -102.676170 
 46134784      93.600000    -102.676173 
 46134784      93.600000    -102.686163 
 46134784      93.600000    -102.680218 
 46134784      93.600000    -102.676896 
 46134784      93.600000    -102.686083 
 46134784      93.600000    -102.687870 
 46134784      93.600000    -102.690983 
 46134784      93.600000    -102.678304 
 46134784      93.600000    -102.696052 
 46134784      93.600000    -102.697577 
 46134784      93.600000    -102.686109 
 46134784      93.600000    -102.690740 
 46134784      93.600000    -102.682146 
 46134784      93.600000    -102.685832 
 46134784      93.600000    -102.675591 
 46134784      93.600000    -102.699160 
 46134784      93.600000    -102.693424 
 46134784      93.600000    -102.693144 
 46134784      93.600000    -102.697239 
 46134784      93.600000    -102.692459 
 46134784      93.600000    -102.693249 
 46134784      93.600000    -102.695004 
 46134784      93.600000    -102.696244 
 46134784      93.600000    -102.682534 
 46134784      93.600000    -102.684178 
 46134784      93.600000    -102.687786 
 46134784      93.600000    -102.692991 
 46134784      93.600000    -102.723149 
 46134784      93.600000    -102.690192 
 46134784       0.400000    -102.675043 
 46134784      10.400000    -102.674999 
 46134784      93.600000    -102.657163 
 46134784      93.600000    -102.683700 
 46134784      93.600000    -102.656826 
 46134784      93.600000    -102.656161 
 46134784      93.600000    -102.684211 
 46134784      93.600000    -102.679500 
 46134784      93.600000    -102.676355 
 46134784      93.600000    -102.661325 
 46134784      93.600000    -102.666458 
 46134784      93.600000    -102.677410 
 46134784      93.600000    -102.678941 
 46134784      93.600000    -102.663241 
 46134784      93.600000    -102.664538 
 46134784      93.600000    -102.665456 
 46134784      93.600000    -102.663749 
 46134784      93.600000    -102.675750 
 46134784      93.600000    -102.645371 
 46134784      93.600000    -102.673478 
 46134784      93.600000    -102.658714 
 46134784      93.600000    -102.682597 
 46134784      93.600000    -102.670034 
 46134784      93.600000    -102.662431 
 46134784      93.600000    -102.657807 
 46134784      93.600000    -102.670970 
 46134784      93.600000    -102.672523 
 46134784      93.600000    -102.647129 
 46134784      93.600000    -102.663882 
 46134784      93.600000    -102.668023 
 46134784      93.600000    -102.667549 
 46134784      93.600000    -102.665068 
 46134784      93.600000    -102.684969 
 46134784      93.600000    -102.659016 
 46134784      93.600000    -102.656908 
 46134784      93.600000    -102.649927 
 46134784      93.600000    -102.659249 
 46134784      93.600000    -102.668495 
 46134784      93.600000    -102.663738 
 46134784      93.600000    -102.675506 
 46134784      93.600000    -102.666349 
 46134784      93.600000    -102.662414 
 46134784      93.600000    -102.670928 
 46134784      93.600000    -102.674869 
 46134784      93.600000    -102.666942 
 46134784      93.600000    -102.658852 
 46134784      93.600000    -102.644102 
 46134784      93.600000    -102.682038 
 46134784      93.600000    -102.672084 
 46134784      93.600000    -102.666300 
 46134784      93.600000    -102.681810 
 46134784      93.600000    -102.709549 
 46134784      93.600000    -102.684071 
 46134784      93.600000    -102.683195 
 46134784      93.600000    -102.690636 
 46134784      93.600000    -102.689639 
 46134784      93.600000    -102.690810 
 46134784      93.600000    -102.671478 
 46134784      93.600000    -102.687921 
 46134784      93.600000    -102.692100 
 46134784      93.600000    -102.685034 
 46134784      93.600000    -102.683060 
 46134784      93.600000    -102.673881 
 46134784      93.600000    -102.702361 
 46134784      93.600000    -102.678064 
 46134784      93.600000    -102.685720 
 46134784      93.600000    -102.669674 
 46134784      93.600000    -102.688062 
 46134784      93.600000    -102.692841 
 46134784      93.600000    -102.679707 
 46134784      93.600000    -102.705384 
 46134784      93.600000    -102.681120 
 46134784      93.600000    -102.677224 
 46134784      93.600000    -102.692293 
 46134784      93.600000    -102.696202 
 46134784      93.600000    -102.687924 
 46134784      93.600000    -102.686990 
 46134784      93.600000    -102.676778 
 46134784      93.600000    -102.684076 
 46134784      93.600000    -102.675205 
 46134784      93.600000    -102.680289 
 46134784      93.600000    -102.686650 
 46134784      93.600000    -102.694330 
 46134784      93.600000    -102.696082 
 46134784      93.600000    -102.676617 
 46134784      93.600000    -102.685701 
 46134784      93.600000    -102.689262 
 46134784      93.600000    -102.677795 
 46134784      93.600000    -102.696341 
 46134784      93.600000    -102.685150 
 46134784      93.600000    -102.671760 
 46134784      93.600000    -102.702480 
 46134784      93.600000    -102.694017 
 46134784      93.600000    -102.671361 
 46134784      93.600000    -102.685638 
 46134784      93.600000    -102.691129 
 46134784      93.600000    -102.686750 
 46134784      93.600000    -102.711084 
 46134784      93.600000    -102.676256 
 46134784      93.600000    -102.696323 
 46134784      93.600000    -102.685869 
 46134784      93.600000    -102.678454 
 46134784      93.600000    -102.690128 
 46134784      93.600000    -102.692758 
 46134784      93.600000    -102.673128 
 46134784      93.600000    -102.691242 
 46134784      93.600000    -102.698755 
 46134784      93.600000    -102.687319 
 46134784      93.600000    -102.683844 
 46134784      93.600000    -102.669692 
 46134784      93.600000    -102.663765 
 46134784      93.600000    -102.675360 
 46134784      93.600000    -102.671343 
 46134784      93.600000    -102.657398 
 46134784      93.600000    -102.655690 
 46134784      93.600000    -102.672621 
 46134784      93.600000    -102.669851 
 46134784      93.600000    -102.664396 
 46134784      93.600000    -102.680501 
 46134784      93.600000    -102.642255 
 46134784      93.600000    -102.681455 
 46134784      93.600000    -102.650383 
 46134784      93.600000    -102.666522 
 46134784      93.600000    -102.671504 
 46134784      93.600000    -102.685312 
 46134784      93.600000    -102.669914 
 46134784      93.600000    -102.668371 
 46134784      93.600000    -102.667841 
 46134784      93.600000    -102.662682 
 46134784      93.600000    -102.656067 
 46134784      93.600000    -102.659029 
 46134784      93.600000    -102.669855 
 46134784      93.600000    -102.655173 
 46134784      93.600000    -102.667641 
 46134784      93.600000    -102.674677 
 46134784      93.600000    -102.670993 
 46134784      93.600000    -102.662222 
 46134784      93.600000    -102.660523 
 46134784      93.600000    -102.666269 
 46134784      93.600000    -102.669163 
 46134784      93.600000    -102.656526 
 46134784      93.600000    -102.663183 
 46134784      93.600000    -102.675689 
 46134784      93.600000    -102.671585 
 46134784      93.600000    -102.661364 
 46134784      93.600000    -102.677160 
 46134784      93.600000    -102.668957 
 46134784      93.600000    -102.665916 
 46134784      93.600000    -102.676102 
 46134784      93.600000    -102.676110 
 46134784      93.600000    -102.679963 
 46134784      93.600000    -102.655107 
 46134784      93.600000    -102.650049 
 46134784      93.600000    -102.655566 
 46134784      93.600000    -102.671392 
 46134784      93.600000    -102.665663 
 46134784      93.600000    -102.657852 
 46134784      93.600000    -102.687264 
 46134784      93.600000    -102.662187 
 46134784      93.600000    -102.680108 
 46134784      93.600000    -102.675789 
 46134784      93.600000    -102.670392 
 46134784      93.600000    -102.689891 
 46134784      93.600000    -102.653880 
 46134784      93.600000    -102.689096 
 46134784      93.600000    -102.694557 
 46134784      93.600000    -102.691327 
 46134784      93.600000    -102.690163 
 46134784      93.600000    -102.685914 
 46134784      93.600000    -102.681076 
 46134784      93.600000    -102.697206 
 46134784      93.600000    -102.690281 
 46134784      93.600000    -102.684548 
 46134784      93.600000    -102.693741 
 46134784      93.600000    -102.680975 
 46134784      93.600000    -102.694525 
 46134784      93.600000    -102.683716 
 46134784      93.600000    -102.705690 
 46134784      93.600000    -102.684509 
 46134784      93.600000    -102.689559 
 46134784      93.600000    -102.682742 
 46134784      93.600000    -102.672653 
 46134784      93.600000    -102.691570 
 46134784      93.600000    -102.672628 
 46134784      93.600000    -102.693745 
 46134784      93.600000    -102.696561 
 46134784      93.600000    -102.701941 
 46134784      93.600000    -102.691324 
 46134784      93.600000    -102.690981 
 46134784      93.600000    -102.694510 
 46134784      93.600000    -102.676499 
 46134784      93.600000    -102.692399 
 46134784      93.600000    -102.666052 
 46134784      93.600000    -102.680083 
 46134784      93.600000    -102.683781 
 46134784      93.600000    -102.685996 
 46134784      93.600000    -102.686711 
 46134784      93.600000    -102.679347 
 46134784      93.600000    -102.685399 
 46134784      93.600000    -102.684666 
 46134784      93.600000    -102.681037 
 46134784      93.600000    -102.675489 
 46134784      93.600000    -102.672617 
 46134784      93.600000    -102.692118 
 46134784      93.600000    -102.673272 
 46134784      93.600000    -102.689675 
 46134784      93.600000    -102.699071 
 46134784      93.600000    -102.679759 
 46134784      93.600000    -102.695839 
 46134784      93.600000    -102.671749 
 46134784      93.600000    -102.675545 
 46134784      93.600000    -102.689289 
 46134784      93.600000    -102.680100 
 46134784      93.600000    -102.693445 
 46134784      93.600000    -102.683976 
 46134784      93.600000    -102.693932 
 46134784      93.600000    -102.677797 
 46134784      93.600000    -102.682028 
 46134784      93.600000    -102.685168 
 46134784      93.600000    -102.678942 
 46134784      93.600000    -102.688070 
 46134784      93.600000    -102.688386 
 46134784      93.600000    -102.686105 
