# 1 AORKEY
# 2 EXPTIME
# 3 CROTA2
4757248 96.800000 -111.901214
4757248 96.800000 -111.899525
4757248 96.800000 -111.902151
4757248 96.800000 -111.901593
4757248 96.800000 -111.899837
4757248 96.800000 -111.900766
4757248 96.800000 -111.899972
4757248 96.800000 -111.901407
4757248 96.800000 -111.903059
4757248 96.800000 -111.899750
4757248 96.800000 -111.899971
4757248 0.400000 -111.905644
4757248 96.800000 -111.902415
4757248 96.800000 -111.903126
4757248 96.800000 -111.901815
4757248 96.800000 -111.905631
4757248 96.800000 -111.904186
4757248 96.800000 -111.904519
4757248 96.800000 -111.905302
4757248 96.800000 -111.904856
4757248 96.800000 -111.903724
4757248 96.800000 -111.907002
4757248 96.800000 -111.899642
4757248 96.800000 -111.901610
4757248 96.800000 -111.900232
4757248 96.800000 -111.903031
4757248 96.800000 -111.904826
4757248 96.800000 -111.903303
4757248 96.800000 -111.907393
4757248 10.400000 -111.905648
