## Bullet cluster, IRAC ch1 observation
# 1 AOR
# 2 EXPTIME
# 3 CROTA2
 12674048      96.800000      25.253002 
 12674048      96.800000      25.210816 
 12674048      96.800000      25.192937 
 12674048      96.800000      25.251729 
 12674048      96.800000      25.261748 
 12674048      96.800000      25.225178 
 12674048      96.800000      25.227135 
 12674048      96.800000      25.230546 
 12674048      96.800000      25.226098 
 12674048      96.800000      25.241241 
 12674048      96.800000      25.403644 
 12674048      96.800000      25.370339 
 12674048      96.800000      25.367646 
 12674048      96.800000      25.388753 
 12674048      96.800000      25.365254 
 12674048      96.800000      25.366712 
 12674048      96.800000      25.389385 
 12674048      96.800000      25.378304 
 12674048      96.800000      25.378253 
 12674048      96.800000      25.234944 
 12674048      96.800000      25.235156 
 12674048      96.800000      25.262047 
 12674048      96.800000      25.210870 
 12674048      96.800000      25.225365 
 12674048      96.800000      25.220778 
 12674048      96.800000      25.226370 
 12674048      96.800000      25.239560 
 12674048      96.800000      25.232115 
 12674048      96.800000      25.403815 
 12674048      96.800000      25.379979 
 12674048      96.800000      25.389451 
 12674048      96.800000      25.378070 
 12674048      96.800000      25.370606 
 12674048      96.800000      25.389463 
 12674048      96.800000      25.388668 
 12674048      96.800000      25.375568 
 12674048      96.800000      25.365495 
 12674048      96.800000      25.389426 
 12674048      10.400000      25.252966 
 12674048       0.400000      25.252949 
 12674048      96.800000      25.192992 
 12674048      96.800000      25.251404 
 12674048      96.800000      25.216408 
 12674048      96.800000      25.225890 
 12674048      96.800000      25.216400 
 12674048      96.800000      25.230666 
 12674048      96.800000      25.239412 
 12674048      96.800000      25.258990 
 12674048      96.800000      25.232211 
 12674048      96.800000      25.218951 
 12674048      96.800000      25.241372 
 12674048      96.800000      25.379976 
 12674048      96.800000      25.378021 
 12674048      96.800000      25.370781 
 12674048      96.800000      25.377113 
 12674048      96.800000      25.389524 
 12674048      96.800000      25.390388 
 12674048      96.800000      25.375404 
 12674048      96.800000      25.366619 
 12674048      96.800000      25.383103 
 12674048      96.800000      25.382839 
 12674048      96.800000      25.252983 
 12674048      96.800000      25.210791 
 12674048      96.800000      25.203774 
 12674048      96.800000      25.225843 
 12674048      96.800000      25.210707 
 12674048      96.800000      25.203727 
 12674048      96.800000      25.226928 
 12674048      96.800000      25.220852 
 12674048      96.800000      25.259106 
 12674048      96.800000      25.219129 
 12674048      96.800000      25.389564 
 12674048      96.800000      25.363864 
 12674048      96.800000      25.363626 
 12674048      96.800000      25.370467 
 12674048      96.800000      25.377265 
 12674048      96.800000      25.367745 
 12674048      96.800000      25.390447 
 12674048      96.800000      25.360963 
 12674048      96.800000      25.360943 
 12674048      96.800000      25.378262 
 12674048      96.800000      25.378237 
 31481344      93.600000     -58.156499 
 31481344      93.600000     -58.166950 
 31481344      93.600000     -58.218209 
 31481344      93.600000     -58.198525 
 31481344      93.600000     -58.195672 
 31481344      93.600000     -58.178856 
 31481344      93.600000     -58.179596 
 31481344      93.600000     -58.186783 
 31481344      93.600000     -58.180434 
 31481344      93.600000     -58.189384 
 31481344      93.600000     -58.187559 
 31481344      93.600000     -58.169026 
 31481344      93.600000     -58.171730 
 31481344      93.600000     -58.198951 
 31481344      93.600000     -58.173850 
 31481344      93.600000     -58.194738 
 31481344      93.600000     -58.193976 
 31481344      93.600000     -58.193498 
 31481344      93.600000     -58.175106 
 31481344      93.600000     -58.290141 
 31481344      93.600000     -58.296668 
 31481344      93.600000     -58.279484 
 31481344      93.600000     -58.293899 
 31481344      93.600000     -58.269551 
 31481344      93.600000     -58.292177 
 31481344      93.600000     -58.305983 
 31481344      93.600000     -58.251310 
 31481344      93.600000     -58.296932 
 31481344      93.600000     -58.301501 
 31481344      93.600000     -58.286902 
 31481344      93.600000     -58.281598 
 31481344      93.600000     -58.267206 
 31481344      93.600000     -58.264810 
 31481344      93.600000     -58.281646 
 31481344      93.600000     -58.286819 
 31481344      93.600000     -58.276299 
 31481344      93.600000     -58.310800 
 31481344      93.600000     -58.279094 
 31481344      93.600000     -58.276913 
 31481344      93.600000     -58.276444 
 31481344      93.600000     -58.269832 
 31481344      93.600000     -58.248494 
 31481344       0.400000     -58.199775 
 31481344      93.600000     -58.194424 
 31481344      93.600000     -58.185521 
 31481344      93.600000     -58.205270 
 31481344      93.600000     -58.197471 
 31481344      93.600000     -58.209589 
 31481344      93.600000     -58.190574 
 31481344      93.600000     -58.206208 
 31481344      93.600000     -58.216426 
 31481344      93.600000     -58.207663 
 31481344      93.600000     -58.165813 
 31481344      93.600000     -58.198331 
 31481344      93.600000     -58.187125 
 31481344      93.600000     -58.196389 
 31481344      93.600000     -58.164818 
 31481344      93.600000     -58.183812 
 31481344      93.600000     -58.195117 
 31481344      93.600000     -58.230804 
 31481344      93.600000     -58.199479 
 31481344      93.600000     -58.179440 
 31481344      93.600000     -58.181382 
 31481344      93.600000     -58.194093 
 31481344      93.600000     -58.217819 
 31481344      93.600000     -58.193002 
 31481344      93.600000     -58.209768 
 31481344      93.600000     -58.170916 
 31481344      93.600000     -58.200836 
 31481344      93.600000     -58.272901 
 31481344      93.600000     -58.291072 
 31481344      93.600000     -58.258668 
 31481344      93.600000     -58.315947 
 31481344      93.600000     -58.297207 
 31481344      93.600000     -58.290033 
 31481344      93.600000     -58.269344 
 31481344      93.600000     -58.270758 
 31481344      93.600000     -58.310812 
 31481344      93.600000     -58.254529 
 31481344      93.600000     -58.291807 
 31481344      93.600000     -58.284693 
 31481344      93.600000     -58.280880 
 31481344      93.600000     -58.268261 
 31481344      93.600000     -58.284789 
 31481344      93.600000     -58.299238 
 31481344      93.600000     -58.276637 
 31481344      93.600000     -58.298233 
 31481344      93.600000     -58.269716 
 31481344      93.600000     -58.264681 
 31481344      93.600000     -58.282753 
 31481344      93.600000     -58.303235 
 31481344      93.600000     -58.268950 
 31481344      10.400000     -58.199773 
 31481344      93.600000     -58.204740 
 31481344      93.600000     -58.183696 
 31481344      93.600000     -58.190871 
 31481344      93.600000     -58.173962 
 31481344      93.600000     -58.165210 
 31481344      93.600000     -58.169060 
 31481344      93.600000     -58.197302 
 31481344      93.600000     -58.210181 
 31481344      93.600000     -58.159640 
 31481344      93.600000     -58.194249 
 31481344      93.600000     -58.195248 
 31481344      93.600000     -58.205185 
 31481344      93.600000     -58.184418 
 31481344      93.600000     -58.188639 
 31481344      93.600000     -58.161941 
 31481344      93.600000     -58.180529 
 31481344      93.600000     -58.200787 
 31481344      93.600000     -58.178161 
 31481344      93.600000     -58.188852 
 31481344      93.600000     -58.191215 
 31481344      93.600000     -58.304813 
 31481344      93.600000     -58.242202 
 31481344      93.600000     -58.278021 
 31481344      93.600000     -58.251212 
 31481344      93.600000     -58.284332 
 31481344      93.600000     -58.279919 
 31481344      93.600000     -58.264157 
 31481344      93.600000     -58.298250 
 31481344      93.600000     -58.269923 
 31481344      93.600000     -58.273014 
 31481344      93.600000     -58.273313 
 31481344      93.600000     -58.295567 
 31481344      93.600000     -58.291929 
 31481344      93.600000     -58.276968 
 31481344      93.600000     -58.283906 
 31481344      93.600000     -58.289786 
 31481344      93.600000     -58.283411 
 31481344      93.600000     -58.290846 
 31481344      93.600000     -58.281642 
 31481344      93.600000     -58.302707 
 31481344      93.600000     -58.260341 
 31481344      93.600000     -58.282148 
 31481344      93.600000     -58.287615 
 31481344      93.600000     -58.283555 
 31481344      93.600000     -58.196765 
 31481344      93.600000     -58.199736 
 31481344      93.600000     -58.212563 
 31481344      93.600000     -58.180989 
 31481344      93.600000     -58.184687 
 31481344      93.600000     -58.202382 
 31481344      93.600000     -58.203669 
 31481344      93.600000     -58.134486 
 31481344      93.600000     -58.214295 
 31481344      93.600000     -58.202612 
 31481344      93.600000     -58.197590 
 31481344      93.600000     -58.191695 
 31481344      93.600000     -58.209819 
 31481344      93.600000     -58.198557 
 31481344      93.600000     -58.179850 
 31481344      93.600000     -58.182797 
 31481344      93.600000     -58.207739 
 31481344      93.600000     -58.192105 
 31481344      93.600000     -58.171261 
 31481344      93.600000     -58.188342 
 31481344      93.600000     -58.186673 
 31481344      93.600000     -58.213935 
 31481344      93.600000     -58.200777 
 31481344      93.600000     -58.213230 
 31481344      93.600000     -58.171581 
 31481344      93.600000     -58.270320 
 31481344      93.600000     -58.264729 
 31481344      93.600000     -58.290077 
 31481344      93.600000     -58.280679 
 31481344      93.600000     -58.307219 
 31481344      93.600000     -58.268598 
 31481344      93.600000     -58.277958 
 31481344      93.600000     -58.281163 
 31481344      93.600000     -58.292340 
 31481344      93.600000     -58.276481 
 31481344      93.600000     -58.300594 
 31481344      93.600000     -58.280131 
 31481344      93.600000     -58.244077 
 31481344      93.600000     -58.289179 
 31481344      93.600000     -58.265692 
 31481344      93.600000     -58.306418 
 31481344      93.600000     -58.271873 
 31481344      93.600000     -58.246321 
 31481344      93.600000     -58.255513 
 31481344      93.600000     -58.292494 
 31481600      93.600000      90.636307 
 31481600      93.600000      90.620072 
 31481600      93.600000      90.634519 
 31481600      93.600000      90.604545 
 31481600      93.600000      90.641968 
 31481600      93.600000      90.630450 
 31481600      93.600000      90.633186 
 31481600      93.600000      90.628264 
 31481600      93.600000      90.620522 
 31481600      93.600000      90.618234 
 31481600      93.600000      90.619306 
 31481600      93.600000      90.623130 
 31481600      93.600000      90.660284 
 31481600      93.600000      90.625829 
 31481600      93.600000      90.625340 
 31481600      93.600000      90.615844 
 31481600      93.600000      90.650847 
 31481600      93.600000      90.645265 
 31481600      93.600000      90.637627 
 31481600      93.600000      90.631047 
 31481600      93.600000      90.635918 
 31481600      93.600000      90.664286 
 31481600      93.600000      90.638544 
 31481600      93.600000      90.634283 
 31481600      93.600000      90.641401 
 31481600      93.600000      90.609901 
 31481600      93.600000      90.622387 
 31481600      93.600000      90.632548 
 31481600      93.600000      90.642599 
 31481600      93.600000      90.630765 
 31481600      93.600000      90.605925 
 31481600      93.600000      90.623710 
 31481600      93.600000      90.656194 
 31481600      93.600000      90.635674 
 31481600      93.600000      90.638225 
 31481600      93.600000      90.679851 
 31481600      93.600000      90.645177 
 31481600      93.600000      90.650813 
 31481600      93.600000      90.631896 
 31481600      93.600000      90.612622 
 31481600      93.600000      90.649080 
 31481600      93.600000      90.636560 
 31481600      93.600000      90.620987 
 31481600      93.600000      90.601300 
 31481600      93.600000      90.645139 
 31481600      93.600000      90.629748 
 31481600      93.600000      90.623903 
 31481600      93.600000      90.634891 
 31481600      93.600000      90.628510 
 31481600      93.600000      90.666108 
 31481600      93.600000      90.628059 
 31481600      93.600000      90.645780 
 31481600      93.600000      90.647290 
 31481600      93.600000      90.609531 
 31481600      93.600000      90.630900 
 31481600      93.600000      90.620623 
 31481600      93.600000      90.634920 
 31481600      93.600000      90.631390 
 31481600      93.600000      90.633956 
 31481600      93.600000      90.633992 
 31481600      93.600000      90.630765 
 31481600      93.600000      90.648421 
 31481600      93.600000      90.615889 
 31481600      93.600000      90.637601 
 31481600      93.600000      90.663760 
 31481600      93.600000      90.665098 
 31481600      93.600000      90.651609 
 31481600      93.600000      90.654282 
 31481600      93.600000      90.650277 
 31481600      93.600000      90.622017 
 31481600      93.600000      90.642320 
 31481600      93.600000      90.624457 
 31481600      93.600000      90.647738 
 31481600      93.600000      90.639797 
 31481600      93.600000      90.668543 
 31481600      93.600000      90.623663 
 31481600      93.600000      90.620896 
 31481600      93.600000      90.634224 
 31481600      93.600000      90.637205 
 31481600      93.600000      90.648215 
 31481600      93.600000      90.664772 
 31481600      93.600000      90.638262 
 31481600      93.600000      90.637770 
 31481600      93.600000      90.652675 
 31481600      93.600000      90.659882 
 31481600      93.600000      90.653316 
 31481600      93.600000      90.619882 
 31481600       0.400000      90.612938 
 31481600      93.600000      90.654493 
 31481600      93.600000      90.617898 
 31481600      93.600000      90.660491 
 31481600      93.600000      90.630884 
 31481600      93.600000      90.640160 
 31481600      93.600000      90.630821 
 31481600      93.600000      90.634228 
 31481600      93.600000      90.621577 
 31481600      93.600000      90.645703 
 31481600      93.600000      90.617631 
 31481600      93.600000      90.608358 
 31481600      93.600000      90.620936 
 31481600      93.600000      90.636987 
 31481600      93.600000      90.614843 
 31481600      93.600000      90.616116 
 31481600      93.600000      90.635214 
 31481600      93.600000      90.641735 
 31481600      93.600000      90.637321 
 31481600      93.600000      90.638988 
 31481600      93.600000      90.627550 
 31481600      93.600000      90.635026 
 31481600      93.600000      90.578736 
 31481600      93.600000      90.615166 
 31481600      93.600000      90.635164 
 31481600      93.600000      90.653648 
 31481600      93.600000      90.649911 
 31481600      93.600000      90.653230 
 31481600      93.600000      90.634892 
 31481600      93.600000      90.649103 
 31481600      93.600000      90.590163 
 31481600      93.600000      90.655341 
 31481600      93.600000      90.644308 
 31481600      93.600000      90.636542 
 31481600      93.600000      90.636488 
 31481600      93.600000      90.650373 
 31481600      93.600000      90.619733 
 31481600      93.600000      90.649374 
 31481600      93.600000      90.651320 
 31481600      93.600000      90.651441 
 31481600      93.600000      90.626841 
 31481600      93.600000      90.627123 
 31481600      93.600000      90.624028 
 31481600      93.600000      90.653501 
 31481600      93.600000      90.673415 
 31481600      93.600000      90.618704 
 31481600      93.600000      90.627125 
 31481600      93.600000      90.609438 
 31481600      93.600000      90.637931 
 31481600      10.400000      90.613227 
 31481600      93.600000      90.677663 
 31481600      93.600000      90.642898 
 31481600      93.600000      90.627358 
 31481600      93.600000      90.635359 
 31481600      93.600000      90.622391 
 31481600      93.600000      90.646224 
 31481600      93.600000      90.658804 
 31481600      93.600000      90.631600 
 31481600      93.600000      90.653056 
 31481600      93.600000      90.646719 
 31481600      93.600000      90.627576 
 31481600      93.600000      90.587818 
 31481600      93.600000      90.604524 
 31481600      93.600000      90.653036 
 31481600      93.600000      90.644474 
 31481600      93.600000      90.630875 
 31481600      93.600000      90.649401 
 31481600      93.600000      90.640333 
 31481600      93.600000      90.623647 
 31481600      93.600000      90.653663 
 31481600      93.600000      90.638189 
 31481600      93.600000      90.618486 
 31481600      93.600000      90.642090 
 31481600      93.600000      90.649074 
 31481600      93.600000      90.639217 
 31481600      93.600000      90.654882 
 31481600      93.600000      90.637973 
 31481600      93.600000      90.663314 
 31481600      93.600000      90.636181 
 31481600      93.600000      90.666036 
 31481600      93.600000      90.656626 
 31481600      93.600000      90.658504 
 31481600      93.600000      90.635494 
 31481600      93.600000      90.633666 
 31481600      93.600000      90.654487 
 31481600      93.600000      90.645861 
 31481600      93.600000      90.658002 
 31481600      93.600000      90.634974 
 31481600      93.600000      90.630481 
 31481600      93.600000      90.617573 
 31481600      93.600000      90.636899 
 31481600      93.600000      90.650556 
 31481600      93.600000      90.665592 
 31481600      93.600000      90.637729 
 31481600      93.600000      90.653310 
 46129408      93.600000      91.406709 
 46129408      10.400000      91.389489 
 46129408      93.600000      91.432843 
 46129408      93.600000      91.400023 
 46129408      93.600000      91.416497 
 46129408      93.600000      91.398522 
 46129408      93.600000      91.425925 
 46129408      93.600000      91.404285 
 46129408      93.600000      91.418787 
 46129408      93.600000      91.403588 
 46129408      93.600000      91.390832 
 46129408      93.600000      91.414779 
 46129408      93.600000      91.430300 
 46129408      93.600000      91.401022 
 46129408      93.600000      91.389181 
 46129408      93.600000      91.419212 
 46129408      93.600000      91.403722 
 46129408      93.600000      91.388492 
 46129408      93.600000      91.420392 
 46129408      93.600000      91.432298 
 46129408      93.600000      91.418689 
 46129408      93.600000      91.411069 
 46129408      93.600000      91.405343 
 46129408      93.600000      91.407814 
 46129408      93.600000      91.411083 
 46129408      93.600000      91.409103 
 46129408      93.600000      91.393134 
 46129408      93.600000      91.405886 
 46129408      93.600000      91.431376 
 46129408      93.600000      91.436977 
 46129408      93.600000      91.430841 
 46129408      93.600000      91.433125 
 46129408      93.600000      91.405677 
 46129408      93.600000      91.395513 
 46129408      93.600000      91.405239 
 46129408      93.600000      91.419681 
 46129408      93.600000      91.389316 
 46129408      93.600000      91.421349 
 46129408      93.600000      91.390526 
 46129408      93.600000      91.403381 
 46129408      93.600000      91.421047 
 46129408      93.600000      91.402531 
 46129408      93.600000      91.417182 
 46129408      93.600000      91.418169 
 46129408      93.600000      91.406040 
 46129408      93.600000      91.401378 
 46129408      93.600000      91.434137 
 46129408      93.600000      91.400221 
 46129408      93.600000      91.360450 
 46129408      93.600000      91.368923 
 46129408      93.600000      91.438249 
 46129408      93.600000      91.398068 
 46129408      93.600000      91.401587 
 46129408      93.600000      91.436924 
 46129408      93.600000      91.404526 
 46129408      93.600000      91.433195 
 46129408      93.600000      91.405411 
 46129408      93.600000      91.417237 
 46129408      93.600000      91.419152 
 46129408      93.600000      91.392105 
 46129408      93.600000      91.422447 
 46129408      93.600000      91.381161 
 46129408      93.600000      91.432574 
 46129408      93.600000      91.409120 
 46129408      93.600000      91.395844 
 46129408      93.600000      91.436719 
 46129408      93.600000      91.396561 
 46129408      93.600000      91.443369 
 46129408      93.600000      91.436914 
 46129408      93.600000      91.410486 
 46129408      93.600000      91.423853 
 46129408      93.600000      91.437244 
 46129408      93.600000      91.403996 
 46129408      93.600000      91.424806 
 46129408      93.600000      91.404364 
 46129408      93.600000      91.395496 
 46129408      93.600000      91.445266 
 46129408      93.600000      91.437028 
 46129408      93.600000      91.433550 
 46129408      93.600000      91.430015 
 46129408      93.600000      91.424286 
 46129408      93.600000      91.408527 
 46129408      93.600000      91.397318 
 46129408      93.600000      91.407900 
 46129408      93.600000      91.438813 
 46129408      93.600000      91.401834 
 46129408      93.600000      91.431722 
 46129408      93.600000      91.398733 
 46129408      93.600000      91.447022 
 46129408      93.600000      91.426220 
 46129408      93.600000      91.411879 
 46129408      93.600000      91.409133 
 46129408      93.600000      91.415958 
 46129408      93.600000      91.417205 
 46129408      93.600000      91.438105 
 46129408      93.600000      91.396369 
 46129408      93.600000      91.428447 
 46129408      93.600000      91.411183 
 46129408      93.600000      91.398714 
 46129408      93.600000      91.399456 
 46129408      93.600000      91.408476 
 46129408      93.600000      91.438234 
 46129408      93.600000      91.425026 
 46129408      93.600000      91.425054 
 46129408      93.600000      91.421466 
 46129408      93.600000      91.422263 
 46129408      93.600000      91.421183 
 46129408      93.600000      91.424587 
 46129408      93.600000      91.422476 
 46129408      93.600000      91.363030 
 46129408      93.600000      91.420500 
 46129408      93.600000      91.411689 
 46129408      93.600000      91.392020 
 46129408      93.600000      91.432562 
 46129408      93.600000      91.413477 
 46129408      93.600000      91.389103 
 46129408      93.600000      91.443249 
 46129408      93.600000      91.427877 
 46129408      93.600000      91.412802 
 46129408      93.600000      91.402572 
 46129408      93.600000      91.423937 
 46129408      93.600000      91.422736 
 46129408      93.600000      91.385539 
 46129408      93.600000      91.435769 
 46129408      93.600000      91.411455 
 46129408      93.600000      91.405086 
 46129408      93.600000      91.407056 
 46129408      93.600000      91.415020 
 46129408      93.600000      91.441120 
 46129408      93.600000      91.431397 
 46129408      93.600000      91.405703 
 46129408      93.600000      91.395922 
 46129408      93.600000      91.414917 
 46129408      93.600000      91.439526 
 46129408      93.600000      91.418140 
 46129408      93.600000      91.408383 
 46129408      93.600000      91.399451 
 46129408      93.600000      91.410974 
 46129408      93.600000      91.399169 
 46129408      93.600000      91.405072 
 46129408      93.600000      91.440881 
 46129408      93.600000      91.427378 
 46129408      93.600000      91.364025 
 46129408      93.600000      91.383482 
 46129408      93.600000      91.416253 
 46129408      93.600000      91.421232 
 46129408      93.600000      91.433655 
 46129408      93.600000      91.416828 
 46129408      93.600000      91.391379 
 46129408      93.600000      91.423130 
 46129408      93.600000      91.354474 
 46129408      93.600000      91.408037 
 46129408      93.600000      91.435214 
 46129408      93.600000      91.421913 
 46129408      93.600000      91.420139 
 46129408      93.600000      91.400475 
 46129408      93.600000      91.407366 
 46129408      93.600000      91.417870 
 46129408      93.600000      91.415075 
 46129408      93.600000      91.406045 
 46129408      93.600000      91.406202 
 46129408      93.600000      91.406654 
 46129408      93.600000      91.430125 
 46129408      93.600000      91.434772 
 46129408      93.600000      91.426667 
 46129408      93.600000      91.407570 
 46129408      93.600000      91.433599 
 46129408      93.600000      91.405049 
 46129408      93.600000      91.420905 
 46129408      93.600000      91.407622 
 46129408      93.600000      91.417205 
 46129408      93.600000      91.416187 
 46129408      93.600000      91.405652 
 46129408      93.600000      91.403252 
 46129408      93.600000      91.403100 
 46129408      93.600000      91.395262 
 46129408      93.600000      91.424855 
 46129408      93.600000      91.390261 
 46129408      93.600000      91.387036 
 46129408      93.600000      91.404616 
 46129408      93.600000      91.417949 
 46129408      93.600000      91.411800 
 46129408      93.600000      91.427840 
 46129408      93.600000      91.414838 
 46129408      93.600000      91.413143 
 46129408      93.600000      91.387348 
 46129408      93.600000      91.441644 
 46129408      93.600000      91.444718 
 46129408      93.600000      91.414114 
 46129408      93.600000      91.404291 
 46129408      93.600000      91.415889 
 46129408      93.600000      91.426214 
 46129408      93.600000      91.403573 
 46129408      93.600000      91.422657 
 46129408      93.600000      91.406003 
 46129408      93.600000      91.432029 
 46129408      93.600000      91.433717 
 46129408      93.600000      91.419366 
 46129408      93.600000      91.406815 
 46129408      93.600000      91.440907 
 46129408      93.600000      91.415480 
 46129408      93.600000      91.425820 
 46129408      93.600000      91.436719 
 46129408      93.600000      91.461244 
 46129408      93.600000      91.407227 
 46129408      93.600000      91.384924 
 46129408      93.600000      91.384860 
 46129408      93.600000      91.410070 
 46129408      93.600000      91.417271 
 46129408      93.600000      91.415764 
 46129408      93.600000      91.430850 
 46129408      93.600000      91.406982 
 46129408      93.600000      91.420942 
 46129408      93.600000      91.407219 
 46129408      93.600000      91.451088 
 46129408      93.600000      91.401751 
 46129408      93.600000      91.404579 
 46129408      93.600000      91.412637 
 46129408      93.600000      91.453735 
 46129408      93.600000      91.442801 
 46129408      93.600000      91.420282 
 46129408      93.600000      91.403115 
 46129408      93.600000      91.414519 
 46129408      93.600000      91.438059 
 46129408      93.600000      91.416422 
 46129408      93.600000      91.410385 
 46129408      93.600000      91.428748 
 46129408      93.600000      91.418622 
 46129408      93.600000      91.417632 
 46129408      93.600000      91.431804 
 46129408      93.600000      91.420519 
 46129408      93.600000      91.439451 
 46129408      93.600000      91.439504 
 46129408      93.600000      91.433980 
 46129408      93.600000      91.431571 
 46129408      93.600000      91.434977 
 46129408      93.600000      91.432415 
 46129408      93.600000      91.438160 
 46129408      93.600000      91.424580 
 46129408      93.600000      91.439746 
 46129408      93.600000      91.406628 
 46129408      93.600000      91.447414 
 46129408      93.600000      91.415745 
 46129408      93.600000      91.422606 
 46129408      93.600000      91.405165 
 46129408      93.600000      91.415576 
 46129408      93.600000      91.428577 
 46129408      93.600000      91.396161 
 46129408      93.600000      91.419656 
 46129408      93.600000      91.373660 
 46129408      93.600000      91.411119 
 46129408      93.600000      91.414985 
 46129408      93.600000      91.415988 
 46129408      93.600000      91.425152 
 46129408      93.600000      91.406439 
 46129408      93.600000      91.408036 
 46129408      93.600000      91.403799 
 46129408      93.600000      91.404082 
 46129408      93.600000      91.391062 
 46129408      93.600000      91.399531 
 46129408      93.600000      91.416527 
 46129408      93.600000      91.403027 
 46129408      93.600000      91.433681 
 46129408      93.600000      91.418323 
 46129408      93.600000      91.410387 
 46129408      93.600000      91.414527 
 46129408      93.600000      91.418285 
 46129408      93.600000      91.409190 
 46129408      93.600000      91.417786 
 46129408      93.600000      91.436120 
 46129408      93.600000      91.420483 
 46129408      93.600000      91.410924 
 46129408      93.600000      91.385561 
 46129408      93.600000      91.406919 
 46129408      93.600000      91.408145 
 46129408      93.600000      91.406657 
 46129408      93.600000      91.425657 
 46129408      93.600000      91.384455 
 46129408      93.600000      91.425569 
 46129408      93.600000      91.419925 
 46129408      93.600000      91.361475 
 46129408      93.600000      91.410970 
 46129408      93.600000      91.429677 
 46129408      93.600000      91.428853 
 46129408      93.600000      91.422603 
 46129408      93.600000      91.398467 
 46129408      93.600000      91.419983 
 46129408      93.600000      91.442453 
 46129408      93.600000      91.406150 
 46129408      93.600000      91.430921 
 46129408      93.600000      91.394518 
 46129408      93.600000      91.393807 
 46129408      93.600000      91.410256 
 46129408      93.600000      91.451630 
 46129408      93.600000      91.408568 
 46129408      93.600000      91.387648 
 46129408      93.600000      91.428206 
 46129408      93.600000      91.395015 
 46129408      93.600000      91.375920 
 46129408      93.600000      91.404107 
 46129408      93.600000      91.396610 
 46129408      93.600000      91.417806 
 46129408      93.600000      91.391810 
 46129408      93.600000      91.427394 
 46129408      93.600000      91.419960 
 46129408      93.600000      91.403493 
 46129408      93.600000      91.424021 
 46129408      93.600000      91.403576 
 46129408      93.600000      91.400043 
 46129408      93.600000      91.414566 
 46129408      93.600000      91.414242 
 46129408      93.600000      91.416078 
 46129408      93.600000      91.428734 
 46129408      93.600000      91.419426 
 46129408      93.600000      91.413735 
 46129408      93.600000      91.397447 
 46129408      93.600000      91.404844 
 46129408      93.600000      91.406512 
 46129408      93.600000      91.415468 
 46129408      93.600000      91.403165 
 46129408      93.600000      91.396235 
 46129408      93.600000      91.390755 
 46129408      93.600000      91.411076 
 46129408      93.600000      91.384164 
 46129408      93.600000      91.415462 
 46129408      93.600000      91.428825 
 46129408      93.600000      91.404359 
 46129408      93.600000      91.399781 
 46129408      93.600000      91.407274 
 46129408      93.600000      91.431873 
 46129408      93.600000      91.409084 
 46129408      93.600000      91.398125 
 46129408      93.600000      91.425544 
 46129408      93.600000      91.411574 
 46129408      93.600000      91.422757 
 46129408      93.600000      91.421346 
 46129408      93.600000      91.416777 
 46129408      93.600000      91.426996 
 46129408      93.600000      91.447780 
 46129408      93.600000      91.400635 
 46129408      93.600000      91.424747 
 46129408      93.600000      91.415594 
 46129408      93.600000      91.437620 
 46129408      93.600000      91.395466 
 46129408      93.600000      91.411482 
 46129408      93.600000      91.437132 
 46129408      93.600000      91.419825 
 46129408      93.600000      91.426226 
 46129408      93.600000      91.421024 
 46129408      93.600000      91.397440 
 46129408      93.600000      91.432533 
 46129408      93.600000      91.419891 
 46129408      93.600000      91.391394 
 46129408      93.600000      91.412321 
 46129408      93.600000      91.406788 
 46129408      93.600000      91.440138 
 46129408      93.600000      91.416439 
 46129408      93.600000      91.447915 
 46129408      93.600000      91.437694 
 46129408      93.600000      91.404621 
 46129408      93.600000      91.428694 
 46129408      93.600000      91.409000 
 46129408      93.600000      91.397342 
 46129408      93.600000      91.455693 
 46129408      93.600000      91.408654 
 46129408      93.600000      91.403790 
 46129408      93.600000      91.394863 
 46129408      93.600000      91.425692 
 46129408      93.600000      91.411912 
 46129408       0.400000      91.389418 
 46129408      93.600000      91.393580 
 46129408      93.600000      91.389541 
 46129408      93.600000      91.402266 
 46129408      93.600000      91.413335 
 46129408      93.600000      91.451984 
 46129408      93.600000      91.374493 
 46129408      93.600000      91.434677 
 46129408      93.600000      91.403678 
 46129408      93.600000      91.407506 
 46129408      93.600000      91.405560 
 46129408      93.600000      91.428672 
 46129408      93.600000      91.418501 
 46129408      93.600000      91.395001 
 46129408      93.600000      91.441139 
 46129408      93.600000      91.386738 
 46129408      93.600000      91.387722 
 46129408      93.600000      91.406593 
 46129408      93.600000      91.398074 
 46129408      93.600000      91.393717 
 46129408      93.600000      91.421833 
 46129408      93.600000      91.412710 
 46129408      93.600000      91.414712 
 46129408      93.600000      91.404107 
 46129408      93.600000      91.384504 
 46129408      93.600000      91.406048 
 46129408      93.600000      91.433438 
 46129408      93.600000      91.411275 
 46129408      93.600000      91.413770 
 46129408      93.600000      91.423686 
 46129408      93.600000      91.439816 
 46129408      93.600000      91.418307 
 46129408      93.600000      91.378127 
 46129408      93.600000      91.416880 
 46129408      93.600000      91.412384 
 46129408      93.600000      91.408440 
 46129408      93.600000      91.419135 
 46129408      93.600000      91.399910 
 46129408      93.600000      91.419215 
 46129408      93.600000      91.420547 
 46129408      93.600000      91.442398 
 46129408      93.600000      91.390235 
 46129408      93.600000      91.385894 
 46129408      93.600000      91.420093 
 46129408      93.600000      91.406177 
 46129408      93.600000      91.404925 
 46129408      93.600000      91.420780 
 46129408      93.600000      91.415808 
 46129408      93.600000      91.433039 
 46129408      93.600000      91.398452 
 46129408      93.600000      91.423593 
 46129408      93.600000      91.402211 
 46129408      93.600000      91.396749 
 46129408      93.600000      91.399876 
 46129408      93.600000      91.431101 
 46129408      93.600000      91.390218 
 46129408      93.600000      91.413981 
 46129408      93.600000      91.408366 
 46129408      93.600000      91.417713 
 46129408      93.600000      91.415422 
 46129408      93.600000      91.395829 
 46129408      93.600000      91.416854 
 46129408      93.600000      91.419867 
 46129408      93.600000      91.394784 
 46129408      93.600000      91.422278 
 46129408      93.600000      91.419166 
 46129408      93.600000      91.407091 
 46129408      93.600000      91.437415 
 46129408      93.600000      91.425904 
 46129408      93.600000      91.407225 
 46129408      93.600000      91.408563 
 46129408      93.600000      91.418744 
 46129408      93.600000      91.411899 
 46129408      93.600000      91.420145 
 46129408      93.600000      91.422185 
 46129408      93.600000      91.389729 
 46129408      93.600000      91.410144 
 46129408      93.600000      91.431253 
 46129408      93.600000      91.408390 
 46129408      93.600000      91.410557 
 46129408      93.600000      91.425916 
 46129408      93.600000      91.414171 
 46129408      93.600000      91.431135 
 46129408      93.600000      91.377785 
 46129408      93.600000      91.413310 
 46129408      93.600000      91.400583 
 46129408      93.600000      91.427970 
 46129408      93.600000      91.423349 
 46129408      93.600000      91.413748 
 46129408      93.600000      91.407726 
 46129408      93.600000      91.413986 
 46129408      93.600000      91.449517 
 46129408      93.600000      91.408813 
 46129408      93.600000      91.426866 
 46129408      93.600000      91.416606 
 46129408      93.600000      91.398429 
 46129408      93.600000      91.414231 
 46129408      93.600000      91.367180 
 46129408      93.600000      91.416080 
 46129408      93.600000      91.423110 
 46129408      93.600000      91.423907 
 46129408      93.600000      91.419313 
 46129408      93.600000      91.411920 
 46129408      93.600000      91.401404 
 46129408      93.600000      91.426978 
 46129408      93.600000      91.435818 
 46129408      93.600000      91.424057 
 46129408      93.600000      91.432133 
 46129408      93.600000      91.399519 
 46129408      93.600000      91.428135 
 46129408      93.600000      91.445252 
 46129408      93.600000      91.453402 
 46129408      93.600000      91.414118 
 46131968      93.600000      77.463997 
 46131968      93.600000      77.480520 
 46131968      93.600000      77.436789 
 46131968      93.600000      77.446468 
 46131968      93.600000      77.465755 
 46131968      93.600000      77.476553 
 46131968      93.600000      77.458015 
 46131968      93.600000      77.474715 
 46131968      93.600000      77.441357 
 46131968      93.600000      77.445723 
 46131968      93.600000      77.443349 
 46131968      93.600000      77.446501 
 46131968      93.600000      77.453417 
 46131968      93.600000      77.459852 
 46131968      93.600000      77.455064 
 46131968      93.600000      77.463637 
 46131968      93.600000      77.502889 
 46131968      93.600000      77.466771 
 46131968      93.600000      77.462544 
 46131968      93.600000      77.427857 
 46131968      93.600000      77.474870 
 46131968      93.600000      77.452963 
 46131968      93.600000      77.457672 
 46131968      93.600000      77.483125 
 46131968      93.600000      77.474952 
 46131968      93.600000      77.438389 
 46131968      93.600000      77.443960 
 46131968      93.600000      77.446750 
 46131968      93.600000      77.416837 
 46131968      93.600000      77.436019 
 46131968      93.600000      77.459585 
 46131968      93.600000      77.479924 
 46131968      93.600000      77.441748 
 46131968      93.600000      77.479010 
 46131968      93.600000      77.458223 
 46131968      93.600000      77.451239 
 46131968      93.600000      77.446703 
 46131968      93.600000      77.488103 
 46131968      93.600000      77.454913 
 46131968      93.600000      77.464730 
 46131968      93.600000      77.471163 
 46131968      93.600000      77.460302 
 46131968      93.600000      77.455635 
 46131968      93.600000      77.433974 
 46131968      93.600000      77.487412 
 46131968      93.600000      77.467497 
 46131968      93.600000      77.453925 
 46131968      93.600000      77.440619 
 46131968      93.600000      77.475052 
 46131968      93.600000      77.458024 
 46131968      93.600000      77.461125 
 46131968      93.600000      77.433122 
 46131968      93.600000      77.437085 
 46131968      93.600000      77.418664 
 46131968      93.600000      77.449778 
 46131968      93.600000      77.421143 
 46131968      93.600000      77.431897 
 46131968      93.600000      77.436974 
 46131968      93.600000      77.417768 
 46131968      93.600000      77.435855 
 46131968      93.600000      77.425346 
 46131968      93.600000      77.450139 
 46131968      93.600000      77.452976 
 46131968      93.600000      77.428530 
 46131968      93.600000      77.432990 
 46131968      93.600000      77.388140 
 46131968      93.600000      77.412729 
 46131968      93.600000      77.427983 
 46131968      93.600000      77.445883 
 46131968      93.600000      77.422474 
 46131968      93.600000      77.416588 
 46131968      93.600000      77.436242 
 46131968      93.600000      77.425556 
 46131968      93.600000      77.436479 
 46131968      93.600000      77.440789 
 46131968      93.600000      77.442177 
 46131968      93.600000      77.422864 
 46131968      93.600000      77.405182 
 46131968      93.600000      77.425990 
 46131968      93.600000      77.426821 
 46131968      93.600000      77.415143 
 46131968      93.600000      77.419992 
 46131968      93.600000      77.398166 
 46131968      93.600000      77.443965 
 46131968      93.600000      77.395577 
 46131968      93.600000      77.429593 
 46131968      93.600000      77.448819 
 46131968      93.600000      77.412112 
 46131968      93.600000      77.417823 
 46131968      93.600000      77.425932 
 46131968      93.600000      77.395542 
 46131968      93.600000      77.420841 
 46131968      93.600000      77.441052 
 46131968      93.600000      77.407233 
 46131968      93.600000      77.471700 
 46131968      93.600000      77.436077 
 46131968      93.600000      77.399604 
 46131968      93.600000      77.411887 
 46131968      93.600000      77.394153 
 46131968      93.600000      77.431185 
 46131968      93.600000      77.428172 
 46131968      93.600000      77.417215 
 46131968      93.600000      77.419402 
 46131968      93.600000      77.418520 
 46131968      93.600000      77.437879 
 46131968      93.600000      77.405012 
 46131968      93.600000      77.436430 
 46131968      93.600000      77.448081 
 46131968      10.400000      77.460397 
 46131968      93.600000      77.466294 
 46131968      93.600000      77.466584 
 46131968      93.600000      77.475087 
 46131968      93.600000      77.461462 
 46131968      93.600000      77.475171 
 46131968      93.600000      77.450500 
 46131968      93.600000      77.451920 
 46131968      93.600000      77.437353 
 46131968      93.600000      77.457375 
 46131968      93.600000      77.451893 
 46131968      93.600000      77.427344 
 46131968      93.600000      77.468034 
 46131968      93.600000      77.475765 
 46131968      93.600000      77.460040 
 46131968      93.600000      77.455095 
 46131968      93.600000      77.463546 
 46131968      93.600000      77.461494 
 46131968      93.600000      77.436743 
 46131968      93.600000      77.448290 
 46131968      93.600000      77.481691 
 46131968      93.600000      77.445416 
 46131968      93.600000      77.481591 
 46131968      93.600000      77.439328 
 46131968      93.600000      77.450342 
 46131968      93.600000      77.474531 
 46131968      93.600000      77.443935 
 46131968      93.600000      77.492852 
 46131968      93.600000      77.448249 
 46131968      93.600000      77.468222 
 46131968      93.600000      77.465289 
 46131968      93.600000      77.453349 
 46131968      93.600000      77.463747 
 46131968      93.600000      77.442832 
 46131968      93.600000      77.454385 
 46131968      93.600000      77.471051 
 46131968      93.600000      77.452150 
 46131968      93.600000      77.448414 
 46131968      93.600000      77.469360 
 46131968      93.600000      77.474765 
 46131968      93.600000      77.455517 
 46131968      93.600000      77.466159 
 46131968      93.600000      77.459835 
 46131968      93.600000      77.441093 
 46131968      93.600000      77.452674 
 46131968      93.600000      77.468138 
 46131968      93.600000      77.439979 
 46131968      93.600000      77.474276 
 46131968      93.600000      77.457607 
 46131968      93.600000      77.444942 
 46131968      93.600000      77.415345 
 46131968      93.600000      77.428758 
 46131968      93.600000      77.473521 
 46131968      93.600000      77.464143 
 46131968      93.600000      77.463831 
 46131968      93.600000      77.446065 
 46131968      93.600000      77.412378 
 46131968      93.600000      77.466297 
 46131968      93.600000      77.455739 
 46131968      93.600000      77.455760 
 46131968      93.600000      77.413864 
 46131968      93.600000      77.434990 
 46131968      93.600000      77.401858 
 46131968      93.600000      77.408697 
 46131968      93.600000      77.441199 
 46131968      93.600000      77.405979 
 46131968      93.600000      77.428037 
 46131968      93.600000      77.430782 
 46131968      93.600000      77.436108 
 46131968      93.600000      77.420675 
 46131968      93.600000      77.410408 
 46131968      93.600000      77.408150 
 46131968      93.600000      77.428620 
 46131968      93.600000      77.433521 
 46131968      93.600000      77.404157 
 46131968      93.600000      77.417610 
 46131968      93.600000      77.414152 
 46131968      93.600000      77.429663 
 46131968      93.600000      77.420143 
 46131968      93.600000      77.409759 
 46131968      93.600000      77.445162 
 46131968      93.600000      77.419408 
 46131968      93.600000      77.429902 
 46131968      93.600000      77.396250 
 46131968      93.600000      77.415478 
 46131968      93.600000      77.436516 
 46131968      93.600000      77.404269 
 46131968      93.600000      77.443993 
 46131968      93.600000      77.398126 
 46131968      93.600000      77.408738 
 46131968      93.600000      77.413977 
 46131968      93.600000      77.437519 
 46131968      93.600000      77.443200 
 46131968      93.600000      77.438549 
 46131968      93.600000      77.404967 
 46131968      93.600000      77.428346 
 46131968      93.600000      77.430707 
 46131968      93.600000      77.421539 
 46131968      93.600000      77.460422 
 46131968      93.600000      77.447946 
 46131968      93.600000      77.422908 
 46131968      93.600000      77.421102 
 46131968      93.600000      77.433829 
 46131968      93.600000      77.415319 
 46131968      93.600000      77.427707 
 46131968      93.600000      77.442284 
 46131968      93.600000      77.411777 
 46131968      93.600000      77.464071 
 46131968      93.600000      77.423935 
 46131968      93.600000      77.417566 
 46131968      93.600000      77.429216 
 46131968      93.600000      77.459832 
 46131968      93.600000      77.416597 
 46131968      93.600000      77.417794 
 46131968       0.400000      77.460812 
 46131968      93.600000      77.464905 
 46131968      93.600000      77.447361 
 46131968      93.600000      77.433247 
 46131968      93.600000      77.452377 
 46131968      93.600000      77.455874 
 46131968      93.600000      77.478230 
 46131968      93.600000      77.440628 
 46131968      93.600000      77.484446 
 46131968      93.600000      77.457004 
 46131968      93.600000      77.430937 
 46131968      93.600000      77.431305 
 46131968      93.600000      77.445570 
 46131968      93.600000      77.427467 
 46131968      93.600000      77.442638 
 46131968      93.600000      77.459833 
 46131968      93.600000      77.452390 
 46131968      93.600000      77.476420 
 46131968      93.600000      77.434337 
 46131968      93.600000      77.491895 
 46131968      93.600000      77.471756 
 46131968      93.600000      77.432059 
 46131968      93.600000      77.457621 
 46131968      93.600000      77.436162 
 46131968      93.600000      77.454840 
 46131968      93.600000      77.473561 
 46131968      93.600000      77.434645 
 46131968      93.600000      77.436353 
 46131968      93.600000      77.434594 
 46131968      93.600000      77.466547 
 46131968      93.600000      77.455299 
 46131968      93.600000      77.456639 
 46131968      93.600000      77.454363 
 46131968      93.600000      77.452957 
 46131968      93.600000      77.490662 
 46131968      93.600000      77.431705 
 46131968      93.600000      77.482959 
 46131968      93.600000      77.446808 
 46131968      93.600000      77.442018 
 46131968      93.600000      77.453704 
 46131968      93.600000      77.450141 
 46131968      93.600000      77.473029 
 46131968      93.600000      77.465991 
 46131968      93.600000      77.460609 
 46131968      93.600000      77.465345 
 46131968      93.600000      77.450796 
 46131968      93.600000      77.460475 
 46131968      93.600000      77.453542 
 46131968      93.600000      77.460552 
 46131968      93.600000      77.460058 
 46131968      93.600000      77.479529 
 46131968      93.600000      77.457739 
 46131968      93.600000      77.477350 
 46131968      93.600000      77.457653 
 46131968      93.600000      77.467723 
 46131968      93.600000      77.482103 
 46131968      93.600000      77.443331 
 46131968      93.600000      77.468120 
 46131968      93.600000      77.436664 
 46131968      93.600000      77.450093 
 46131968      93.600000      77.410380 
 46131968      93.600000      77.416711 
 46131968      93.600000      77.416118 
 46131968      93.600000      77.408774 
 46131968      93.600000      77.399195 
 46131968      93.600000      77.425808 
 46131968      93.600000      77.426742 
 46131968      93.600000      77.446704 
 46131968      93.600000      77.393063 
 46131968      93.600000      77.430012 
 46131968      93.600000      77.420757 
 46131968      93.600000      77.415192 
 46131968      93.600000      77.451217 
 46131968      93.600000      77.415363 
 46131968      93.600000      77.411671 
 46131968      93.600000      77.450524 
 46131968      93.600000      77.418869 
 46131968      93.600000      77.413528 
 46131968      93.600000      77.412198 
 46131968      93.600000      77.432322 
 46131968      93.600000      77.437036 
 46131968      93.600000      77.441899 
 46131968      93.600000      77.434022 
 46131968      93.600000      77.432968 
 46131968      93.600000      77.412783 
 46131968      93.600000      77.422195 
 46131968      93.600000      77.452684 
 46131968      93.600000      77.444800 
 46131968      93.600000      77.451125 
 46131968      93.600000      77.426065 
 46131968      93.600000      77.422460 
 46131968      93.600000      77.418248 
 46131968      93.600000      77.425920 
 46131968      93.600000      77.415299 
 46131968      93.600000      77.443704 
 46131968      93.600000      77.422146 
 46131968      93.600000      77.434898 
 46131968      93.600000      77.410574 
 46131968      93.600000      77.408535 
 46131968      93.600000      77.413334 
 46131968      93.600000      77.416189 
 46131968      93.600000      77.448479 
 46131968      93.600000      77.436877 
 46131968      93.600000      77.417621 
 46131968      93.600000      77.438630 
 46131968      93.600000      77.434406 
 46131968      93.600000      77.439367 
 46131968      93.600000      77.449306 
 46131968      93.600000      77.428973 
 46131968      93.600000      77.423024 
 46131968      93.600000      77.443601 
 46131968      93.600000      77.411312 
 46131968      93.600000      77.417365 
 46131968      93.600000      77.444279 
 46131968      93.600000      77.454963 
 46131968      93.600000      77.385312 
 46131968      93.600000      77.460336 
 46131968      93.600000      77.467031 
 46131968      93.600000      77.437677 
 46131968      93.600000      77.470845 
 46131968      93.600000      77.451721 
 46131968      93.600000      77.431984 
 46131968      93.600000      77.461767 
 46131968      93.600000      77.482507 
 46131968      93.600000      77.465913 
 46131968      93.600000      77.444692 
 46131968      93.600000      77.445089 
 46131968      93.600000      77.446156 
 46131968      93.600000      77.452092 
 46131968      93.600000      77.475560 
 46131968      93.600000      77.462535 
 46131968      93.600000      77.475330 
 46131968      93.600000      77.478338 
 46131968      93.600000      77.463088 
 46131968      93.600000      77.478125 
 46131968      93.600000      77.447977 
 46131968      93.600000      77.432481 
 46131968      93.600000      77.455968 
 46131968      93.600000      77.459781 
 46131968      93.600000      77.444942 
 46131968      93.600000      77.469731 
 46131968      93.600000      77.463872 
 46131968      93.600000      77.454717 
 46131968      93.600000      77.471871 
 46131968      93.600000      77.469650 
 46131968      93.600000      77.471358 
 46131968      93.600000      77.445240 
 46131968      93.600000      77.446183 
 46131968      93.600000      77.454570 
 46131968      93.600000      77.467430 
 46131968      93.600000      77.449094 
 46131968      93.600000      77.468032 
 46131968      93.600000      77.434522 
 46131968      93.600000      77.461581 
 46131968      93.600000      77.441779 
 46131968      93.600000      77.468269 
 46131968      93.600000      77.456517 
 46131968      93.600000      77.461153 
 46131968      93.600000      77.481820 
 46131968      93.600000      77.469914 
 46131968      93.600000      77.400057 
 46131968      93.600000      77.472557 
 46131968      93.600000      77.437718 
 46131968      93.600000      77.451524 
 46131968      93.600000      77.452420 
 46131968      93.600000      77.467327 
 46131968      93.600000      77.484703 
 46131968      93.600000      77.475226 
 46131968      93.600000      77.475355 
 46131968      93.600000      77.473605 
 46131968      93.600000      77.472488 
 46131968      93.600000      77.452848 
 46131968      93.600000      77.450030 
 46131968      93.600000      77.468247 
 46131968      93.600000      77.465274 
 46131968      93.600000      77.420930 
 46131968      93.600000      77.423399 
 46131968      93.600000      77.457328 
 46131968      93.600000      77.417261 
 46131968      93.600000      77.462551 
 46131968      93.600000      77.433368 
 46131968      93.600000      77.440990 
 46131968      93.600000      77.461564 
 46131968      93.600000      77.435267 
 46131968      93.600000      77.420643 
 46131968      93.600000      77.454336 
 46131968      93.600000      77.379558 
 46131968      93.600000      77.422485 
 46131968      93.600000      77.449463 
 46131968      93.600000      77.416126 
 46131968      93.600000      77.401825 
 46131968      93.600000      77.422979 
 46131968      93.600000      77.406946 
 46131968      93.600000      77.447158 
 46131968      93.600000      77.423258 
 46131968      93.600000      77.429179 
 46131968      93.600000      77.451227 
 46131968      93.600000      77.430842 
 46131968      93.600000      77.414782 
 46131968      93.600000      77.449472 
 46131968      93.600000      77.399026 
 46131968      93.600000      77.441246 
 46131968      93.600000      77.405569 
 46131968      93.600000      77.428070 
 46131968      93.600000      77.414639 
 46131968      93.600000      77.409863 
 46131968      93.600000      77.408890 
 46131968      93.600000      77.428576 
 46131968      93.600000      77.397262 
 46131968      93.600000      77.446883 
 46131968      93.600000      77.416748 
 46131968      93.600000      77.442210 
 46131968      93.600000      77.445579 
 46131968      93.600000      77.431575 
 46131968      93.600000      77.418237 
 46131968      93.600000      77.402386 
 46131968      93.600000      77.446768 
 46131968      93.600000      77.410339 
 46131968      93.600000      77.432479 
 46131968      93.600000      77.438966 
 46131968      93.600000      77.416912 
 46131968      93.600000      77.426994 
 46131968      93.600000      77.430528 
 46131968      93.600000      77.446267 
 46131968      93.600000      77.420654 
 46131968      93.600000      77.441143 
 46131968      93.600000      77.417466 
 46131968      93.600000      77.420665 
 46131968      93.600000      77.427226 
 46131968      93.600000      77.431560 
 46134528      93.600000     -82.823685 
 46134528      93.600000     -82.872070 
 46134528      93.600000     -82.836462 
 46134528      93.600000     -82.856646 
 46134528      93.600000     -82.853427 
 46134528      93.600000     -82.846723 
 46134528      93.600000     -82.850515 
 46134528      93.600000     -82.848633 
 46134528      93.600000     -82.865307 
 46134528      93.600000     -82.871302 
 46134528      93.600000     -82.846491 
 46134528      93.600000     -82.871135 
 46134528      93.600000     -82.859009 
 46134528      93.600000     -82.861589 
 46134528      93.600000     -82.866656 
 46134528      93.600000     -82.873398 
 46134528      93.600000     -82.869755 
 46134528      93.600000     -82.856974 
 46134528      93.600000     -82.847089 
 46134528      93.600000     -82.862946 
 46134528      93.600000     -82.831747 
 46134528      93.600000     -82.831605 
 46134528      93.600000     -82.852826 
 46134528      93.600000     -82.865950 
 46134528      93.600000     -82.846330 
 46134528      93.600000     -82.868263 
 46134528      93.600000     -82.854908 
 46134528      93.600000     -82.858003 
 46134528      93.600000     -82.848702 
 46134528      93.600000     -82.867135 
 46134528      93.600000     -82.873255 
 46134528      93.600000     -82.874721 
 46134528      93.600000     -82.866233 
 46134528      93.600000     -82.870340 
 46134528      93.600000     -82.843574 
 46134528      93.600000     -82.868325 
 46134528      93.600000     -82.860845 
 46134528      93.600000     -82.832424 
 46134528      93.600000     -82.839095 
 46134528      93.600000     -82.852459 
 46134528      93.600000     -82.852034 
 46134528      93.600000     -82.836931 
 46134528      93.600000     -82.851446 
 46134528      93.600000     -82.828043 
 46134528      93.600000     -82.830232 
 46134528      93.600000     -82.855277 
 46134528      93.600000     -82.848392 
 46134528      93.600000     -82.863920 
 46134528      93.600000     -82.836666 
 46134528      93.600000     -82.894195 
 46134528      93.600000     -82.885216 
 46134528      93.600000     -82.857876 
 46134528      93.600000     -82.873645 
 46134528      93.600000     -82.887486 
 46134528      93.600000     -82.885470 
 46134528      93.600000     -82.845035 
 46134528      93.600000     -82.887394 
 46134528      93.600000     -82.871198 
 46134528      93.600000     -82.895308 
 46134528      93.600000     -82.889533 
 46134528      93.600000     -82.841782 
 46134528      93.600000     -82.901157 
 46134528      93.600000     -82.880150 
 46134528      93.600000     -82.885758 
 46134528      93.600000     -82.868104 
 46134528      93.600000     -82.878243 
 46134528      93.600000     -82.872256 
 46134528      93.600000     -82.871992 
 46134528      93.600000     -82.890326 
 46134528      93.600000     -82.862881 
 46134528      93.600000     -82.860612 
 46134528      93.600000     -82.865604 
 46134528      93.600000     -82.880472 
 46134528      93.600000     -82.861121 
 46134528      93.600000     -82.887977 
 46134528      93.600000     -82.881821 
 46134528      93.600000     -82.893501 
 46134528      93.600000     -82.872320 
 46134528      93.600000     -82.882491 
 46134528      93.600000     -82.895790 
 46134528      93.600000     -82.869448 
 46134528      93.600000     -82.881296 
 46134528      93.600000     -82.903595 
 46134528      93.600000     -82.845377 
 46134528      93.600000     -82.894250 
 46134528      93.600000     -82.871675 
 46134528      93.600000     -82.892614 
 46134528      93.600000     -82.893275 
 46134528      93.600000     -82.899523 
 46134528      93.600000     -82.905224 
 46134528      93.600000     -82.896793 
 46134528      93.600000     -82.893670 
 46134528      93.600000     -82.868804 
 46134528      93.600000     -82.884077 
 46134528      93.600000     -82.874500 
 46134528      93.600000     -82.891003 
 46134528      93.600000     -82.881791 
 46134528      93.600000     -82.876530 
 46134528      93.600000     -82.861996 
 46134528      93.600000     -82.876980 
 46134528      93.600000     -82.866662 
 46134528      93.600000     -82.872813 
 46134528      93.600000     -82.889303 
 46134528      93.600000     -82.865300 
 46134528      93.600000     -82.886254 
 46134528      93.600000     -82.872976 
 46134528      93.600000     -82.883036 
 46134528      93.600000     -82.877304 
 46134528      93.600000     -82.855401 
 46134528      93.600000     -82.873253 
 46134528      93.600000     -82.869048 
 46134528      93.600000     -82.869172 
 46134528      93.600000     -82.873967 
 46134528      93.600000     -82.861155 
 46134528      93.600000     -82.807427 
 46134528      93.600000     -82.839965 
 46134528      93.600000     -82.851238 
 46134528      93.600000     -82.861847 
 46134528      93.600000     -82.856941 
 46134528      93.600000     -82.868478 
 46134528      93.600000     -82.860987 
 46134528      93.600000     -82.842852 
 46134528      93.600000     -82.854165 
 46134528      93.600000     -82.853858 
 46134528      93.600000     -82.851016 
 46134528      93.600000     -82.854958 
 46134528      93.600000     -82.825201 
 46134528      93.600000     -82.876992 
 46134528      93.600000     -82.868692 
 46134528      93.600000     -82.881096 
 46134528      93.600000     -82.843146 
 46134528      93.600000     -82.849434 
 46134528      93.600000     -82.836492 
 46134528      93.600000     -82.850352 
 46134528      93.600000     -82.858623 
 46134528      93.600000     -82.843734 
 46134528      93.600000     -82.857595 
 46134528      93.600000     -82.867504 
 46134528      93.600000     -82.838274 
 46134528      93.600000     -82.881369 
 46134528      93.600000     -82.864502 
 46134528      93.600000     -82.847158 
 46134528      93.600000     -82.842141 
 46134528      93.600000     -82.846668 
 46134528      93.600000     -82.851646 
 46134528      93.600000     -82.865621 
 46134528      93.600000     -82.834876 
 46134528      93.600000     -82.831753 
 46134528      93.600000     -82.860876 
 46134528      93.600000     -82.841052 
 46134528      93.600000     -82.839782 
 46134528      93.600000     -82.837421 
 46134528      93.600000     -82.849127 
 46134528      93.600000     -82.858482 
 46134528      93.600000     -82.871443 
 46134528      93.600000     -82.843281 
 46134528      93.600000     -82.853225 
 46134528      93.600000     -82.854214 
 46134528      93.600000     -82.869973 
 46134528      93.600000     -82.837250 
 46134528      93.600000     -82.828185 
 46134528      93.600000     -82.868341 
 46134528      93.600000     -82.843829 
 46134528      93.600000     -82.881079 
 46134528      93.600000     -82.874369 
 46134528      93.600000     -82.835276 
 46134528      93.600000     -82.830937 
 46134528      93.600000     -82.842359 
 46134528      93.600000     -82.843315 
 46134528      93.600000     -82.840368 
 46134528      93.600000     -82.883161 
 46134528      93.600000     -82.879270 
 46134528      93.600000     -82.880482 
 46134528      93.600000     -82.893782 
 46134528      93.600000     -82.865381 
 46134528      93.600000     -82.899060 
 46134528      93.600000     -82.867879 
 46134528      93.600000     -82.888351 
 46134528      93.600000     -82.889418 
 46134528      93.600000     -82.888184 
 46134528      93.600000     -82.866831 
 46134528      93.600000     -82.866185 
 46134528      93.600000     -82.898587 
 46134528      93.600000     -82.918646 
 46134528      93.600000     -82.893936 
 46134528      93.600000     -82.869147 
 46134528      93.600000     -82.867825 
 46134528      93.600000     -82.889649 
 46134528      93.600000     -82.879300 
 46134528      93.600000     -82.872327 
 46134528      93.600000     -82.865896 
 46134528      93.600000     -82.875494 
 46134528      93.600000     -82.891515 
 46134528      93.600000     -82.911930 
 46134528      93.600000     -82.871520 
 46134528      93.600000     -82.895281 
 46134528      93.600000     -82.877358 
 46134528      93.600000     -82.874837 
 46134528      93.600000     -82.884257 
 46134528      93.600000     -82.875534 
 46134528      93.600000     -82.876039 
 46134528      93.600000     -82.878016 
 46134528      93.600000     -82.872144 
 46134528      93.600000     -82.890790 
 46134528      93.600000     -82.902253 
 46134528      93.600000     -82.825299 
 46134528      93.600000     -82.876129 
 46134528      93.600000     -82.888155 
 46134528      93.600000     -82.887412 
 46134528      93.600000     -82.894167 
 46134528      93.600000     -82.906653 
 46134528      93.600000     -82.860681 
 46134528      93.600000     -82.900229 
 46134528      93.600000     -82.919691 
 46134528      93.600000     -82.861468 
 46134528      93.600000     -82.876575 
 46134528      93.600000     -82.872010 
 46134528      93.600000     -82.904244 
 46134528      93.600000     -82.857457 
 46134528      93.600000     -82.876212 
 46134528      93.600000     -82.894857 
 46134528      93.600000     -82.878832 
 46134528      93.600000     -82.830525 
 46134528      10.400000     -82.807406 
 46134528      93.600000     -82.832587 
 46134528      93.600000     -82.832920 
 46134528      93.600000     -82.835835 
 46134528      93.600000     -82.842538 
 46134528      93.600000     -82.851721 
 46134528      93.600000     -82.849699 
 46134528      93.600000     -82.860727 
 46134528      93.600000     -82.857448 
 46134528      93.600000     -82.866061 
 46134528      93.600000     -82.882878 
 46134528      93.600000     -82.852772 
 46134528      93.600000     -82.827956 
 46134528      93.600000     -82.849278 
 46134528      93.600000     -82.842530 
 46134528      93.600000     -82.852971 
 46134528      93.600000     -82.851129 
 46134528      93.600000     -82.879402 
 46134528      93.600000     -82.829968 
 46134528      93.600000     -82.866833 
 46134528      93.600000     -82.802582 
 46134528      93.600000     -82.850555 
 46134528      93.600000     -82.816982 
 46134528      93.600000     -82.836481 
 46134528      93.600000     -82.839316 
 46134528      93.600000     -82.859835 
 46134528      93.600000     -82.868140 
 46134528      93.600000     -82.893341 
 46134528      93.600000     -82.862340 
 46134528      93.600000     -82.878073 
 46134528      93.600000     -82.853749 
 46134528      93.600000     -82.848010 
 46134528      93.600000     -82.849854 
 46134528      93.600000     -82.861457 
 46134528      93.600000     -82.847765 
 46134528      93.600000     -82.843541 
 46134528      93.600000     -82.850385 
 46134528      93.600000     -82.855162 
 46134528      93.600000     -82.879849 
 46134528      93.600000     -82.846206 
 46134528      93.600000     -82.846485 
 46134528      93.600000     -82.846442 
 46134528      93.600000     -82.841826 
 46134528      93.600000     -82.842348 
 46134528      93.600000     -82.846791 
 46134528      93.600000     -82.848685 
 46134528      93.600000     -82.854817 
 46134528      93.600000     -82.866574 
 46134528      93.600000     -82.823296 
 46134528      93.600000     -82.860678 
 46134528      93.600000     -82.854336 
 46134528      93.600000     -82.875048 
 46134528      93.600000     -82.846882 
 46134528      93.600000     -82.831881 
 46134528      93.600000     -82.843969 
 46134528      93.600000     -82.843137 
 46134528      93.600000     -82.856948 
 46134528      93.600000     -82.897036 
 46134528      93.600000     -82.868950 
 46134528      93.600000     -82.877618 
 46134528      93.600000     -82.857716 
 46134528      93.600000     -82.893905 
 46134528      93.600000     -82.869367 
 46134528      93.600000     -82.868306 
 46134528      93.600000     -82.860382 
 46134528      93.600000     -82.876783 
 46134528      93.600000     -82.872265 
 46134528      93.600000     -82.847517 
 46134528      93.600000     -82.890055 
 46134528      93.600000     -82.877749 
 46134528      93.600000     -82.874917 
 46134528      93.600000     -82.867343 
 46134528      93.600000     -82.872680 
 46134528      93.600000     -82.867302 
 46134528      93.600000     -82.889068 
 46134528      93.600000     -82.896065 
 46134528      93.600000     -82.856905 
 46134528      93.600000     -82.889059 
 46134528      93.600000     -82.893290 
 46134528      93.600000     -82.902533 
 46134528      93.600000     -82.854783 
 46134528      93.600000     -82.859949 
 46134528      93.600000     -82.871543 
 46134528      93.600000     -82.860839 
 46134528      93.600000     -82.884144 
 46134528      93.600000     -82.881835 
 46134528      93.600000     -82.865196 
 46134528      93.600000     -82.856272 
 46134528      93.600000     -82.822378 
 46134528      93.600000     -82.886069 
 46134528      93.600000     -82.876268 
 46134528      93.600000     -82.879449 
 46134528      93.600000     -82.875959 
 46134528      93.600000     -82.880984 
 46134528      93.600000     -82.904827 
 46134528      93.600000     -82.887937 
 46134528      93.600000     -82.876417 
 46134528      93.600000     -82.897044 
 46134528      93.600000     -82.862454 
 46134528      93.600000     -82.870324 
 46134528      93.600000     -82.860096 
 46134528      93.600000     -82.861926 
 46134528      93.600000     -82.872812 
 46134528      93.600000     -82.891491 
 46134528      93.600000     -82.891247 
 46134528      93.600000     -82.856132 
 46134528      93.600000     -82.890591 
 46134528      93.600000     -82.868083 
 46134528      93.600000     -82.888736 
 46134528      93.600000     -82.847741 
 46134528      93.600000     -82.902829 
 46134528      93.600000     -82.865549 
 46134528      93.600000     -82.884272 
 46134528      93.600000     -82.846532 
 46134528       0.400000     -82.807248 
 46134528      93.600000     -82.852161 
 46134528      93.600000     -82.862601 
 46134528      93.600000     -82.869309 
 46134528      93.600000     -82.859530 
 46134528      93.600000     -82.834610 
 46134528      93.600000     -82.871729 
 46134528      93.600000     -82.861189 
 46134528      93.600000     -82.800137 
 46134528      93.600000     -82.852980 
 46134528      93.600000     -82.851593 
 46134528      93.600000     -82.865096 
 46134528      93.600000     -82.850252 
 46134528      93.600000     -82.837400 
 46134528      93.600000     -82.874252 
 46134528      93.600000     -82.881801 
 46134528      93.600000     -82.867592 
 46134528      93.600000     -82.864660 
 46134528      93.600000     -82.855616 
 46134528      93.600000     -82.853215 
 46134528      93.600000     -82.846762 
 46134528      93.600000     -82.866276 
 46134528      93.600000     -82.838256 
 46134528      93.600000     -82.884647 
 46134528      93.600000     -82.831967 
 46134528      93.600000     -82.848823 
 46134528      93.600000     -82.836513 
 46134528      93.600000     -82.833073 
 46134528      93.600000     -82.841118 
 46134528      93.600000     -82.835869 
 46134528      93.600000     -82.849301 
 46134528      93.600000     -82.843223 
 46134528      93.600000     -82.802685 
 46134528      93.600000     -82.823476 
 46134528      93.600000     -82.809872 
 46134528      93.600000     -82.860105 
 46134528      93.600000     -82.876274 
 46134528      93.600000     -82.859392 
 46134528      93.600000     -82.862080 
 46134528      93.600000     -82.842074 
 46134528      93.600000     -82.844091 
 46134528      93.600000     -82.835885 
 46134528      93.600000     -82.865285 
 46134528      93.600000     -82.837994 
 46134528      93.600000     -82.827281 
 46134528      93.600000     -82.884155 
 46134528      93.600000     -82.877327 
 46134528      93.600000     -82.849047 
 46134528      93.600000     -82.857049 
 46134528      93.600000     -82.855771 
 46134528      93.600000     -82.860838 
 46134528      93.600000     -82.863623 
 46134528      93.600000     -82.857169 
 46134528      93.600000     -82.868805 
 46134528      93.600000     -82.848110 
 46134528      93.600000     -82.846323 
 46134528      93.600000     -82.876694 
 46134528      93.600000     -82.847166 
 46134528      93.600000     -82.820061 
 46134528      93.600000     -82.867802 
 46134528      93.600000     -82.820563 
 46134528      93.600000     -82.855598 
 46134528      93.600000     -82.858534 
 46134528      93.600000     -82.862921 
 46134528      93.600000     -82.866473 
 46134528      93.600000     -82.890324 
 46134528      93.600000     -82.899263 
 46134528      93.600000     -82.857448 
 46134528      93.600000     -82.865447 
 46134528      93.600000     -82.876434 
 46134528      93.600000     -82.860607 
 46134528      93.600000     -82.879881 
 46134528      93.600000     -82.865024 
 46134528      93.600000     -82.859711 
 46134528      93.600000     -82.878257 
 46134528      93.600000     -82.883231 
 46134528      93.600000     -82.876015 
 46134528      93.600000     -82.877076 
 46134528      93.600000     -82.905794 
 46134528      93.600000     -82.874866 
 46134528      93.600000     -82.910909 
 46134528      93.600000     -82.857449 
 46134528      93.600000     -82.833620 
 46134528      93.600000     -82.865893 
 46134528      93.600000     -82.858566 
 46134528      93.600000     -82.875142 
 46134528      93.600000     -82.882427 
 46134528      93.600000     -82.871771 
 46134528      93.600000     -82.882796 
 46134528      93.600000     -82.881499 
 46134528      93.600000     -82.870629 
 46134528      93.600000     -82.888462 
 46134528      93.600000     -82.855330 
 46134528      93.600000     -82.880740 
 46134528      93.600000     -82.876145 
 46134528      93.600000     -82.875993 
 46134528      93.600000     -82.860676 
 46134528      93.600000     -82.850428 
 46134528      93.600000     -82.890319 
 46134528      93.600000     -82.892016 
 46134528      93.600000     -82.903069 
 46134528      93.600000     -82.892642 
 46134528      93.600000     -82.845158 
 46134528      93.600000     -82.886568 
 46134528      93.600000     -82.889215 
 46134528      93.600000     -82.895335 
 46134528      93.600000     -82.878131 
 46134528      93.600000     -82.868239 
 46134528      93.600000     -82.886489 
 46134528      93.600000     -82.911911 
 46134528      93.600000     -82.887330 
 46134528      93.600000     -82.875056 
 46134528      93.600000     -82.891904 
 46134528      93.600000     -82.892298 
 46134528      93.600000     -82.900137 
 46137088      93.600000     -95.628598 
 46137088      93.600000     -95.644472 
 46137088      93.600000     -95.658077 
 46137088      93.600000     -95.653780 
 46137088      93.600000     -95.625367 
 46137088      93.600000     -95.636107 
 46137088      93.600000     -95.628206 
 46137088      93.600000     -95.640193 
 46137088      93.600000     -95.626834 
 46137088      93.600000     -95.627932 
 46137088      93.600000     -95.621019 
 46137088      93.600000     -95.645374 
 46137088      93.600000     -95.647261 
 46137088      93.600000     -95.675397 
 46137088      93.600000     -95.651174 
 46137088      93.600000     -95.653348 
 46137088      93.600000     -95.632809 
 46137088      93.600000     -95.639092 
 46137088      93.600000     -95.649490 
 46137088      93.600000     -95.624914 
 46137088      93.600000     -95.660258 
 46137088      93.600000     -95.599660 
 46137088      93.600000     -95.616787 
 46137088      93.600000     -95.625974 
 46137088      93.600000     -95.660734 
 46137088      93.600000     -95.662861 
 46137088      93.600000     -95.645760 
 46137088      93.600000     -95.634590 
 46137088      93.600000     -95.641504 
 46137088      93.600000     -95.652035 
 46137088      93.600000     -95.641306 
 46137088      93.600000     -95.650572 
 46137088      93.600000     -95.664463 
 46137088      93.600000     -95.648483 
 46137088      93.600000     -95.659910 
 46137088      93.600000     -95.637822 
 46137088      93.600000     -95.652718 
 46137088      93.600000     -95.656326 
 46137088      93.600000     -95.650206 
 46137088      93.600000     -95.637382 
 46137088      93.600000     -95.649634 
 46137088      93.600000     -95.625490 
 46137088      93.600000     -95.671966 
 46137088      93.600000     -95.623729 
 46137088      93.600000     -95.630013 
 46137088      93.600000     -95.648238 
 46137088      93.600000     -95.647870 
 46137088      93.600000     -95.639737 
 46137088      93.600000     -95.653348 
 46137088      93.600000     -95.623947 
 46137088      93.600000     -95.653394 
 46137088      93.600000     -95.615213 
 46137088      93.600000     -95.635799 
 46137088      93.600000     -95.651449 
 46137088      93.600000     -95.632925 
 46137088      93.600000     -95.662994 
 46137088      93.600000     -95.611905 
 46137088      93.600000     -95.593819 
 46137088      93.600000     -95.646041 
 46137088      93.600000     -95.611714 
 46137088      93.600000     -95.616354 
 46137088      93.600000     -95.621533 
 46137088      93.600000     -95.609526 
 46137088      93.600000     -95.657521 
 46137088      93.600000     -95.649793 
 46137088      93.600000     -95.618965 
 46137088      93.600000     -95.613357 
 46137088      93.600000     -95.632826 
 46137088      93.600000     -95.651475 
 46137088      93.600000     -95.643871 
 46137088      93.600000     -95.641618 
 46137088      93.600000     -95.627276 
 46137088      93.600000     -95.644609 
 46137088      93.600000     -95.618651 
 46137088      93.600000     -95.621986 
 46137088      93.600000     -95.654799 
 46137088      93.600000     -95.626920 
 46137088      93.600000     -95.626128 
 46137088      93.600000     -95.617974 
 46137088      93.600000     -95.627136 
 46137088      93.600000     -95.614987 
 46137088      93.600000     -95.628849 
 46137088      93.600000     -95.646080 
 46137088      93.600000     -95.615880 
 46137088      93.600000     -95.617674 
 46137088      93.600000     -95.644571 
 46137088      93.600000     -95.625708 
 46137088      93.600000     -95.638504 
 46137088      93.600000     -95.619822 
 46137088      93.600000     -95.673198 
 46137088      93.600000     -95.649251 
 46137088      93.600000     -95.599007 
 46137088      93.600000     -95.621995 
 46137088      93.600000     -95.626985 
 46137088      93.600000     -95.631370 
 46137088      93.600000     -95.621521 
 46137088      93.600000     -95.626642 
 46137088      93.600000     -95.661006 
 46137088      93.600000     -95.614006 
 46137088      93.600000     -95.640360 
 46137088      93.600000     -95.585522 
 46137088      93.600000     -95.645213 
 46137088      93.600000     -95.650814 
 46137088      93.600000     -95.622486 
 46137088      93.600000     -95.607309 
 46137088      93.600000     -95.614348 
 46137088      93.600000     -95.648316 
 46137088      93.600000     -95.642136 
 46137088      93.600000     -95.631865 
 46137088      93.600000     -95.573696 
 46137088      93.600000     -95.632165 
 46137088      93.600000     -95.633757 
 46137088      93.600000     -95.624698 
 46137088      10.400000     -95.628578 
 46137088      93.600000     -95.644412 
 46137088      93.600000     -95.645817 
 46137088      93.600000     -95.630333 
 46137088      93.600000     -95.638874 
 46137088      93.600000     -95.654425 
 46137088      93.600000     -95.634213 
 46137088      93.600000     -95.685648 
 46137088      93.600000     -95.623371 
 46137088      93.600000     -95.612312 
 46137088      93.600000     -95.655882 
 46137088      93.600000     -95.634672 
 46137088      93.600000     -95.645680 
 46137088      93.600000     -95.643332 
 46137088      93.600000     -95.632775 
 46137088      93.600000     -95.632975 
 46137088      93.600000     -95.656280 
 46137088      93.600000     -95.622810 
 46137088      93.600000     -95.623330 
 46137088      93.600000     -95.632899 
 46137088      93.600000     -95.638097 
 46137088      93.600000     -95.671879 
 46137088      93.600000     -95.664126 
 46137088      93.600000     -95.641555 
 46137088      93.600000     -95.636043 
 46137088      93.600000     -95.653913 
 46137088      93.600000     -95.641969 
 46137088      93.600000     -95.644296 
 46137088      93.600000     -95.640519 
 46137088      93.600000     -95.648576 
 46137088      93.600000     -95.643682 
 46137088      93.600000     -95.630858 
 46137088      93.600000     -95.638657 
 46137088      93.600000     -95.637826 
 46137088      93.600000     -95.615874 
 46137088      93.600000     -95.638713 
 46137088      93.600000     -95.635496 
 46137088      93.600000     -95.637979 
 46137088      93.600000     -95.634947 
 46137088      93.600000     -95.621172 
 46137088      93.600000     -95.654080 
 46137088      93.600000     -95.594641 
 46137088      93.600000     -95.666463 
 46137088      93.600000     -95.637082 
 46137088      93.600000     -95.644908 
 46137088      93.600000     -95.644721 
 46137088      93.600000     -95.665123 
 46137088      93.600000     -95.639344 
 46137088      93.600000     -95.654842 
 46137088      93.600000     -95.630682 
 46137088      93.600000     -95.667533 
 46137088      93.600000     -95.609125 
 46137088      93.600000     -95.641920 
 46137088      93.600000     -95.615557 
 46137088      93.600000     -95.587532 
 46137088      93.600000     -95.649823 
 46137088      93.600000     -95.637892 
 46137088      93.600000     -95.644485 
 46137088      93.600000     -95.610075 
 46137088      93.600000     -95.620712 
 46137088      93.600000     -95.653994 
 46137088      93.600000     -95.624040 
 46137088      93.600000     -95.635072 
 46137088      93.600000     -95.638636 
 46137088      93.600000     -95.612153 
 46137088      93.600000     -95.619740 
 46137088      93.600000     -95.625530 
 46137088      93.600000     -95.642729 
 46137088      93.600000     -95.619541 
 46137088      93.600000     -95.647255 
 46137088      93.600000     -95.640807 
 46137088      93.600000     -95.614543 
 46137088      93.600000     -95.623387 
 46137088      93.600000     -95.637743 
 46137088      93.600000     -95.630608 
 46137088      93.600000     -95.631471 
 46137088      93.600000     -95.605264 
 46137088      93.600000     -95.648171 
 46137088      93.600000     -95.635698 
 46137088      93.600000     -95.629757 
 46137088      93.600000     -95.623588 
 46137088      93.600000     -95.639624 
 46137088      93.600000     -95.639061 
 46137088      93.600000     -95.622520 
 46137088      93.600000     -95.635568 
 46137088      93.600000     -95.638553 
 46137088      93.600000     -95.634869 
 46137088      93.600000     -95.655756 
 46137088      93.600000     -95.627835 
 46137088      93.600000     -95.636121 
 46137088      93.600000     -95.617523 
 46137088      93.600000     -95.622176 
 46137088      93.600000     -95.622694 
 46137088      93.600000     -95.659767 
 46137088      93.600000     -95.642642 
 46137088      93.600000     -95.637679 
 46137088      93.600000     -95.632489 
 46137088      93.600000     -95.631487 
 46137088      93.600000     -95.624830 
 46137088      93.600000     -95.633647 
 46137088      93.600000     -95.620849 
 46137088      93.600000     -95.642541 
 46137088      93.600000     -95.633803 
 46137088      93.600000     -95.641654 
 46137088      93.600000     -95.605926 
 46137088      93.600000     -95.623816 
 46137088       0.400000     -95.628362 
 46137088      93.600000     -95.652738 
 46137088      93.600000     -95.631413 
 46137088      93.600000     -95.620616 
 46137088      93.600000     -95.618237 
 46137088      93.600000     -95.664914 
 46137088      93.600000     -95.635074 
 46137088      93.600000     -95.619608 
 46137088      93.600000     -95.636171 
 46137088      93.600000     -95.631696 
 46137088      93.600000     -95.616337 
 46137088      93.600000     -95.638883 
 46137088      93.600000     -95.652758 
 46137088      93.600000     -95.642647 
 46137088      93.600000     -95.611112 
 46137088      93.600000     -95.629325 
 46137088      93.600000     -95.641056 
 46137088      93.600000     -95.640609 
 46137088      93.600000     -95.644323 
 46137088      93.600000     -95.635531 
 46137088      93.600000     -95.648632 
 46137088      93.600000     -95.639267 
 46137088      93.600000     -95.631122 
 46137088      93.600000     -95.612937 
 46137088      93.600000     -95.648050 
 46137088      93.600000     -95.641727 
 46137088      93.600000     -95.621388 
 46137088      93.600000     -95.624832 
 46137088      93.600000     -95.650153 
 46137088      93.600000     -95.637262 
 46137088      93.600000     -95.658485 
 46137088      93.600000     -95.645633 
 46137088      93.600000     -95.640755 
 46137088      93.600000     -95.636140 
 46137088      93.600000     -95.582254 
 46137088      93.600000     -95.635633 
 46137088      93.600000     -95.645907 
 46137088      93.600000     -95.650304 
 46137088      93.600000     -95.642138 
 46137088      93.600000     -95.609857 
 46137088      93.600000     -95.652470 
 46137088      93.600000     -95.657424 
 46137088      93.600000     -95.657745 
 46137088      93.600000     -95.608677 
 46137088      93.600000     -95.625110 
 46137088      93.600000     -95.629400 
 46137088      93.600000     -95.619353 
 46137088      93.600000     -95.640698 
 46137088      93.600000     -95.660346 
 46137088      93.600000     -95.636183 
 46137088      93.600000     -95.626696 
 46137088      93.600000     -95.633618 
 46137088      93.600000     -95.676693 
 46137088      93.600000     -95.618197 
 46137088      93.600000     -95.628940 
 46137088      93.600000     -95.676365 
 46137088      93.600000     -95.651190 
 46137088      93.600000     -95.638036 
 46137088      93.600000     -95.622312 
 46137088      93.600000     -95.643761 
 46137088      93.600000     -95.659925 
 46137088      93.600000     -95.635419 
 46137088      93.600000     -95.664262 
 46137088      93.600000     -95.634014 
 46137088      93.600000     -95.622993 
 46137088      93.600000     -95.617628 
 46137088      93.600000     -95.622553 
 46137088      93.600000     -95.620215 
 46137088      93.600000     -95.640790 
 46137088      93.600000     -95.617623 
 46137088      93.600000     -95.622751 
 46137088      93.600000     -95.635498 
 46137088      93.600000     -95.628548 
 46137088      93.600000     -95.636584 
 46137088      93.600000     -95.617039 
 46137088      93.600000     -95.635799 
 46137088      93.600000     -95.623152 
 46137088      93.600000     -95.629157 
 46137088      93.600000     -95.606916 
 46137088      93.600000     -95.653566 
 46137088      93.600000     -95.602537 
 46137088      93.600000     -95.628352 
 46137088      93.600000     -95.596931 
 46137088      93.600000     -95.637799 
 46137088      93.600000     -95.616376 
 46137088      93.600000     -95.613681 
 46137088      93.600000     -95.597194 
 46137088      93.600000     -95.613594 
 46137088      93.600000     -95.631508 
 46137088      93.600000     -95.646357 
 46137088      93.600000     -95.611875 
 46137088      93.600000     -95.613915 
 46137088      93.600000     -95.595271 
 46137088      93.600000     -95.617533 
 46137088      93.600000     -95.621812 
 46137088      93.600000     -95.608580 
 46137088      93.600000     -95.649499 
 46137088      93.600000     -95.639365 
 46137088      93.600000     -95.600645 
 46137088      93.600000     -95.619880 
 46137088      93.600000     -95.642975 
 46137088      93.600000     -95.627177 
 46137088      93.600000     -95.631749 
 46137088      93.600000     -95.619591 
 46137088      93.600000     -95.621204 
 46137088      93.600000     -95.645840 
 46137088      93.600000     -95.638397 
 46137088      93.600000     -95.621235 
 46137088      93.600000     -95.626541 
 46137088      93.600000     -95.632573 
 46137088      93.600000     -95.607648 
 46137088      93.600000     -95.623174 
 46137088      93.600000     -95.619883 
 46137088      93.600000     -95.612921 
 46137088      93.600000     -95.629763 
 46137088      93.600000     -95.624610 
 46137088      93.600000     -95.635334 
 46137088      93.600000     -95.638726 
 46137088      93.600000     -95.652364 
 46137088      93.600000     -95.631390 
 46137088      93.600000     -95.636138 
 46137088      93.600000     -95.661115 
 46137088      93.600000     -95.630053 
 46137088      93.600000     -95.626465 
 46137088      93.600000     -95.641483 
 46137088      93.600000     -95.642541 
 46137088      93.600000     -95.643205 
 46137088      93.600000     -95.659389 
 46137088      93.600000     -95.628499 
 46137088      93.600000     -95.660587 
 46137088      93.600000     -95.660078 
 46137088      93.600000     -95.671960 
 46137088      93.600000     -95.662323 
 46137088      93.600000     -95.609668 
 46137088      93.600000     -95.646538 
 46137088      93.600000     -95.649470 
 46137088      93.600000     -95.658246 
 46137088      93.600000     -95.658551 
 46137088      93.600000     -95.648648 
 46137088      93.600000     -95.632138 
 46137088      93.600000     -95.635180 
 46137088      93.600000     -95.668867 
 46137088      93.600000     -95.640195 
 46137088      93.600000     -95.673563 
 46137088      93.600000     -95.659305 
 46137088      93.600000     -95.655331 
 46137088      93.600000     -95.638570 
 46137088      93.600000     -95.632033 
 46137088      93.600000     -95.653597 
 46137088      93.600000     -95.624408 
 46137088      93.600000     -95.647307 
 46137088      93.600000     -95.641535 
 46137088      93.600000     -95.622791 
 46137088      93.600000     -95.667960 
 46137088      93.600000     -95.652696 
 46137088      93.600000     -95.639612 
 46137088      93.600000     -95.616097 
 46137088      93.600000     -95.634712 
 46137088      93.600000     -95.653274 
 46137088      93.600000     -95.661174 
 46137088      93.600000     -95.658784 
 46137088      93.600000     -95.638978 
 46137088      93.600000     -95.670510 
 46137088      93.600000     -95.645698 
 46137088      93.600000     -95.625993 
 46137088      93.600000     -95.651284 
 46137088      93.600000     -95.632735 
 46137088      93.600000     -95.647004 
 46137088      93.600000     -95.638552 
 46137088      93.600000     -95.641147 
 46137088      93.600000     -95.647983 
 46137088      93.600000     -95.637363 
 46137088      93.600000     -95.652334 
 46137088      93.600000     -95.664935 
 46137088      93.600000     -95.654762 
 46137088      93.600000     -95.640053 
 46137088      93.600000     -95.644155 
 46137088      93.600000     -95.650205 
 46137088      93.600000     -95.638479 
 46137088      93.600000     -95.651623 
 46137088      93.600000     -95.615986 
 46137088      93.600000     -95.632237 
 46137088      93.600000     -95.618850 
 46137088      93.600000     -95.624673 
 46137088      93.600000     -95.627189 
 46137088      93.600000     -95.631253 
 46137088      93.600000     -95.640709 
 46137088      93.600000     -95.635571 
 46137088      93.600000     -95.647743 
 46137088      93.600000     -95.602095 
 46137088      93.600000     -95.602848 
 46137088      93.600000     -95.603678 
 46137088      93.600000     -95.610006 
 46137088      93.600000     -95.649507 
 46137088      93.600000     -95.603738 
 46137088      93.600000     -95.644467 
 46137088      93.600000     -95.632702 
 46137088      93.600000     -95.627349 
 46137088      93.600000     -95.620716 
 46137088      93.600000     -95.645130 
 46137088      93.600000     -95.606622 
 46137088      93.600000     -95.658126 
 46137088      93.600000     -95.640658 
 46137088      93.600000     -95.649031 
 46137088      93.600000     -95.621715 
 46137088      93.600000     -95.622307 
 46137088      93.600000     -95.644251 
 46137088      93.600000     -95.618111 
 46137088      93.600000     -95.629029 
 46137088      93.600000     -95.605507 
 46137088      93.600000     -95.609795 
 46137088      93.600000     -95.636544 
 46137088      93.600000     -95.613039 
 46137088      93.600000     -95.663820 
 46137088      93.600000     -95.642209 
 46137088      93.600000     -95.644319 
 46137088      93.600000     -95.620676 
 46137088      93.600000     -95.610342 
 46137088      93.600000     -95.625301 
 46137088      93.600000     -95.620798 
 46137088      93.600000     -95.606448 
 46137088      93.600000     -95.624399 
 46137088      93.600000     -95.614966 
 46137088      93.600000     -95.631492 
 46137088      93.600000     -95.653251 
 46137088      93.600000     -95.629391 
 46137088      93.600000     -95.622682 
 46137088      93.600000     -95.614027 
 46137088      93.600000     -95.644397 
 46137088      93.600000     -95.627487 
 46137088      93.600000     -95.624270 
 46137088      93.600000     -95.606884 
 46137088      93.600000     -95.623315 
