## MACS1423 IRAC ch1 observation
# 1 AOR
# 2 EXPTIME
# 3 CROTA2
 46127616      10.400000      61.464527 
 46127616      93.600000      61.458177 
 46127616      93.600000      61.460197 
 46127616      93.600000      61.445997 
 46127616      93.600000      61.455893 
 46127616      93.600000      61.450717 
 46127616      93.600000      61.459374 
 46127616      93.600000      61.453316 
 46127616      93.600000      61.455155 
 46127616      93.600000      61.452442 
 46127616      93.600000      61.452828 
 46127616      93.600000      61.455552 
 46127616      93.600000      61.456179 
 46127616      93.600000      61.451648 
 46127616      93.600000      61.456269 
 46127616      93.600000      61.462080 
 46127616      93.600000      61.467450 
 46127616      93.600000      61.449093 
 46127616      93.600000      61.460158 
 46127616      93.600000      61.451217 
 46127616      93.600000      61.457881 
 46127616      93.600000      61.452401 
 46127616      93.600000      61.452531 
 46127616      93.600000      61.456243 
 46127616      93.600000      61.453293 
 46127616      93.600000      61.457271 
 46127616      93.600000      61.461090 
 46127616      93.600000      61.451979 
 46127616      93.600000      61.458987 
 46127616      93.600000      61.458555 
 46127616      93.600000      61.457564 
 46127616      93.600000      61.452622 
 46127616      93.600000      61.451583 
 46127616      93.600000      61.457071 
 46127616      93.600000      61.453465 
 46127616      93.600000      61.458536 
 46127616      93.600000      61.457500 
 46127616      93.600000      61.451068 
 46127616      93.600000      61.446856 
 46127616      93.600000      61.458910 
 46127616      93.600000      61.460114 
 46127616      93.600000      61.453754 
 46127616      93.600000      61.457517 
 46127616      93.600000      61.446700 
 46127616      93.600000      61.454904 
 46127616      93.600000      61.464713 
 46127616      93.600000      61.452092 
 46127616      93.600000      61.454153 
 46127616      93.600000      61.453317 
 46127616      93.600000      61.452685 
 46127616      93.600000      61.463942 
 46127616      93.600000      61.454837 
 46127616      93.600000      61.463872 
 46127616      93.600000      61.451559 
 46127616      93.600000      61.456802 
 46127616      93.600000      61.458780 
 46127616      93.600000      61.458196 
 46127616      93.600000      61.454107 
 46127616      93.600000      61.456288 
 46127616      93.600000      61.454799 
 46127616      93.600000      61.481052 
 46127616      93.600000      61.456957 
 46127616      93.600000      61.482076 
 46127616      93.600000      61.479008 
 46127616      93.600000      61.479001 
 46127616      93.600000      61.486775 
 46127616      93.600000      61.490232 
 46127616      93.600000      61.472545 
 46127616      93.600000      61.487160 
 46127616      93.600000      61.476717 
 46127616      93.600000      61.481708 
 46127616      93.600000      61.481194 
 46127616      93.600000      61.476647 
 46127616      93.600000      61.477803 
 46127616      93.600000      61.483935 
 46127616      93.600000      61.474050 
 46127616      93.600000      61.478855 
 46127616      93.600000      61.484343 
 46127616      93.600000      61.481195 
 46127616      93.600000      61.477042 
 46127616      93.600000      61.480732 
 46127616      93.600000      61.481846 
 46127616      93.600000      61.476004 
 46127616      93.600000      61.479468 
 46127616      93.600000      61.477941 
 46127616      93.600000      61.477186 
 46127616      93.600000      61.481479 
 46127616      93.600000      61.481857 
 46127616      93.600000      61.482817 
 46127616      93.600000      61.481740 
 46127616      93.600000      61.483731 
 46127616      93.600000      61.483854 
 46127616      93.600000      61.471061 
 46127616      93.600000      61.480236 
 46127616      93.600000      61.478527 
 46127616      93.600000      61.483318 
 46127616      93.600000      61.478201 
 46127616      93.600000      61.474744 
 46127616      93.600000      61.481134 
 46127616      93.600000      61.473726 
 46127616      93.600000      61.479968 
 46127616      93.600000      61.476154 
 46127616      93.600000      61.481097 
 46127616      93.600000      61.481545 
 46127616      93.600000      61.479888 
 46127616      93.600000      61.486267 
 46127616      93.600000      61.475949 
 46127616      93.600000      61.476136 
 46127616      93.600000      61.473829 
 46127616      93.600000      61.477397 
 46127616      93.600000      61.475912 
 46127616      93.600000      61.481500 
 46127616      93.600000      61.476175 
 46127616      93.600000      61.480760 
 46127616      93.600000      61.481377 
 46127616      93.600000      61.484906 
 46127616      93.600000      61.478452 
 46127616      93.600000      61.479045 
 46127616      93.600000      61.466620 
 46127616      93.600000      61.475886 
 46127616      93.600000      61.482270 
 46127616      93.600000      61.476266 
 46127616      93.600000      61.476225 
 46127616      93.600000      61.469715 
 46127616      93.600000      61.476743 
 46127616      93.600000      61.487464 
 46127616      93.600000      61.476139 
 46127616      93.600000      61.453174 
 46127616      93.600000      61.464381 
 46127616      93.600000      61.463329 
 46127616      93.600000      61.460662 
 46127616      93.600000      61.450684 
 46127616      93.600000      61.456308 
 46127616      93.600000      61.454428 
 46127616      93.600000      61.452999 
 46127616      93.600000      61.460760 
 46127616      93.600000      61.457307 
 46127616      93.600000      61.450969 
 46127616      93.600000      61.454676 
 46127616      93.600000      61.458044 
 46127616      93.600000      61.460863 
 46127616      93.600000      61.451593 
 46127616      93.600000      61.447647 
 46127616      93.600000      61.459363 
 46127616      93.600000      61.452094 
 46127616      93.600000      61.454907 
 46127616      93.600000      61.454309 
 46127616      93.600000      61.453396 
 46127616      93.600000      61.453368 
 46127616      93.600000      61.461740 
 46127616      93.600000      61.465672 
 46127616      93.600000      61.458911 
 46127616      93.600000      61.451408 
 46127616      93.600000      61.450671 
 46127616      93.600000      61.454093 
 46127616      93.600000      61.455235 
 46127616      93.600000      61.462510 
 46127616      93.600000      61.457033 
 46127616      93.600000      61.461279 
 46127616      93.600000      61.456397 
 46127616      93.600000      61.456654 
 46127616      93.600000      61.462013 
 46127616      93.600000      61.445833 
 46127616      93.600000      61.465202 
 46127616      93.600000      61.454140 
 46127616      93.600000      61.451841 
 46127616      93.600000      61.450568 
 46127616      93.600000      61.456536 
 46127616      93.600000      61.464203 
 46127616      93.600000      61.453301 
 46127616      93.600000      61.456138 
 46127616      93.600000      61.456540 
 46127616      93.600000      61.461557 
 46127616      93.600000      61.460775 
 46127616      93.600000      61.456720 
 46127616      93.600000      61.462952 
 46127616      93.600000      61.461813 
 46127616      93.600000      61.458002 
 46127616      93.600000      61.460358 
 46127616      93.600000      61.454151 
 46127616      93.600000      61.460583 
 46127616      93.600000      61.457891 
 46127616      93.600000      61.452303 
 46127616      93.600000      61.450280 
 46127616      93.600000      61.491016 
 46127616      93.600000      61.477497 
 46127616      93.600000      61.472561 
 46127616      93.600000      61.486847 
 46127616      93.600000      61.479278 
 46127616      93.600000      61.488640 
 46127616      93.600000      61.486230 
 46127616      93.600000      61.483054 
 46127616      93.600000      61.480483 
 46127616      93.600000      61.479167 
 46127616      93.600000      61.478067 
 46127616      93.600000      61.473305 
 46127616      93.600000      61.480742 
 46127616      93.600000      61.479135 
 46127616      93.600000      61.484302 
 46127616      93.600000      61.470760 
 46127616      93.600000      61.483792 
 46127616      93.600000      61.479458 
 46127616      93.600000      61.483965 
 46127616      93.600000      61.478989 
 46127616      93.600000      61.472433 
 46127616      93.600000      61.475675 
 46127616      93.600000      61.481069 
 46127616      93.600000      61.485510 
 46127616      93.600000      61.479137 
 46127616      93.600000      61.472939 
 46127616      93.600000      61.478324 
 46127616      93.600000      61.480643 
 46127616      93.600000      61.473224 
 46127616      93.600000      61.478282 
 46127616      93.600000      61.478935 
 46127616      93.600000      61.474374 
 46127616      93.600000      61.481582 
 46127616      93.600000      61.472545 
 46127616      93.600000      61.479282 
 46127616      93.600000      61.476471 
 46127616      93.600000      61.471288 
 46127616      93.600000      61.487643 
 46127616      93.600000      61.472053 
 46127616      93.600000      61.471004 
 46127616      93.600000      61.479784 
 46127616      93.600000      61.477659 
 46127616      93.600000      61.479660 
 46127616      93.600000      61.474839 
 46127616      93.600000      61.477547 
 46127616      93.600000      61.477713 
 46127616      93.600000      61.476411 
 46127616      93.600000      61.473313 
 46127616      93.600000      61.476839 
 46127616      93.600000      61.471943 
 46127616      93.600000      61.478285 
 46127616      93.600000      61.478026 
 46127616      93.600000      61.482174 
 46127616      93.600000      61.480172 
 46127616      93.600000      61.481302 
 46127616      93.600000      61.479918 
 46127616      93.600000      61.483341 
 46127616      93.600000      61.485221 
 46127616      93.600000      61.474922 
 46127616       0.400000      61.464458 
 46127616      93.600000      61.443419 
 46127616      93.600000      61.454809 
 46127616      93.600000      61.452721 
 46127616      93.600000      61.454306 
 46127616      93.600000      61.458508 
 46127616      93.600000      61.458946 
 46127616      93.600000      61.460427 
 46127616      93.600000      61.459469 
 46127616      93.600000      61.450164 
 46127616      93.600000      61.445207 
 46127616      93.600000      61.457794 
 46127616      93.600000      61.452759 
 46127616      93.600000      61.450635 
 46127616      93.600000      61.457693 
 46127616      93.600000      61.458797 
 46127616      93.600000      61.461565 
 46127616      93.600000      61.458956 
 46127616      93.600000      61.450207 
 46127616      93.600000      61.456914 
 46127616      93.600000      61.456693 
 46127616      93.600000      61.454233 
 46127616      93.600000      61.447997 
 46127616      93.600000      61.474812 
 46127616      93.600000      61.454637 
 46127616      93.600000      61.457341 
 46127616      93.600000      61.455643 
 46127616      93.600000      61.456519 
 46127616      93.600000      61.461175 
 46127616      93.600000      61.450722 
 46127616      93.600000      61.453498 
 46127616      93.600000      61.452784 
 46127616      93.600000      61.448657 
 46127616      93.600000      61.454958 
 46127616      93.600000      61.463133 
 46127616      93.600000      61.454500 
 46127616      93.600000      61.461808 
 46127616      93.600000      61.463891 
 46127616      93.600000      61.453707 
 46127616      93.600000      61.450564 
 46127616      93.600000      61.449855 
 46127616      93.600000      61.456939 
 46127616      93.600000      61.456505 
 46127616      93.600000      61.462733 
 46127616      93.600000      61.454484 
 46127616      93.600000      61.445265 
 46127616      93.600000      61.455116 
 46127616      93.600000      61.459292 
 46127616      93.600000      61.453959 
 46127616      93.600000      61.446667 
 46127616      93.600000      61.455173 
 46127616      93.600000      61.449126 
 46127616      93.600000      61.468525 
 46127616      93.600000      61.453091 
 46127616      93.600000      61.448984 
 46127616      93.600000      61.466698 
 46127616      93.600000      61.459769 
 46127616      93.600000      61.455820 
 46127616      93.600000      61.456716 
 46127616      93.600000      61.459277 
 46127616      93.600000      61.454757 
 46127616      93.600000      61.464551 
 46127616      93.600000      61.455045 
 46127616      93.600000      61.455946 
 46127616      93.600000      61.462520 
 46127616      93.600000      61.446503 
 46127616      93.600000      61.451676 
 46127616      93.600000      61.477338 
 46127616      93.600000      61.485962 
 46127616      93.600000      61.470889 
 46127616      93.600000      61.478137 
 46127616      93.600000      61.481926 
 46127616      93.600000      61.475525 
 46127616      93.600000      61.483731 
 46127616      93.600000      61.474964 
 46127616      93.600000      61.481892 
 46127616      93.600000      61.472238 
 46127616      93.600000      61.465450 
 46127616      93.600000      61.474213 
 46127616      93.600000      61.471676 
 46127616      93.600000      61.476251 
 46127616      93.600000      61.473010 
 46127616      93.600000      61.487247 
 46127616      93.600000      61.486185 
 46127616      93.600000      61.483452 
 46127616      93.600000      61.473112 
 46127616      93.600000      61.464752 
 46127616      93.600000      61.484297 
 46127616      93.600000      61.486597 
 46127616      93.600000      61.489714 
 46127616      93.600000      61.477102 
 46127616      93.600000      61.481998 
 46127616      93.600000      61.470746 
 46127616      93.600000      61.471414 
 46127616      93.600000      61.472349 
 46127616      93.600000      61.468499 
 46127616      93.600000      61.484311 
 46127616      93.600000      61.479514 
 46127616      93.600000      61.474975 
 46127616      93.600000      61.480918 
 46127616      93.600000      61.483437 
 46127616      93.600000      61.479049 
 46127616      93.600000      61.483668 
 46127616      93.600000      61.476770 
 46127616      93.600000      61.482118 
 46127616      93.600000      61.474448 
 46127616      93.600000      61.483799 
 46127616      93.600000      61.475406 
 46127616      93.600000      61.497281 
 46127616      93.600000      61.476844 
 46127616      93.600000      61.476006 
 46127616      93.600000      61.476886 
 46127616      93.600000      61.471315 
 46127616      93.600000      61.479538 
 46127616      93.600000      61.468919 
 46127616      93.600000      61.476978 
 46127616      93.600000      61.476888 
 46127616      93.600000      61.483426 
 46127616      93.600000      61.470836 
 46127616      93.600000      61.482441 
 46127616      93.600000      61.468925 
 46127616      93.600000      61.472132 
 46127616      93.600000      61.481395 
 46127616      93.600000      61.472266 
 46127616      93.600000      61.480357 
 46127616      93.600000      61.476623 
 46127616      93.600000      61.477756 
 46127616      93.600000      61.464422 
 46127616      93.600000      61.455740 
 46127616      93.600000      61.451691 
 46127616      93.600000      61.463007 
 46127616      93.600000      61.467659 
 46127616      93.600000      61.460812 
 46127616      93.600000      61.453971 
 46127616      93.600000      61.451017 
 46127616      93.600000      61.455779 
 46127616      93.600000      61.450453 
 46127616      93.600000      61.456744 
 46127616      93.600000      61.462213 
 46127616      93.600000      61.455423 
 46127616      93.600000      61.459983 
 46127616      93.600000      61.450526 
 46127616      93.600000      61.459812 
 46127616      93.600000      61.453600 
 46127616      93.600000      61.456493 
 46127616      93.600000      61.458004 
 46127616      93.600000      61.459749 
 46127616      93.600000      61.454036 
 46127616      93.600000      61.457505 
 46127616      93.600000      61.452567 
 46127616      93.600000      61.448093 
 46127616      93.600000      61.452324 
 46127616      93.600000      61.467540 
 46127616      93.600000      61.459539 
 46127616      93.600000      61.455076 
 46127616      93.600000      61.452582 
 46127616      93.600000      61.455245 
 46127616      93.600000      61.452095 
 46127616      93.600000      61.453069 
 46127616      93.600000      61.457876 
 46127616      93.600000      61.454710 
 46127616      93.600000      61.458251 
 46127616      93.600000      61.461017 
 46127616      93.600000      61.457382 
 46127616      93.600000      61.451173 
 46127616      93.600000      61.450613 
 46127616      93.600000      61.464549 
 46127616      93.600000      61.451368 
 46127616      93.600000      61.457643 
 46127616      93.600000      61.458560 
 46127616      93.600000      61.457587 
 46127616      93.600000      61.467205 
 46127616      93.600000      61.454989 
 46127616      93.600000      61.461988 
 46127616      93.600000      61.457486 
 46127616      93.600000      61.459743 
 46127616      93.600000      61.450425 
 46127616      93.600000      61.457193 
 46127616      93.600000      61.458694 
 46127616      93.600000      61.461218 
 46127616      93.600000      61.454476 
 46127616      93.600000      61.460406 
 46127616      93.600000      61.464813 
 46127616      93.600000      61.460320 
 46127616      93.600000      61.474953 
 46127616      93.600000      61.475839 
 46127616      93.600000      61.473131 
 46127616      93.600000      61.478617 
 46127616      93.600000      61.468035 
 46127616      93.600000      61.482530 
 46127616      93.600000      61.481701 
 46127616      93.600000      61.481154 
 46127616      93.600000      61.474509 
 46127616      93.600000      61.472902 
 46127616      93.600000      61.480484 
 46127616      93.600000      61.481771 
 46127616      93.600000      61.477354 
 46127616      93.600000      61.482980 
 46127616      93.600000      61.484312 
 46127616      93.600000      61.474029 
 46127616      93.600000      61.483788 
 46127616      93.600000      61.487778 
 46127616      93.600000      61.472482 
 46127616      93.600000      61.467172 
 46127616      93.600000      61.478224 
 46127616      93.600000      61.479675 
 46127616      93.600000      61.473553 
 46127616      93.600000      61.481653 
 46127616      93.600000      61.470903 
 46127616      93.600000      61.480872 
 46127616      93.600000      61.473849 
 46127616      93.600000      61.484502 
 46127616      93.600000      61.483665 
 46127616      93.600000      61.473836 
 46127616      93.600000      61.474418 
 46127616      93.600000      61.481823 
 46127616      93.600000      61.482453 
 46127616      93.600000      61.471378 
 46127616      93.600000      61.482052 
 46127616      93.600000      61.476324 
 46127616      93.600000      61.479973 
 46127616      93.600000      61.480595 
 46127616      93.600000      61.480104 
 46127616      93.600000      61.482640 
 46127616      93.600000      61.473258 
 46127616      93.600000      61.486623 
 46127616      93.600000      61.482004 
 46127616      93.600000      61.489709 
 46127616      93.600000      61.472214 
 46127616      93.600000      61.476471 
 46127616      93.600000      61.483178 
 46127616      93.600000      61.482716 
 46127616      93.600000      61.474014 
 46127616      93.600000      61.476709 
 46127616      93.600000      61.475361 
 46127616      93.600000      61.478313 
 46127616      93.600000      61.468249 
 46127616      93.600000      61.478091 
 46127616      93.600000      61.487269 
 37857792      93.600000    -115.016940 
 37857792      93.600000    -115.020550 
 37857792      93.600000    -115.012831 
 37857792      93.600000    -115.011940 
 37857792      93.600000    -115.013466 
 37857792      93.600000    -115.014139 
 37857792      93.600000    -115.016421 
 37857792      93.600000    -115.018316 
 37857792      93.600000    -115.021922 
 37857792      93.600000    -115.019349 
 37857792      93.600000    -115.014351 
 37857792      93.600000    -115.019161 
 37857792      93.600000    -115.019088 
 37857792      93.600000    -115.016965 
 37857792      93.600000    -115.025436 
 37857792      93.600000    -115.019390 
 37857792      93.600000    -115.015590 
 37857792      93.600000    -115.014766 
 37857792      93.600000    -115.011628 
 37857792      93.600000    -115.014628 
 37857792      93.600000    -115.017005 
 37857792      93.600000    -115.014020 
 37857792      93.600000    -115.008550 
 37857792      93.600000    -115.015175 
 37857792      93.600000    -115.025180 
 37857792      93.600000    -114.995020 
 37857792      93.600000    -114.993467 
 37857792      93.600000    -114.999486 
 37857792      93.600000    -114.995398 
 37857792      93.600000    -114.997787 
 37857792      93.600000    -114.999493 
 37857792      93.600000    -114.998401 
 37857792      93.600000    -115.007017 
 37857792      93.600000    -115.004549 
 37857792      93.600000    -114.999633 
 37857792      93.600000    -115.001362 
 37857792      93.600000    -114.993678 
 37857792      93.600000    -114.987344 
 37857792      93.600000    -115.003161 
 37857792      93.600000    -114.995097 
 37857792      93.600000    -115.000890 
 37857792      93.600000    -114.998637 
 37857792      93.600000    -115.000188 
 37857792      93.600000    -114.991651 
 37857792      93.600000    -114.997640 
 37857792      93.600000    -114.994201 
 37857792      93.600000    -115.003424 
 37857792      93.600000    -115.003300 
 37857792      93.600000    -115.028451 
 37857792      93.600000    -115.026376 
 37857792      93.600000    -115.012265 
 37857792      93.600000    -115.012163 
 37857792      93.600000    -115.013258 
 37857792      93.600000    -115.020291 
 37857792      93.600000    -115.011499 
 37857792      93.600000    -115.012943 
 37857792      93.600000    -115.025472 
 37857792      93.600000    -115.013415 
 37857792      93.600000    -115.010781 
 37857792      93.600000    -115.009618 
 37857792      93.600000    -115.016192 
 37857792      93.600000    -115.018734 
 37857792      93.600000    -115.020379 
 37857792      93.600000    -115.013414 
 37857792      93.600000    -115.015232 
 37857792      93.600000    -115.013955 
 37857792      93.600000    -115.016448 
 37857792      93.600000    -115.022265 
 37857792      93.600000    -115.021623 
 37857792      93.600000    -115.017625 
 37857792      93.600000    -115.017537 
 37857792      93.600000    -115.024027 
 37857792      93.600000    -115.018701 
 37857792      93.600000    -114.988469 
 37857792      93.600000    -114.997963 
 37857792      93.600000    -114.993364 
 37857792      93.600000    -114.991396 
 37857792      93.600000    -115.003557 
 37857792      93.600000    -115.003488 
 37857792      93.600000    -115.000674 
 37857792      93.600000    -114.999284 
 37857792      93.600000    -114.999416 
 37857792      93.600000    -115.007250 
 37857792      93.600000    -115.003656 
 37857792      93.600000    -114.989573 
 37857792      93.600000    -114.994143 
 37857792      93.600000    -114.991841 
 37857792      93.600000    -114.995425 
 37857792      93.600000    -115.001024 
 37857792      93.600000    -114.989429 
 37857792      93.600000    -114.994964 
 37857792      93.600000    -115.009330 
 37857792      93.600000    -115.007377 
 37857792      93.600000    -115.002728 
 37857792      93.600000    -114.993510 
 37857792      10.400000    -115.003292 
 37857792      93.600000    -114.991181 
 37857792      93.600000    -115.025328 
 37857792      93.600000    -115.018782 
 37857792      93.600000    -115.023361 
 37857792      93.600000    -115.028377 
 37857792      93.600000    -115.007161 
 37857792      93.600000    -115.013188 
 37857792      93.600000    -115.004179 
 37857792      93.600000    -115.004094 
 37857792      93.600000    -115.017260 
 37857792      93.600000    -115.022787 
 37857792      93.600000    -115.015232 
 37857792      93.600000    -115.014023 
 37857792      93.600000    -115.025847 
 37857792      93.600000    -115.022747 
 37857792      93.600000    -115.025267 
 37857792      93.600000    -115.005847 
 37857792      93.600000    -115.030521 
 37857792      93.600000    -115.014600 
 37857792      93.600000    -115.024390 
 37857792      93.600000    -115.013688 
 37857792      93.600000    -115.013963 
 37857792      93.600000    -115.018014 
 37857792      93.600000    -115.019936 
 37857792      93.600000    -115.021979 
 37857792      93.600000    -114.992812 
 37857792      93.600000    -114.997337 
 37857792      93.600000    -114.990258 
 37857792      93.600000    -114.995011 
 37857792      93.600000    -114.988930 
 37857792      93.600000    -114.996529 
 37857792      93.600000    -114.994261 
 37857792      93.600000    -115.004129 
 37857792      93.600000    -115.000228 
 37857792      93.600000    -114.989169 
 37857792      93.600000    -115.004499 
 37857792      93.600000    -115.000825 
 37857792      93.600000    -114.997235 
 37857792      93.600000    -114.998960 
 37857792      93.600000    -114.994221 
 37857792      93.600000    -114.993136 
 37857792      93.600000    -114.995982 
 37857792      93.600000    -114.994264 
 37857792       0.400000    -115.003367 
 37857792      93.600000    -115.016873 
 37857792      93.600000    -115.021331 
 37857792      93.600000    -115.016683 
 37857792      93.600000    -115.028802 
 37857792      93.600000    -115.012939 
 37857792      93.600000    -115.015208 
 37857792      93.600000    -115.020108 
 37857792      93.600000    -115.022491 
 37857792      93.600000    -115.017044 
 37857792      93.600000    -115.018085 
 37857792      93.600000    -115.020404 
 37857792      93.600000    -115.016256 
 37857792      93.600000    -115.014438 
 37857792      93.600000    -115.011711 
 37857792      93.600000    -115.020919 
 37857792      93.600000    -115.018677 
 37857792      93.600000    -115.022411 
 37857792      93.600000    -114.997536 
 37857792      93.600000    -114.989540 
 37857792      93.600000    -114.999495 
 37857792      93.600000    -114.987739 
 37857792      93.600000    -114.993371 
 37857792      93.600000    -114.988185 
 37857792      93.600000    -114.984211 
 37857792      93.600000    -114.991711 
 37857792      93.600000    -115.001490 
 37857792      93.600000    -115.007907 
 37857792      93.600000    -114.991143 
 37857792      93.600000    -115.006259 
 37857792      93.600000    -115.003181 
 37857792      93.600000    -114.995358 
 37857792      93.600000    -114.996300 
 37857792      93.600000    -114.997367 
 37857792      93.600000    -114.999224 
 37857792      93.600000    -114.992070 
 37857792      93.600000    -114.996402 
 37857792      93.600000    -115.003395 
 37857792      93.600000    -114.981081 
 37857792      93.600000    -115.002789 
 37857792      93.600000    -114.995955 
 37857792      93.600000    -114.983270 
 37857792      93.600000    -114.996327 
 37857536      93.600000      80.303040 
 37857536      93.600000      80.301991 
 37857536      93.600000      80.300827 
 37857536      93.600000      80.298055 
 37857536      93.600000      80.305128 
 37857536      93.600000      80.316777 
 37857536      93.600000      80.306135 
 37857536      93.600000      80.312752 
 37857536      93.600000      80.305910 
 37857536      93.600000      80.302097 
 37857536      93.600000      80.308078 
 37857536      93.600000      80.311861 
 37857536      93.600000      80.302267 
 37857536      93.600000      80.290492 
 37857536      93.600000      80.292308 
 37857536      93.600000      80.299366 
 37857536      93.600000      80.302224 
 37857536      93.600000      80.315226 
 37857536      93.600000      80.303108 
 37857536      93.600000      80.299522 
 37857536      93.600000      80.313709 
 37857536      93.600000      80.307580 
 37857536      93.600000      80.311715 
 37857536      93.600000      80.327140 
 37857536      93.600000      80.316679 
 37857536      93.600000      80.315527 
 37857536      93.600000      80.312805 
 37857536      93.600000      80.317748 
 37857536      93.600000      80.311550 
 37857536      93.600000      80.317869 
 37857536      93.600000      80.309484 
 37857536      93.600000      80.311039 
 37857536      93.600000      80.307176 
 37857536      93.600000      80.319007 
 37857536      93.600000      80.308151 
 37857536      93.600000      80.302186 
 37857536      93.600000      80.311301 
 37857536      93.600000      80.306695 
 37857536      93.600000      80.319503 
 37857536      93.600000      80.309779 
 37857536      93.600000      80.316363 
 37857536      93.600000      80.311238 
 37857536      93.600000      80.308477 
 37857536       0.400000      80.306007 
 37857536      10.400000      80.305454 
 37857536      93.600000      80.302096 
 37857536      93.600000      80.301973 
 37857536      93.600000      80.299927 
 37857536      93.600000      80.298814 
 37857536      93.600000      80.295459 
 37857536      93.600000      80.298005 
 37857536      93.600000      80.302605 
 37857536      93.600000      80.304115 
 37857536      93.600000      80.306834 
 37857536      93.600000      80.313117 
 37857536      93.600000      80.304569 
 37857536      93.600000      80.310282 
 37857536      93.600000      80.298578 
 37857536      93.600000      80.304631 
 37857536      93.600000      80.308512 
 37857536      93.600000      80.303139 
 37857536      93.600000      80.299125 
 37857536      93.600000      80.300107 
 37857536      93.600000      80.291888 
 37857536      93.600000      80.316779 
 37857536      93.600000      80.313545 
 37857536      93.600000      80.308017 
 37857536      93.600000      80.315895 
 37857536      93.600000      80.308908 
 37857536      93.600000      80.306063 
 37857536      93.600000      80.310508 
 37857536      93.600000      80.312763 
 37857536      93.600000      80.316174 
 37857536      93.600000      80.324391 
 37857536      93.600000      80.304118 
 37857536      93.600000      80.321796 
 37857536      93.600000      80.311466 
 37857536      93.600000      80.316238 
 37857536      93.600000      80.310650 
 37857536      93.600000      80.315244 
 37857536      93.600000      80.303573 
 37857536      93.600000      80.305933 
 37857536      93.600000      80.306727 
 37857536      93.600000      80.320991 
 37857536      93.600000      80.302443 
 37857536      93.600000      80.317293 
 37857536      93.600000      80.314967 
 37857536      93.600000      80.305305 
 37857536      93.600000      80.308230 
 37857536      93.600000      80.300863 
 37857536      93.600000      80.301808 
 37857536      93.600000      80.293484 
 37857536      93.600000      80.308577 
 37857536      93.600000      80.298582 
 37857536      93.600000      80.313604 
 37857536      93.600000      80.305806 
 37857536      93.600000      80.302820 
 37857536      93.600000      80.305552 
 37857536      93.600000      80.309060 
 37857536      93.600000      80.301790 
 37857536      93.600000      80.293324 
 37857536      93.600000      80.311099 
 37857536      93.600000      80.303518 
 37857536      93.600000      80.295468 
 37857536      93.600000      80.301454 
 37857536      93.600000      80.310700 
 37857536      93.600000      80.306820 
 37857536      93.600000      80.322079 
 37857536      93.600000      80.309835 
 37857536      93.600000      80.313509 
 37857536      93.600000      80.307569 
 37857536      93.600000      80.310632 
 37857536      93.600000      80.329436 
 37857536      93.600000      80.315494 
 37857536      93.600000      80.307981 
 37857536      93.600000      80.318254 
 37857536      93.600000      80.316536 
 37857536      93.600000      80.311202 
 37857536      93.600000      80.309498 
 37857536      93.600000      80.307698 
 37857536      93.600000      80.315598 
 37857536      93.600000      80.315017 
 37857536      93.600000      80.306958 
 37857536      93.600000      80.304494 
 37857536      93.600000      80.311210 
 37857536      93.600000      80.313263 
 37857536      93.600000      80.311828 
 37857536      93.600000      80.302903 
 37857536      93.600000      80.307505 
 37857536      93.600000      80.305291 
 37857536      93.600000      80.310855 
 37857536      93.600000      80.303607 
 37857536      93.600000      80.302482 
 37857536      93.600000      80.297285 
 37857536      93.600000      80.315562 
 37857536      93.600000      80.301462 
 37857536      93.600000      80.302501 
 37857536      93.600000      80.301666 
 37857536      93.600000      80.300362 
 37857536      93.600000      80.302745 
 37857536      93.600000      80.311990 
 37857536      93.600000      80.313135 
 37857536      93.600000      80.301184 
 37857536      93.600000      80.306733 
 37857536      93.600000      80.302982 
 37857536      93.600000      80.307832 
 37857536      93.600000      80.311199 
 37857536      93.600000      80.299178 
 37857536      93.600000      80.305467 
 37857536      93.600000      80.309352 
 37857536      93.600000      80.309258 
 37857536      93.600000      80.312687 
 37857536      93.600000      80.301368 
 37857536      93.600000      80.297231 
 37857536      93.600000      80.307786 
 37857536      93.600000      80.296836 
 37857536      93.600000      80.297890 
 37857536      93.600000      80.306532 
 37857536      93.600000      80.305708 
 37857536      93.600000      80.309542 
 37857536      93.600000      80.313507 
 37857536      93.600000      80.319327 
 37857536      93.600000      80.318953 
 37857536      93.600000      80.317521 
 37857536      93.600000      80.322235 
 37857536      93.600000      80.308901 
 37857536      93.600000      80.311188 
 37857536      93.600000      80.308938 
 37857536      93.600000      80.307922 
 37857536      93.600000      80.319349 
 37857536      93.600000      80.313944 
 37857536      93.600000      80.304274 
 37857536      93.600000      80.311337 
 37857536      93.600000      80.317282 
 37857536      93.600000      80.314895 
 37857536      93.600000      80.313762 
 37857536      93.600000      80.315719 
 37857536      93.600000      80.306139 
 37857536      93.600000      80.309703 
 37857536      93.600000      80.307037 
 37857536      93.600000      80.309953 
 37857536      93.600000      80.312241 
 46130176      10.400000      71.280489 
 46130176      93.600000      71.280443 
 46130176      93.600000      71.272529 
 46130176      93.600000      71.270462 
 46130176      93.600000      71.286424 
 46130176      93.600000      71.281299 
 46130176      93.600000      71.285574 
 46130176      93.600000      71.277399 
 46130176      93.600000      71.278000 
 46130176      93.600000      71.273538 
 46130176      93.600000      71.278558 
 46130176      93.600000      71.286517 
 46130176      93.600000      71.285198 
 46130176      93.600000      71.286160 
 46130176      93.600000      71.287897 
 46130176      93.600000      71.286509 
 46130176      93.600000      71.283668 
 46130176      93.600000      71.284627 
 46130176      93.600000      71.278676 
 46130176      93.600000      71.289716 
 46130176      93.600000      71.284670 
 46130176      93.600000      71.276357 
 46130176      93.600000      71.279677 
 46130176      93.600000      71.283906 
 46130176      93.600000      71.280428 
 46130176      93.600000      71.273389 
 46130176      93.600000      71.272937 
 46130176      93.600000      71.274332 
 46130176      93.600000      71.279290 
 46130176      93.600000      71.281430 
 46130176      93.600000      71.285757 
 46130176      93.600000      71.278197 
 46130176      93.600000      71.275355 
 46130176      93.600000      71.281211 
 46130176      93.600000      71.271862 
 46130176      93.600000      71.277189 
 46130176      93.600000      71.283335 
 46130176      93.600000      71.274360 
 46130176      93.600000      71.274128 
 46130176      93.600000      71.282651 
 46130176      93.600000      71.280925 
 46130176      93.600000      71.284499 
 46130176      93.600000      71.274118 
 46130176      93.600000      71.281827 
 46130176      93.600000      71.274325 
 46130176      93.600000      71.276723 
 46130176      93.600000      71.282533 
 46130176      93.600000      71.277023 
 46130176      93.600000      71.282734 
 46130176      93.600000      71.276610 
 46130176      93.600000      71.286277 
 46130176      93.600000      71.279255 
 46130176      93.600000      71.282240 
 46130176      93.600000      71.289225 
 46130176      93.600000      71.276060 
 46130176      93.600000      71.283528 
 46130176      93.600000      71.272636 
 46130176      93.600000      71.289805 
 46130176      93.600000      71.284849 
 46130176      93.600000      71.279690 
 46130176      93.600000      71.289584 
 46130176      93.600000      71.277683 
 46130176      93.600000      71.288369 
 46130176      93.600000      71.289241 
 46130176      93.600000      71.296757 
 46130176      93.600000      71.299171 
 46130176      93.600000      71.296877 
 46130176      93.600000      71.296332 
 46130176      93.600000      71.291318 
 46130176      93.600000      71.291991 
 46130176      93.600000      71.290076 
 46130176      93.600000      71.296825 
 46130176      93.600000      71.299028 
 46130176      93.600000      71.298883 
 46130176      93.600000      71.287195 
 46130176      93.600000      71.297509 
 46130176      93.600000      71.300127 
 46130176      93.600000      71.301652 
 46130176      93.600000      71.299745 
 46130176      93.600000      71.295555 
 46130176      93.600000      71.292154 
 46130176      93.600000      71.296888 
 46130176      93.600000      71.293685 
 46130176      93.600000      71.295991 
 46130176      93.600000      71.284822 
 46130176      93.600000      71.295802 
 46130176      93.600000      71.294277 
 46130176      93.600000      71.295476 
 46130176      93.600000      71.287464 
 46130176      93.600000      71.282328 
 46130176      93.600000      71.301623 
 46130176      93.600000      71.308578 
 46130176      93.600000      71.297313 
 46130176      93.600000      71.307649 
 46130176      93.600000      71.299484 
 46130176      93.600000      71.302417 
 46130176      93.600000      71.299730 
 46130176      93.600000      71.291922 
 46130176      93.600000      71.299518 
 46130176      93.600000      71.299310 
 46130176      93.600000      71.299616 
 46130176      93.600000      71.301374 
 46130176      93.600000      71.302231 
 46130176      93.600000      71.290656 
 46130176      93.600000      71.278295 
 46130176      93.600000      71.303407 
 46130176      93.600000      71.295883 
 46130176      93.600000      71.287864 
 46130176      93.600000      71.305373 
 46130176      93.600000      71.297863 
 46130176      93.600000      71.303540 
 46130176      93.600000      71.294511 
 46130176      93.600000      71.300162 
 46130176      93.600000      71.287743 
 46130176      93.600000      71.302657 
 46130176      93.600000      71.301436 
 46130176      93.600000      71.289529 
 46130176      93.600000      71.287554 
 46130176       0.400000      71.280538 
 46130176      93.600000      71.273859 
 46130176      93.600000      71.284479 
 46130176      93.600000      71.280513 
 46130176      93.600000      71.269793 
 46130176      93.600000      71.290735 
 46130176      93.600000      71.273728 
 46130176      93.600000      71.269561 
 46130176      93.600000      71.280885 
 46130176      93.600000      71.293606 
 46130176      93.600000      71.290073 
 46130176      93.600000      71.281619 
 46130176      93.600000      71.277240 
 46130176      93.600000      71.281358 
 46130176      93.600000      71.287515 
 46130176      93.600000      71.283571 
 46130176      93.600000      71.283158 
 46130176      93.600000      71.269142 
 46130176      93.600000      71.280202 
 46130176      93.600000      71.281456 
 46130176      93.600000      71.286671 
 46130176      93.600000      71.277657 
 46130176      93.600000      71.275598 
 46130176      93.600000      71.272642 
 46130176      93.600000      71.281369 
 46130176      93.600000      71.286182 
 46130176      93.600000      71.284434 
 46130176      93.600000      71.282183 
 46130176      93.600000      71.282012 
 46130176      93.600000      71.283455 
 46130176      93.600000      71.282393 
 46130176      93.600000      71.286382 
 46130176      93.600000      71.277901 
 46130176      93.600000      71.270463 
 46130176      93.600000      71.284683 
 46130176      93.600000      71.286234 
 46130176      93.600000      71.285180 
 46130176      93.600000      71.278002 
 46130176      93.600000      71.277011 
 46130176      93.600000      71.279839 
 46130176      93.600000      71.280344 
 46130176      93.600000      71.273930 
 46130176      93.600000      71.270390 
 46130176      93.600000      71.278626 
 46130176      93.600000      71.287287 
 46130176      93.600000      71.279870 
 46130176      93.600000      71.279141 
 46130176      93.600000      71.275603 
 46130176      93.600000      71.278925 
 46130176      93.600000      71.281273 
 46130176      93.600000      71.275216 
 46130176      93.600000      71.277915 
 46130176      93.600000      71.279506 
 46130176      93.600000      71.278260 
 46130176      93.600000      71.279002 
 46130176      93.600000      71.290918 
 46130176      93.600000      71.288365 
 46130176      93.600000      71.300989 
 46130176      93.600000      71.296644 
 46130176      93.600000      71.302450 
 46130176      93.600000      71.295806 
 46130176      93.600000      71.306659 
 46130176      93.600000      71.288191 
 46130176      93.600000      71.291150 
 46130176      93.600000      71.294535 
 46130176      93.600000      71.294149 
 46130176      93.600000      71.296348 
 46130176      93.600000      71.294193 
 46130176      93.600000      71.307289 
 46130176      93.600000      71.293346 
 46130176      93.600000      71.294231 
 46130176      93.600000      71.286463 
 46130176      93.600000      71.286739 
 46130176      93.600000      71.294080 
 46130176      93.600000      71.299770 
 46130176      93.600000      71.290317 
 46130176      93.600000      71.295722 
 46130176      93.600000      71.293874 
 46130176      93.600000      71.297435 
 46130176      93.600000      71.299255 
 46130176      93.600000      71.295734 
 46130176      93.600000      71.292032 
 46130176      93.600000      71.298551 
 46130176      93.600000      71.294215 
 46130176      93.600000      71.290092 
 46130176      93.600000      71.300107 
 46130176      93.600000      71.290608 
 46130176      93.600000      71.303442 
 46130176      93.600000      71.296722 
 46130176      93.600000      71.295921 
 46130176      93.600000      71.303505 
 46130176      93.600000      71.300290 
 46130176      93.600000      71.300228 
 46130176      93.600000      71.296988 
 46130176      93.600000      71.294133 
 46130176      93.600000      71.302461 
 46130176      93.600000      71.302462 
 46130176      93.600000      71.286736 
 46130176      93.600000      71.284346 
 46130176      93.600000      71.296997 
 46130176      93.600000      71.296618 
 46130176      93.600000      71.284720 
 46130176      93.600000      71.296761 
 46130176      93.600000      71.299780 
 46130176      93.600000      71.293303 
 46130176      93.600000      71.286595 
 46130176      93.600000      71.301139 
 46130176      93.600000      71.298348 
 46130176      93.600000      71.296312 
 46130176      93.600000      71.294773 
 46130176      93.600000      71.295708 
 46130176      93.600000      71.299227 
 46130176      93.600000      71.299603 
 46130176      93.600000      71.295401 
 46130176      93.600000      71.301099 
 46130176      93.600000      71.294388 
 46130176      93.600000      71.294732 
 46130176      93.600000      71.303046 
 46130176      93.600000      71.276790 
 46130176      93.600000      71.287551 
 46130176      93.600000      71.286272 
 46130176      93.600000      71.277618 
 46130176      93.600000      71.281935 
 46130176      93.600000      71.278863 
 46130176      93.600000      71.280498 
 46130176      93.600000      71.289141 
 46130176      93.600000      71.276360 
 46130176      93.600000      71.273978 
 46130176      93.600000      71.277797 
 46130176      93.600000      71.281118 
 46130176      93.600000      71.284310 
 46130176      93.600000      71.276524 
 46130176      93.600000      71.263650 
 46130176      93.600000      71.281897 
 46130176      93.600000      71.275789 
 46130176      93.600000      71.279969 
 46130176      93.600000      71.290532 
 46130176      93.600000      71.276866 
 46130176      93.600000      71.278205 
 46130176      93.600000      71.276277 
 46130176      93.600000      71.283581 
 46130176      93.600000      71.278782 
 46130176      93.600000      71.275284 
 46130176      93.600000      71.288472 
 46130176      93.600000      71.284433 
 46130176      93.600000      71.285967 
 46130176      93.600000      71.287562 
 46130176      93.600000      71.279534 
 46130176      93.600000      71.274128 
 46130176      93.600000      71.274280 
 46130176      93.600000      71.276236 
 46130176      93.600000      71.273987 
 46130176      93.600000      71.277502 
 46130176      93.600000      71.282088 
 46130176      93.600000      71.279840 
 46130176      93.600000      71.277447 
 46130176      93.600000      71.277649 
 46130176      93.600000      71.273953 
 46130176      93.600000      71.278997 
 46130176      93.600000      71.284046 
 46130176      93.600000      71.288228 
 46130176      93.600000      71.281597 
 46130176      93.600000      71.282885 
 46130176      93.600000      71.279647 
 46130176      93.600000      71.300894 
 46130176      93.600000      71.299857 
 46130176      93.600000      71.303177 
 46130176      93.600000      71.287309 
 46130176      93.600000      71.302384 
 46130176      93.600000      71.292290 
 46130176      93.600000      71.296877 
 46130176      93.600000      71.290361 
 46130176      93.600000      71.298087 
 46130176      93.600000      71.299253 
 46130176      93.600000      71.293696 
 46130176      93.600000      71.284300 
 46130176      93.600000      71.292690 
 46130176      93.600000      71.300683 
 46130176      93.600000      71.296652 
 46130176      93.600000      71.292805 
 46130176      93.600000      71.298964 
 46130176      93.600000      71.287286 
 46130176      93.600000      71.289977 
 46130176      93.600000      71.288142 
 46130176      93.600000      71.299164 
 46130176      93.600000      71.296116 
 46130176      93.600000      71.285015 
 46130176      93.600000      71.291711 
 46130176      93.600000      71.292911 
 46130176      93.600000      71.297924 
 46130176      93.600000      71.292128 
 46130176      93.600000      71.301866 
 46130176      93.600000      71.297779 
 46130176      93.600000      71.292844 
 46130176      93.600000      71.300682 
 46130176      93.600000      71.298316 
 46130176      93.600000      71.290572 
 46130176      93.600000      71.288790 
 46130176      93.600000      71.298494 
 46130176      93.600000      71.296871 
 46130176      93.600000      71.293233 
 46130176      93.600000      71.297231 
 46130176      93.600000      71.297305 
 46130176      93.600000      71.292097 
 46130176      93.600000      71.294005 
 46130176      93.600000      71.298640 
 46130176      93.600000      71.293791 
 46130176      93.600000      71.288135 
 46130176      93.600000      71.297903 
 46130176      93.600000      71.302907 
 46130176      93.600000      71.295785 
 46130176      93.600000      71.291592 
 46130176      93.600000      71.276731 
 46130176      93.600000      71.276891 
 46130176      93.600000      71.281223 
 46130176      93.600000      71.272703 
 46130176      93.600000      71.275308 
 46130176      93.600000      71.277013 
 46130176      93.600000      71.284089 
 46130176      93.600000      71.280631 
 46130176      93.600000      71.277624 
 46130176      93.600000      71.286487 
 46130176      93.600000      71.277225 
 46130176      93.600000      71.294720 
 46130176      93.600000      71.281286 
 46130176      93.600000      71.273956 
 46130176      93.600000      71.275252 
 46130176      93.600000      71.287891 
 46130176      93.600000      71.280749 
 46130176      93.600000      71.277744 
 46130176      93.600000      71.281261 
 46130176      93.600000      71.275072 
 46130176      93.600000      71.276011 
 46130176      93.600000      71.272040 
 46130176      93.600000      71.274618 
 46130176      93.600000      71.279144 
 46130176      93.600000      71.280918 
 46130176      93.600000      71.272229 
 46130176      93.600000      71.285643 
 46130176      93.600000      71.272547 
 46130176      93.600000      71.265049 
 46130176      93.600000      71.287042 
 46130176      93.600000      71.287131 
 46130176      93.600000      71.278161 
 46130176      93.600000      71.274131 
 46130176      93.600000      71.284530 
 46130176      93.600000      71.280082 
 46130176      93.600000      71.279329 
 46130176      93.600000      71.279328 
 46130176      93.600000      71.283695 
 46130176      93.600000      71.294047 
 46130176      93.600000      71.279416 
 46130176      93.600000      71.286796 
 46130176      93.600000      71.283151 
 46130176      93.600000      71.280898 
 46130176      93.600000      71.282264 
 46130176      93.600000      71.282607 
 46130176      93.600000      71.279905 
 46130176      93.600000      71.283482 
 46130176      93.600000      71.275111 
 46130176      93.600000      71.299398 
 46130176      93.600000      71.274703 
 46130176      93.600000      71.277854 
 46130176      93.600000      71.279251 
 46130176      93.600000      71.279603 
 46130176      93.600000      71.280416 
 46130176      93.600000      71.276350 
 46130176      93.600000      71.284883 
 46130176      93.600000      71.276958 
 46130176      93.600000      71.271657 
 46130176      93.600000      71.295500 
 46130176      93.600000      71.282140 
 46130176      93.600000      71.282832 
 46130176      93.600000      71.284300 
 46130176      93.600000      71.283535 
 46130176      93.600000      71.280232 
 46130176      93.600000      71.296526 
 46130176      93.600000      71.298929 
 46130176      93.600000      71.295451 
 46130176      93.600000      71.284952 
 46130176      93.600000      71.300071 
 46130176      93.600000      71.295487 
 46130176      93.600000      71.286119 
 46130176      93.600000      71.295921 
 46130176      93.600000      71.291213 
 46130176      93.600000      71.305808 
 46130176      93.600000      71.300845 
 46130176      93.600000      71.304129 
 46130176      93.600000      71.295205 
 46130176      93.600000      71.289903 
 46130176      93.600000      71.303515 
 46130176      93.600000      71.294724 
 46130176      93.600000      71.295939 
 46130176      93.600000      71.291211 
 46130176      93.600000      71.291560 
 46130176      93.600000      71.300120 
 46130176      93.600000      71.288189 
 46130176      93.600000      71.303292 
 46130176      93.600000      71.296092 
 46130176      93.600000      71.295189 
 46130176      93.600000      71.295811 
 46130176      93.600000      71.296292 
 46130176      93.600000      71.300113 
 46130176      93.600000      71.302248 
 46130176      93.600000      71.292807 
 46130176      93.600000      71.298203 
 46130176      93.600000      71.305997 
 46130176      93.600000      71.301242 
 46130176      93.600000      71.302476 
 46130176      93.600000      71.290014 
 46130176      93.600000      71.302457 
 46130176      93.600000      71.295610 
 46130176      93.600000      71.299978 
 46130176      93.600000      71.293482 
 46130176      93.600000      71.287560 
 46130176      93.600000      71.290773 
 46130176      93.600000      71.293051 
 46130176      93.600000      71.291506 
 46130176      93.600000      71.299391 
 46130176      93.600000      71.290822 
 46130176      93.600000      71.294897 
 46130176      93.600000      71.290539 
 46130176      93.600000      71.298766 
 46130176      93.600000      71.302852 
 46130176      93.600000      71.292085 
 46130176      93.600000      71.293020 
 46130176      93.600000      71.288353 
 46130176      93.600000      71.301232 
 46130176      93.600000      71.299071 
 46130176      93.600000      71.292032 
 46130176      93.600000      71.300509 
 46130176      93.600000      71.299519 
 46130176      93.600000      71.290479 
 46130176      93.600000      71.287312 
