# 1 z 
# 2 dm 
0.0000   0.059643  
0.0100   33.220835  
0.0200   34.729618  
0.0300   35.613199  
0.0400   36.240095  
0.0500   36.726847  
0.0600   37.124904  
0.0700   37.461868  
0.0800   37.753395  
0.0900   38.010873  
0.1000   38.241917  
0.1100   38.450607  
0.1200   38.641237  
0.1300   38.815480  
0.1400   38.977145  
0.1500   39.127745  
0.1600   39.268547  
0.1700   39.401380  
0.1800   39.526990  
0.1900   39.645364  
0.2000   39.757892  
0.2100   39.864935  
0.2200   39.968023  
0.2300   40.065813  
0.2400   40.160523  
0.2500   40.252155  
0.2600   40.340839  
0.2700   40.426110  
0.2800   40.509556  
0.2900   40.591262  
0.3000   40.669548  
0.3100   40.746071  
0.3200   40.819254  
0.3300   40.892090  
0.3400   40.961758  
0.3500   41.029535  
0.3600   41.095270  
0.3700   41.159320  
0.3800   41.221992  
0.3900   41.282759  
0.4000   41.343281  
0.4100   41.401606  
0.4200   41.458460  
0.4300   41.514580  
0.4400   41.570548  
0.4500   41.624481  
0.4600   41.675226  
0.4700   41.726243  
0.4800   41.777407  
0.4900   41.828676  
0.5000   41.877790  
0.5100   41.925930  
0.5200   41.974401  
0.5300   42.021670  
0.5400   42.068381  
0.5500   42.113775  
0.5600   42.158019  
0.5700   42.202858  
0.5800   42.247146  
0.5900   42.288984  
0.6000   42.331375  
0.6100   42.373051  
0.6200   42.413972  
0.6300   42.453413  
0.6400   42.489770  
0.6500   42.527590  
0.6600   42.566428  
0.6700   42.604706  
0.6800   42.643244  
0.6900   42.681423  
0.7000   42.719020  
0.7100   42.756653  
0.7200   42.792552  
0.7300   42.825474  
0.7400   42.859267  
0.7500   42.894228  
0.7600   42.929775  
0.7700   42.964783  
0.7800   42.997908  
0.7900   43.028187  
0.8000   43.059694  
0.8100   43.091364  
0.8200   43.122514  
0.8300   43.151139  
0.8400   43.181556  
0.8500   43.210374  
0.8600   43.237907  
0.8700   43.265585  
0.8800   43.291792  
0.8900   43.316582  
0.9000   43.339796  
0.9100   43.361560  
0.9200   43.382416  
0.9300   43.402845  
0.9400   43.423305  
0.9500   43.443663  
0.9600   43.463572  
0.9700   43.483173  
0.9800   43.502742  
0.9900   43.521953  
1.0000   43.541168  
1.0100   43.560150  
1.0200   43.578963  
1.0300   43.597446  
1.0400   43.615733  
1.0500   43.633620  
1.0600   43.651088  
1.0700   43.668570  
1.0800   43.685854  
1.0900   43.702707  
1.1000   43.719226  
1.1100   43.735613  
1.1200   43.751944  
1.1300   43.768056  
1.1400   43.784088  
1.1500   43.800055  
1.1600   43.815628  
1.1700   43.830860  
1.1800   43.846342  
1.1900   43.861595  
1.2000   43.876489  
1.2100   43.891158  
1.2200   43.905933  
1.2300   43.920505  
1.2400   43.935010  
1.2500   43.949238  
1.2600   43.963728  
1.2700   43.978088  
1.2800   43.992261  
1.2900   44.006330  
1.3000   44.020501  
1.3100   44.034500  
1.3200   44.048160  
1.3300   44.061801  
1.3400   44.075621  
1.3500   44.089122  
1.3600   44.102232  
1.3700   44.115337  
1.3800   44.128385  
1.3900   44.141334  
1.4000   44.154144  
1.4100   44.166930  
1.4200   44.179853  
1.4300   44.192708  
1.4400   44.205262  
1.4500   44.217793  
1.4600   44.230462  
1.4700   44.242778  
1.4800   44.254969  
1.4900   44.267155  
1.5000   44.279304  
1.5100   44.291260  
1.5200   44.303324  
1.5300   44.314971  
1.5400   44.326100  
1.5500   44.337537  
1.5600   44.349001  
1.5700   44.360090  
1.5800   44.371008  
1.5900   44.382014  
1.6000   44.393142  
1.6100   44.404079  
1.6200   44.414699  
1.6300   44.425293  
1.6400   44.435914  
1.6500   44.446523  
1.6600   44.456927  
1.6700   44.467449  
1.6800   44.478208  
1.6900   44.488843  
1.7000   44.499132  
1.7100   44.509263  
1.7200   44.519345  
1.7300   44.529377  
1.7400   44.539374  
1.7500   44.549251  
1.7600   44.559075  
1.7700   44.568779  
1.7800   44.578390  
1.7900   44.587888  
1.8000   44.597159  
1.8100   44.606340  
1.8200   44.615497  
1.8300   44.624620  
1.8400   44.633149  
1.8500   44.641698  
1.8600   44.650763  
1.8700   44.659889  
1.8800   44.669032  
1.8900   44.678057  
1.9000   44.687232  
1.9100   44.696437  
1.9200   44.705430  
1.9300   44.714248  
1.9400   44.723064  
1.9500   44.731911  
1.9600   44.740798  
1.9700   44.749458  
1.9800   44.758121  
1.9900   44.767050  
2.0000   44.776057  
2.0100   44.785012  
2.0200   44.794038  
2.0300   44.803097  
2.0400   44.811982  
2.0500   44.820382  
2.0600   44.829069  
2.0700   44.838271  
2.0800   44.847559  
2.0900   44.856651  
2.1000   44.865720  
2.1100   44.874987  
2.1200   44.884197  
2.1300   44.893222  
2.1400   44.901997  
2.1500   44.910461  
2.1600   44.918784  
2.1700   44.927119  
2.1800   44.935527  
2.1900   44.943889  
2.2000   44.952129  
2.2100   44.960234  
2.2200   44.968313  
2.2300   44.976471  
2.2400   44.984598  
2.2500   44.992631  
2.2600   45.000582  
2.2700   45.008399  
2.2800   45.016328  
2.2900   45.024492  
2.3000   45.032654  
2.3100   45.040607  
2.3200   45.048346  
2.3300   45.056118  
2.3400   45.064093  
2.3500   45.072180  
2.3600   45.080248  
2.3700   45.088240  
2.3800   45.096086  
2.3900   45.103908  
2.4000   45.111798  
2.4100   45.119614  
2.4200   45.127425  
2.4300   45.134894  
2.4400   45.141812  
2.4500   45.148454  
2.4600   45.155148  
2.4700   45.161969  
2.4800   45.168640  
2.4900   45.175277  
2.5000   45.182204  
2.5100   45.189219  
2.5200   45.196049  
2.5300   45.202806  
2.5400   45.209511  
2.5500   45.216034  
2.5600   45.222377  
2.5700   45.228642  
2.5800   45.234901  
2.5900   45.241283  
2.6000   45.247784  
2.6100   45.254308  
2.6200   45.260650  
2.6300   45.266759  
2.6400   45.272884  
2.6500   45.279034  
2.6600   45.285057  
2.6700   45.290975  
2.6800   45.296789  
2.6900   45.302488  
2.7000   45.308111  
2.7100   45.313758  
2.7200   45.319585  
2.7300   45.325471  
2.7400   45.331152  
2.7500   45.336703  
2.7600   45.342358  
2.7700   45.348241  
2.7800   45.354367  
2.7900   45.360574  
2.8000   45.366764  
2.8100   45.372922  
2.8200   45.379071  
2.8300   45.385280  
2.8400   45.391622  
2.8500   45.398091  
2.8600   45.404834  
2.8700   45.411910  
2.8800   45.419246  
2.8900   45.426825  
2.9000   45.434507  
2.9100   45.442205  
2.9200   45.450036  
2.9300   45.458188  
2.9400   45.466339  
2.9500   45.474658  
2.9600   45.482916  
2.9700   45.491101  
2.9800   45.499111  
2.9900   45.506942  
3.0000   45.514975  
3.0100   45.522550  
3.0200   45.530050  
3.0300   45.537546  
3.0400   45.545169  
3.0500   45.553657  
3.0600   45.561449  
3.0700   45.569144  
3.0800   45.576711  
3.0900   45.584131  
3.1000   45.592423  
3.1100   45.599620  
3.1200   45.606666  
3.1300   45.613580  
3.1400   45.620383  
3.1500   45.627198  
3.1600   45.635466  
3.1700   45.642623  
3.1800   45.649987  
3.1900   45.657533  
3.2000   45.666746  
3.2100   45.674485  
3.2200   45.682153  
3.2300   45.689676  
3.2400   45.696917  
3.2500   45.705895  
3.2600   45.713168  
3.2700   45.720440  
3.2800   45.727634  
3.2900   45.734727  
3.3000   45.743877  
3.3100   45.750942  
3.3200   45.758087  
3.3300   45.765194  
3.3400   45.772216  
3.3500   45.781379  
3.3600   45.788187  
3.3700   45.794873  
3.3800   45.801470  
3.3900   45.808065  
3.4000   45.817131  
3.4100   45.823715  
3.4200   45.830264  
3.4300   45.836840  
3.4400   45.843440  
3.4500   45.852843  
3.4600   45.859665  
3.4700   45.866637  
3.4800   45.873618  
3.4900   45.880481  
3.5000   45.890201  
3.5100   45.896817  
3.5200   45.903298  
3.5300   45.909630  
3.5400   45.915780  
3.5500   45.926143  
3.5600   45.931993  
3.5700   45.937735  
3.5800   45.943470  
3.5900   45.949295  
3.6000   45.959945  
3.6100   45.966195  
3.6200   45.972546  
3.6300   45.979036  
3.6400   45.985829  
3.6500   45.997960  
3.6600   46.005424  
3.6700   46.012960  
3.6800   46.020523  
3.6900   46.028135  
3.7000   46.041121  
3.7100   46.049015  
3.7200   46.057068  
3.7300   46.065242  
3.7400   46.073510  
3.7500   46.087610  
3.7600   46.096317  
3.7700   46.105086  
3.7800   46.113918  
3.7900   46.122788  
3.8000   46.137679  
3.8100   46.146792  
3.8200   46.155955  
3.8300   46.165128  
3.8400   46.174215  
3.8500   46.189511  
3.8600   46.198663  
3.8700   46.207786  
3.8800   46.216932  
3.8900   46.225987  
3.9000   46.241672  
3.9100   46.250963  
3.9200   46.260382  
3.9300   46.269943  
3.9400   46.279613  
3.9500   46.296525  
3.9600   46.306519  
3.9700   46.316445  
3.9800   46.326310  
3.9900   46.336185  
4.0000   46.353509  
4.0100   46.363350  
4.0200   46.372985  
4.0300   46.382161  
4.0400   46.390867  
4.0500   46.399258  
4.0600   46.418837  
4.0700   46.427451  
4.0800   46.436139  
4.0900   46.445076  
4.1000   46.454506  
4.1100   46.476172  
4.1200   46.487016  
4.1300   46.498427  
4.1400   46.510129  
4.1500   46.533917  
4.1600   46.545918  
4.1700   46.557974  
4.1800   46.570003  
4.1900   46.582137  
4.2000   46.607044  
4.2100   46.619895  
4.2200   46.633134  
4.2300   46.646665  
4.2400   46.660473  
4.2500   46.687375  
4.2600   46.701295  
4.2700   46.715297  
4.2800   46.729347  
4.2900   46.743515  
4.3000   46.757738  
4.3100   46.785933  
4.3200   46.800604  
4.3300   46.815340  
4.3400   46.830301  
4.3500   46.859978  
4.3600   46.875352  
4.3700   46.890912  
4.3800   46.906691  
4.3900   46.922709  
4.4000   46.954274  
4.4100   46.970518  
4.4200   46.986503  
4.4300   47.002084  
4.4400   47.017366  
4.4500   47.048925  
4.4600   47.064599  
4.4700   47.080521  
4.4800   47.096869  
4.4900   47.113877  
4.5000   47.148719  
4.5100   47.167330  
4.5200   47.186065  
4.5300   47.205009  
4.5400   47.224034  
4.5500   47.243235  
4.5600   47.290122  
4.5700   47.309955  
4.5800   47.330075  
4.5900   47.349684  
4.6000   47.397945  
4.6100   47.417306  
4.6200   47.436626  
4.6300   47.456325  
4.6400   47.476317  
4.6500   47.527924  
4.6600   47.549499  
4.6700   47.571296  
4.6800   47.593199  
4.6900   47.614872  
4.7000   47.670342  
4.7100   47.693065  
4.7200   47.716359  
4.7300   47.740610  
4.7400   47.765493  
4.7500   47.827408  
4.7600   47.852791  
4.7700   47.877486  
4.7800   47.901504  
4.7900   47.924428  
4.8000   47.946674  
4.8100   48.009684  
4.8200   48.030746  
4.8300   48.048403  
4.8400   48.060793  
4.8500   48.113023  
4.8600   48.120478  
4.8700   48.127220  
4.8800   48.133693  
4.8900   48.140071  
4.9000   48.189613  
4.9100   48.196164  
4.9200   48.202855  
4.9300   48.209726  
4.9400   48.216764  
4.9500   48.266555  
4.9600   48.273644  
4.9700   48.280792  
4.9800   48.288007  
4.9900   48.295241  
5.0000   48.344499  
5.0100   48.351433  
5.0200   48.358087  
5.0300   48.364549  
5.0400   48.371028  
5.0500   48.377792  
5.0600   48.442691  
5.0700   48.450254  
5.0800   48.458467  
5.0900   48.467188  
5.1000   48.533615  
5.1100   48.542840  
5.1200   48.552208  
5.1300   48.561720  
5.1400   48.571217  
5.1500   48.637588  
5.1600   48.647125  
5.1700   48.656774  
5.1800   48.666561  
5.1900   48.676588  
5.2000   48.743193  
5.2100   48.753842  
5.2200   48.764585  
5.2300   48.775513  
5.2400   48.786496  
5.2500   48.853403  
5.2600   48.864474  
5.2700   48.875493  
5.2800   48.886551  
5.2900   48.897554  
5.3000   48.908596  
5.3100   48.974904  
5.3200   48.985990  
5.3300   48.997133  
5.3400   49.008500  
5.3500   49.074969  
5.3600   49.086624  
5.3700   49.098632  
5.3800   49.111363  
5.3900   49.124506  
5.4000   49.193139  
5.4100   49.207460  
5.4200   49.222283  
5.4300   49.237326  
5.4400   49.252576  
5.4500   49.322355  
5.4600   49.338068  
5.4700   49.354114  
5.4800   49.370394  
5.4900   49.387106  
5.5000   49.458201  
5.5100   49.475161  
5.5200   49.491889  
5.5300   49.508765  
5.5400   49.525358  
5.5500   49.542343  
5.5600   49.632490  
5.5700   49.650463  
5.5800   49.669100  
5.5900   49.688699  
5.6000   49.781636  
5.6100   49.802521  
5.6200   49.823941  
5.6300   49.845208  
5.6400   49.866551  
5.6500   49.961300  
5.6600   49.982627  
5.6700   50.004836  
5.6800   50.027945  
5.6900   50.052518  
5.7000   50.153144  
5.7100   50.180986  
5.7200   50.209813  
5.7300   50.239769  
5.7400   50.270059  
5.7500   50.377911  
5.7600   50.410764  
5.7700   50.445719  
5.7800   50.482218  
5.7900   50.521225  
5.8000   50.561477  
5.8100   50.682741  
5.8200   50.724752  
5.8300   50.767141  
5.8400   50.809063  
5.8500   50.933941  
5.8600   50.975883  
5.8700   51.018704  
5.8800   51.061264  
5.8900   51.105193  
5.9000   51.236428  
5.9100   51.275317  
5.9200   51.305304  
5.9300   51.329042  
5.9400   51.349958  
5.9500   51.461551  
5.9600   51.481511  
5.9700   51.502284  
5.9800   51.524381  
5.9900   51.546720  
6.0000   51.661640  
