# 1 z 
# 2 dm 
0.0000   -0.845555  
0.0100   32.321505  
0.0200   33.836132  
0.0300   34.725533  
0.0400   35.358246  
0.0500   35.850717  
0.0600   36.254451  
0.0700   36.597068  
0.0800   36.894086  
0.0900   37.156974  
0.1000   37.393497  
0.1100   37.607669  
0.1200   37.803759  
0.1300   37.983483  
0.1400   38.150462  
0.1500   38.306361  
0.1600   38.452471  
0.1700   38.590623  
0.1800   38.721488  
0.1900   38.845098  
0.2000   38.962774  
0.2100   39.074880  
0.2200   39.182979  
0.2300   39.285786  
0.2400   39.385387  
0.2500   39.481769  
0.2600   39.575062  
0.2700   39.664869  
0.2800   39.752765  
0.2900   39.838825  
0.3000   39.921444  
0.3100   40.002237  
0.3200   40.079760  
0.3300   40.156861  
0.3400   40.230801  
0.3500   40.302816  
0.3600   40.372779  
0.3700   40.441024  
0.3800   40.507817  
0.3900   40.572799  
0.4000   40.637510  
0.4100   40.700043  
0.4200   40.761037  
0.4300   40.821369  
0.4400   40.881598  
0.4500   40.939743  
0.4600   40.994440  
0.4700   41.049510  
0.4800   41.104879  
0.4900   41.160411  
0.5000   41.213776  
0.5100   41.266143  
0.5200   41.318878  
0.5300   41.370430  
0.5400   41.421439  
0.5500   41.471119  
0.5600   41.519659  
0.5700   41.568821  
0.5800   41.617459  
0.5900   41.663567  
0.6000   41.710280  
0.6100   41.756299  
0.6200   41.801542  
0.6300   41.845167  
0.6400   41.885514  
0.6500   41.927516  
0.6600   41.970663  
0.6700   42.013278  
0.6800   42.056200  
0.6900   42.098783  
0.7000   42.140812  
0.7100   42.182912  
0.7200   42.223181  
0.7300   42.260200  
0.7400   42.298227  
0.7500   42.337651  
0.7600   42.377773  
0.7700   42.417369  
0.7800   42.454968  
0.7900   42.489380  
0.8000   42.525257  
0.8100   42.561347  
0.8200   42.596884  
0.8300   42.629669  
0.8400   42.664464  
0.8500   42.697492  
0.8600   42.729123  
0.8700   42.760963  
0.8800   42.791143  
0.8900   42.819775  
0.9000   42.846658  
0.9100   42.871936  
0.9200   42.896248  
0.9300   42.920075  
0.9400   42.943951  
0.9500   42.967706  
0.9600   42.990995  
0.9700   43.013953  
0.9800   43.036835  
0.9900   43.059363  
1.0000   43.081872  
1.0100   43.104139  
1.0200   43.126221  
1.0300   43.147967  
1.0400   43.169498  
1.0500   43.190623  
1.0600   43.211336  
1.0700   43.232034  
1.0800   43.252532  
1.0900   43.272606  
1.1000   43.292339  
1.1100   43.311926  
1.1200   43.331433  
1.1300   43.350712  
1.1400   43.369906  
1.1500   43.389014  
1.1600   43.407739  
1.1700   43.426115  
1.1800   43.444697  
1.1900   43.463041  
1.2000   43.481016  
1.2100   43.498735  
1.2200   43.516532  
1.2300   43.534128  
1.2400   43.551644  
1.2500   43.568874  
1.2600   43.586334  
1.2700   43.603656  
1.2800   43.620763  
1.2900   43.637747  
1.3000   43.654826  
1.3100   43.671727  
1.3200   43.688281  
1.3300   43.704795  
1.3400   43.721473  
1.3500   43.737823  
1.3600   43.753766  
1.3700   43.769687  
1.3800   43.785561  
1.3900   43.801305  
1.4000   43.816875  
1.4100   43.832409  
1.4200   43.848059  
1.4300   43.863622  
1.4400   43.878877  
1.4500   43.894101  
1.4600   43.909420  
1.4700   43.924358  
1.4800   43.939155  
1.4900   43.953945  
1.5000   43.968680  
1.5100   43.983215  
1.5200   43.997854  
1.5300   44.012043  
1.5400   44.025676  
1.5500   44.039633  
1.5600   44.053615  
1.5700   44.067224  
1.5800   44.080653  
1.5900   44.094160  
1.6000   44.107797  
1.6100   44.121231  
1.6200   44.134361  
1.6300   44.147452  
1.6400   44.160562  
1.6500   44.173652  
1.6600   44.186537  
1.6700   44.199541  
1.6800   44.212782  
1.6900   44.225864  
1.7000   44.238577  
1.7100   44.251103  
1.7200   44.263559  
1.7300   44.275955  
1.7400   44.288317  
1.7500   44.300561  
1.7600   44.312746  
1.7700   44.324792  
1.7800   44.336720  
1.7900   44.348504  
1.8000   44.360062  
1.8100   44.371524  
1.8200   44.382961  
1.8300   44.394334  
1.8400   44.405084  
1.8500   44.415835  
1.8600   44.427135  
1.8700   44.438485  
1.8800   44.449826  
1.8900   44.461053  
1.9000   44.472424  
1.9100   44.483805  
1.9200   44.494973  
1.9300   44.505964  
1.9400   44.516925  
1.9500   44.527893  
1.9600   44.538896  
1.9700   44.549648  
1.9800   44.560372  
1.9900   44.571361  
2.0000   44.582433  
2.0100   44.593448  
2.0200   44.604516  
2.0300   44.615594  
2.0400   44.626469  
2.0500   44.636805  
2.0600   44.647430  
2.0700   44.658618  
2.0800   44.669924  
2.0900   44.681048  
2.1000   44.692174  
2.1100   44.703516  
2.1200   44.714826  
2.1300   44.725968  
2.1400   44.736857  
2.1500   44.747429  
2.1600   44.757866  
2.1700   44.768333  
2.1800   44.778874  
2.1900   44.789366  
2.2000   44.799732  
2.2100   44.809977  
2.2200   44.820223  
2.2300   44.830572  
2.2400   44.840894  
2.2500   44.851098  
2.2600   44.861209  
2.2700   44.871180  
2.2800   44.881265  
2.2900   44.891596  
2.3000   44.901908  
2.3100   44.911983  
2.3200   44.921832  
2.3300   44.931718  
2.3400   44.941807  
2.3500   44.951992  
2.3600   44.962138  
2.3700   44.972204  
2.3800   44.982119  
2.3900   44.992014  
2.4000   45.002004  
2.4100   45.011928  
2.4200   45.021854  
2.4300   45.031427  
2.4400   45.040418  
2.4500   45.049117  
2.4600   45.057897  
2.4700   45.066854  
2.4800   45.075682  
2.4900   45.084489  
2.5000   45.093613  
2.5100   45.102834  
2.5200   45.111850  
2.5300   45.120777  
2.5400   45.129653  
2.5500   45.138349  
2.5600   45.146867  
2.5700   45.155314  
2.5800   45.163764  
2.5900   45.172350  
2.6000   45.181044  
2.6100   45.189738  
2.6200   45.198220  
2.6300   45.206447  
2.6400   45.214699  
2.6500   45.222999  
2.6600   45.231181  
2.6700   45.239251  
2.6800   45.247186  
2.6900   45.254970  
2.7000   45.262670  
2.7100   45.270406  
2.7200   45.278337  
2.7300   45.286333  
2.7400   45.294120  
2.7500   45.301779  
2.7600   45.309550  
2.7700   45.317568  
2.7800   45.325847  
2.7900   45.334194  
2.8000   45.342481  
2.8100   45.350689  
2.8200   45.358859  
2.8300   45.367072  
2.8400   45.375392  
2.8500   45.383826  
2.8600   45.392533  
2.8700   45.401562  
2.8800   45.410845  
2.8900   45.420343  
2.9000   45.429905  
2.9100   45.439471  
2.9200   45.449192  
2.9300   45.459231  
2.9400   45.469291  
2.9500   45.479480  
2.9600   45.489606  
2.9700   45.499655  
2.9800   45.509536  
2.9900   45.519240  
3.0000   45.529084  
3.0100   45.538547  
3.0200   45.547963  
3.0300   45.557425  
3.0400   45.567049  
3.0500   45.577392  
3.0600   45.587163  
3.0700   45.596830  
3.0800   45.606381  
3.0900   45.615808  
3.1000   45.625906  
3.1100   45.635081  
3.1200   45.644106  
3.1300   45.653016  
3.1400   45.661848  
3.1500   45.670738  
3.1600   45.680856  
3.1700   45.690120  
3.1800   45.699575  
3.1900   45.709214  
3.2000   45.720251  
3.2100   45.730143  
3.2200   45.739989  
3.2300   45.749678  
3.2400   45.759043  
3.2500   45.769795  
3.2600   45.779227  
3.2700   45.788685  
3.2800   45.798065  
3.2900   45.807338  
3.3000   45.818268  
3.3100   45.827512  
3.3200   45.836840  
3.3300   45.846147  
3.3400   45.855382  
3.3500   45.866317  
3.3600   45.875299  
3.3700   45.884150  
3.3800   45.892919  
3.3900   45.901696  
3.4000   45.912484  
3.4100   45.921271  
3.4200   45.930042  
3.4300   45.938854  
3.4400   45.947717  
3.4500   45.958897  
3.4600   45.968028  
3.4700   45.977311  
3.4800   45.986608  
3.4900   45.995783  
3.5000   46.007245  
3.5100   46.016134  
3.5200   46.024870  
3.5300   46.033424  
3.5400   46.041744  
3.5500   46.053419  
3.5600   46.061343  
3.5700   46.069131  
3.5800   46.076899  
3.5900   46.084765  
3.6000   46.096620  
3.6100   46.104904  
3.6200   46.113288  
3.6300   46.121846  
3.6400   46.130739  
3.6500   46.144084  
3.6600   46.153678  
3.6700   46.163373  
3.6800   46.173088  
3.6900   46.182835  
3.7000   46.197026  
3.7100   46.207129  
3.7200   46.217433  
3.7300   46.227894  
3.7400   46.238477  
3.7500   46.253878  
3.7600   46.264893  
3.7700   46.275975  
3.7800   46.287117  
3.7900   46.298283  
3.8000   46.314385  
3.8100   46.325743  
3.8200   46.337140  
3.8300   46.348555  
3.8400   46.359911  
3.8500   46.376397  
3.8600   46.387892  
3.8700   46.399396  
3.8800   46.410953  
3.8900   46.422463  
3.9000   46.439484  
3.9100   46.451298  
3.9200   46.463243  
3.9300   46.475326  
3.9400   46.487516  
3.9500   46.505697  
3.9600   46.518188  
3.9700   46.530640  
3.9800   46.543067  
3.9900   46.555510  
4.0000   46.574114  
4.0100   46.586494  
4.0200   46.598601  
4.0300   46.610152  
4.0400   46.621141  
4.0500   46.631746  
4.0600   46.651621  
4.0700   46.662338  
4.0800   46.673109  
4.0900   46.684150  
4.1000   46.695747  
4.1100   46.717758  
4.1200   46.730911  
4.1300   46.744667  
4.1400   46.758726  
4.1500   46.782947  
4.1600   46.797315  
4.1700   46.811744  
4.1800   46.826139  
4.1900   46.840635  
4.2000   46.865914  
4.2100   46.881124  
4.2200   46.896758  
4.2300   46.912747  
4.2400   46.929069  
4.2500   46.956525  
4.2600   46.972999  
4.2700   46.989574  
4.2800   47.006185  
4.2900   47.022884  
4.3000   47.039622  
4.3100   47.068324  
4.3200   47.085527  
4.3300   47.102842  
4.3400   47.120444  
4.3500   47.150811  
4.3600   47.168921  
4.3700   47.187276  
4.3800   47.205917  
4.3900   47.224846  
4.4000   47.257334  
4.4100   47.276457  
4.4200   47.295269  
4.4300   47.313630  
4.4400   47.331658  
4.4500   47.364001  
4.4600   47.382458  
4.4700   47.401214  
4.4800   47.420467  
4.4900   47.440490  
4.5000   47.476540  
4.5100   47.498458  
4.5200   47.520611  
4.5300   47.543051  
4.5400   47.565616  
4.5500   47.588382  
4.5600   47.636321  
4.5700   47.659776  
4.5800   47.683568  
4.5900   47.706807  
4.6000   47.756279  
4.6100   47.779300  
4.6200   47.802324  
4.6300   47.825840  
4.6400   47.849717  
4.6500   47.903153  
4.6600   47.928909  
4.6700   47.954979  
4.6800   47.981254  
4.6900   48.007352  
4.7000   48.065518  
4.7100   48.092969  
4.7200   48.121130  
4.7300   48.150482  
4.7400   48.180653  
4.7500   48.246644  
4.7600   48.277536  
4.7700   48.307713  
4.7800   48.337136  
4.7900   48.365319  
4.8000   48.392758  
4.8100   48.460475  
4.8200   48.486486  
4.8300   48.508297  
4.8400   48.523536  
4.8500   48.577834  
4.8600   48.586902  
4.8700   48.595072  
4.8800   48.602902  
4.8900   48.610606  
4.9000   48.661512  
4.9100   48.669338  
4.9200   48.677333  
4.9300   48.685544  
4.9400   48.693938  
4.9500   48.745084  
4.9600   48.753568  
4.9700   48.762158  
4.9800   48.770859  
4.9900   48.779595  
5.0000   48.830204  
5.0100   48.838543  
5.0200   48.846554  
5.0300   48.854325  
5.0400   48.862105  
5.0500   48.870210  
5.0600   48.936171  
5.0700   48.945220  
5.0800   48.954996  
5.0900   48.965337  
5.1000   49.032969  
5.1100   49.043843  
5.1200   49.054881  
5.1300   49.066073  
5.1400   49.077280  
5.1500   49.144828  
5.1600   49.156096  
5.1700   49.167500  
5.1800   49.179058  
5.1900   49.190874  
5.2000   49.258633  
5.2100   49.271087  
5.2200   49.283667  
5.2300   49.296469  
5.2400   49.309356  
5.2500   49.377434  
5.2600   49.390400  
5.2700   49.403296  
5.2800   49.416185  
5.2900   49.428994  
5.3000   49.441812  
5.3100   49.509057  
5.3200   49.521947  
5.3300   49.534934  
5.3400   49.548186  
5.3500   49.615678  
5.3600   49.629276  
5.3700   49.643246  
5.3800   49.657947  
5.3900   49.673089  
5.4000   49.742783  
5.4100   49.759159  
5.4200   49.776071  
5.4300   49.793241  
5.4400   49.810666  
5.4500   49.881622  
5.4600   49.899564  
5.4700   49.917875  
5.4800   49.936442  
5.4900   49.955455  
5.5000   50.027757  
5.5100   50.047021  
5.5200   50.066055  
5.5300   50.085243  
5.5400   50.104149  
5.5500   50.123476  
5.5600   50.214247  
5.5700   50.234610  
5.5800   50.255700  
5.5900   50.277816  
5.6000   50.371535  
5.6100   50.395006  
5.6200   50.419049  
5.6300   50.442956  
5.6400   50.466961  
5.6500   50.562540  
5.6600   50.586547  
5.6700   50.611498  
5.6800   50.637461  
5.6900   50.665010  
5.7000   50.766890  
5.7100   50.798018  
5.7200   50.830308  
5.7300   50.863882  
5.7400   50.897941  
5.7500   51.007829  
5.7600   51.044731  
5.7700   51.083939  
5.7800   51.124888  
5.7900   51.168552  
5.8000   51.213673  
5.8100   51.338158  
5.8200   51.385263  
5.8300   51.432825  
5.8400   51.479939  
5.8500   51.608505  
5.8600   51.655797  
5.8700   51.704171  
5.8800   51.752370  
5.8900   51.802159  
5.9000   51.938136  
5.9100   51.982342  
5.9200   52.016435  
5.9300   52.043415  
5.9400   52.067097  
5.9500   52.180560  
5.9600   52.203132  
5.9700   52.226581  
5.9800   52.251376  
5.9900   52.276460  
6.0000   52.393351  
