## template SED = galtemplates/Gsbc.spec
## E(B-V) = 0.00
# 1 Z
# 2 UVIMOS
# 3 f435w
# 4 f475w
# 5 f555w
# 6 f606w
# 7 f625w
# 8 f775w
# 9 f814w
# 10 f850lp
# 11 f098m
# 12 f105w
# 13 f110w
# 14 f125w
# 15 f140w
# 16 f160w
0.00 -23.8085 -24.4892 -24.7091 -24.9525 -25.1161 -25.2279 -25.5785 -25.6634 -25.8738 -26.0215 -26.0596 -26.0865 -26.1216 -26.1420 -26.1465 
0.05 13.1436 12.3730 12.0890 11.8114 11.6477 11.5357 11.1919 11.1079 10.8970 10.7325 10.6619 10.6269 10.5722 10.5465 10.5286 
0.10 14.9205 14.1075 13.7535 13.4324 13.2608 13.1467 12.8058 12.7227 12.5132 12.3490 12.2463 12.1935 12.1134 12.0858 12.0577 
0.15 16.0743 15.2195 14.8115 14.4279 14.2466 14.1228 13.7880 13.7054 13.4974 13.3351 13.2144 13.1355 13.0307 12.9987 12.9713 
0.20 16.9299 16.1038 15.6311 15.1738 14.9758 14.8358 14.5069 14.4254 14.2194 14.0581 13.9327 13.8229 13.6990 13.6540 13.6319 
0.25 17.5936 16.8327 16.3217 15.8023 15.5725 15.4098 15.0742 14.9963 14.7951 14.6348 14.5107 14.3746 14.2379 14.1706 14.1459 
0.30 18.1293 17.4571 16.9201 16.3613 16.0884 15.9037 15.5469 15.4702 15.2764 15.1172 14.9943 14.8415 14.6969 14.6023 14.5652 
0.35 18.5775 17.9887 17.4707 16.8731 16.5393 16.3242 15.9627 15.8851 15.6915 15.5332 15.4113 15.2500 15.1015 14.9763 14.9187 
0.40 18.9637 18.4677 17.9719 17.3441 16.9499 16.7081 16.3269 16.2505 16.0568 15.8998 15.7788 15.6156 15.4666 15.3120 15.2241 
0.45 19.3061 18.8808 18.4186 17.7897 17.3362 17.0751 16.6500 16.5746 16.3807 16.2280 16.1075 15.9458 15.7977 15.6193 15.5002 
0.50 19.6159 19.2371 18.8242 18.2162 17.7038 17.4300 16.9428 16.8668 16.6682 16.5252 16.4052 16.2449 16.0975 15.9043 15.7609 
0.55 19.8987 19.5489 19.1816 18.6143 18.0574 17.7783 17.2152 17.1340 16.9349 16.7958 16.6774 16.5180 16.3717 16.1710 16.0090 
0.60 20.1566 19.8268 19.5125 18.9804 18.3983 18.1143 17.4685 17.3839 17.1888 17.0413 16.9264 16.7686 16.6244 16.4225 16.2461 
0.65 20.3925 20.0784 19.8062 19.3194 18.7165 18.4298 17.7120 17.6256 17.4227 17.2655 17.1551 17.0002 16.8586 16.6580 16.4737 
0.70 20.6093 20.3092 20.0675 19.6252 19.0284 18.7519 17.9462 17.8554 17.6376 17.4824 17.3710 17.2179 17.0769 16.8776 16.6925 
0.75 20.8095 20.5231 20.3024 19.9107 19.3311 19.0722 18.1758 18.0758 17.8372 17.6858 17.5745 17.4218 17.2812 17.0833 16.8994 
0.80 20.9944 20.7227 20.5163 20.1671 19.6214 19.3699 18.4096 18.2904 18.0234 17.8743 17.7649 17.6129 17.4734 17.2765 17.0937 
0.85 21.1682 20.9094 20.7132 20.3966 19.8897 19.6537 18.6468 18.5045 18.2010 18.0521 17.9430 17.7927 17.6549 17.4588 17.2769 
0.90 21.3347 21.0840 20.8960 20.6037 20.1394 19.9239 18.8853 18.7178 18.3786 18.2225 18.1109 17.9624 17.8258 17.6313 17.4502 
0.95 21.4976 21.2475 21.0668 20.7927 20.3739 20.1668 19.1229 18.9329 18.5583 18.3891 18.2700 18.1235 17.9860 17.7949 17.6146 
1.00 21.6595 21.4012 21.2273 20.9673 20.5873 20.4025 19.3506 19.1464 18.7327 18.5413 18.4214 18.2767 18.1364 17.9506 17.7712 
1.05 21.8216 21.5467 21.3790 21.1301 20.7937 20.6227 19.5833 19.3581 18.9034 18.6850 18.5674 18.4241 18.2823 18.0989 17.9204 
1.10 21.9859 21.6857 21.5227 21.2832 20.9826 20.8230 19.8154 19.5688 19.0764 18.8346 18.7138 18.5672 18.4247 18.2395 18.0629 
1.15 22.1504 21.8197 21.6596 21.4281 21.1557 21.0045 20.0483 19.7788 19.2557 18.9817 18.8584 18.7043 18.5599 18.3725 18.1993 
1.20 22.3157 21.9498 21.7902 21.5657 21.3146 21.1699 20.2649 19.9839 19.4381 19.1281 18.9994 18.8371 18.6881 18.4992 18.3301 
1.25 22.4779 22.0776 21.9157 21.6967 21.4614 21.3218 20.4758 20.1848 19.6216 19.2738 19.1311 18.9656 18.8105 18.6242 18.4557 
1.30 22.6346 22.2042 22.0371 21.8212 21.5981 21.4629 20.6791 20.3848 19.8088 19.4300 19.2617 19.0925 18.9278 18.7450 18.5766 
1.35 22.7859 22.3301 22.1551 21.9396 21.7261 21.5951 20.8685 20.5796 19.9954 19.5889 19.3938 19.2171 19.0400 18.8610 18.6929 
1.40 22.9324 22.4561 22.2704 22.0521 21.8469 21.7198 21.0455 20.7698 20.1785 19.7545 19.5294 19.3404 19.1491 18.9716 18.8043 
1.45 23.0744 22.5823 22.3833 22.1594 21.9615 21.8382 21.2199 20.9472 20.3591 19.9122 19.6648 19.4627 19.2561 19.0779 18.9104 
1.50 23.2119 22.7084 22.4942 22.2620 22.0709 21.9513 21.3809 21.1173 20.5375 20.0696 19.8036 19.5857 19.3646 19.1806 19.0108 
1.55 23.3450 22.8347 22.6037 22.3608 22.1760 22.0598 21.5293 21.2779 20.7139 20.2325 19.9452 19.7073 19.4761 19.2787 19.1066 
1.60 23.4736 22.9602 22.7123 22.4567 22.2774 22.1641 21.6657 21.4314 20.8871 20.3980 20.0862 19.8263 19.5821 19.3741 19.2017 
1.65 23.5974 23.0847 22.8203 22.5502 22.3756 22.2644 21.7914 21.5724 21.0550 20.5681 20.2304 19.9402 19.6794 19.4668 19.2990 
1.70 23.7162 23.2078 22.9278 22.6424 22.4712 22.3607 21.9081 21.7068 21.2171 20.7393 20.3761 20.0551 19.7789 19.5575 19.3922 
1.75 23.8294 23.3280 23.0352 22.7338 22.5645 22.4531 22.0173 21.8356 21.3722 20.8972 20.5176 20.1698 19.8767 19.6497 19.4821 
1.80 23.9369 23.4448 23.1424 22.8249 22.6556 22.5416 22.1204 21.9558 21.5200 21.0553 20.6541 20.2856 19.9814 19.7436 19.5676 
1.85 24.0393 23.5581 23.2491 22.9162 22.7446 22.6267 22.2184 22.0684 21.6599 21.2075 20.7971 20.4024 20.0876 19.8354 19.6501 
1.90 24.1396 23.6681 23.3555 23.0077 22.8316 22.7085 22.3121 22.1743 21.7919 21.3619 20.9427 20.5187 20.1953 19.9264 19.7315 
1.95 24.2399 23.7748 23.4608 23.0996 22.9169 22.7874 22.4019 22.2740 21.9159 21.5004 21.0866 20.6366 20.3058 20.0163 19.8107 
2.00 24.3409 23.8785 23.5647 23.1920 23.0007 22.8642 22.4885 22.3685 22.0318 21.6321 21.2363 20.7548 20.4180 20.0994 19.8893 
2.05 24.4453 23.9793 23.6672 23.2848 23.0830 22.9390 22.5722 22.4584 22.1408 21.7695 21.3724 20.8738 20.5351 20.1868 19.9675 
2.10 24.5528 24.0780 23.7676 23.3779 23.1642 23.0124 22.6533 22.5443 22.2432 21.9000 21.5061 20.9930 20.6523 20.2750 20.0433 
2.15 24.6597 24.1745 23.8654 23.4711 23.2442 23.0846 22.7321 22.6267 22.3393 22.0228 21.6363 21.1121 20.7693 20.3644 20.1145 
2.20 24.7812 24.2700 23.9607 23.5643 23.3233 23.1563 22.8085 22.7060 22.4298 22.1376 21.7611 21.2282 20.8840 20.4567 20.1860 
2.25 24.8959 24.3638 24.0541 23.6571 23.4014 23.2277 22.8825 22.7825 22.5157 22.2446 21.8866 21.3402 20.9951 20.5489 20.2624 
2.30 24.9795 24.4561 24.1461 23.7493 23.4790 23.2993 22.9542 22.8562 22.5976 22.3442 21.9998 21.4528 21.1092 20.6438 20.3374 
2.35 25.0597 24.5469 24.2371 23.8406 23.5562 23.3711 23.0233 22.9274 22.6762 22.4374 22.1062 21.5688 21.2295 20.7415 20.4109 
2.40 25.1384 24.6361 24.3271 23.9307 23.6329 23.4434 23.0900 22.9963 22.7518 22.5247 22.2158 21.6836 21.3490 20.8389 20.4879 
2.45 25.2161 24.7237 24.4159 24.0191 23.7094 23.5162 23.1543 23.0629 22.8249 22.6070 22.3216 21.7970 21.4699 20.9370 20.5638 
2.50 25.2944 24.8108 24.5032 24.1055 23.7856 23.5896 23.2163 23.1274 22.8956 22.6851 22.4216 21.9130 21.5950 21.0364 20.6391 
2.55 25.3772 24.8989 24.5899 24.1899 23.8615 23.6636 23.2763 23.1900 22.9643 22.7595 22.5162 22.0207 21.7099 21.1377 20.7221 
2.60 25.4621 24.9873 24.6754 24.2722 23.9372 23.7380 23.3347 23.2508 23.0309 22.8310 22.6055 22.1238 21.8217 21.2392 20.8077 
2.65 25.5501 25.0767 24.7597 24.3524 24.0126 23.8130 23.3915 23.3100 23.0958 22.8997 22.6897 22.2266 21.9337 21.3384 20.8943 
2.70 25.6421 25.1665 24.8427 24.4307 24.0876 23.8885 23.4471 23.3677 23.1589 22.9661 22.7694 22.3243 22.0398 21.4349 20.9839 
2.75 25.7391 25.2576 24.9247 24.5070 24.1624 23.9641 23.5017 23.4241 23.2204 23.0305 22.8450 22.4200 22.1456 21.5331 21.0743 
2.80 25.8418 25.3505 25.0054 24.5816 24.2366 24.0396 23.5558 23.4796 23.2803 23.0931 22.9169 22.5148 22.2507 21.6352 21.1651 
2.85 25.9487 25.4443 25.0856 24.6551 24.3103 24.1149 23.6093 23.5341 23.3384 23.1541 22.9856 22.6022 22.3459 21.7378 21.2570 
2.90 26.0456 25.5392 25.1653 24.7290 24.3846 24.1902 23.6627 23.5880 23.3949 23.2136 23.0514 22.6845 22.4358 21.8391 21.3469 
2.95 26.1498 25.6357 25.2449 24.8044 24.4597 24.2648 23.7163 23.6414 23.4496 23.2719 23.1147 22.7675 22.5280 21.9434 21.4356 
3.00 26.2659 25.7137 25.3248 24.8818 24.5353 24.3382 23.7705 23.6945 23.5026 23.3290 23.1757 22.8502 22.6201 22.0472 21.5278 
