   1748.95    1493.06   27.026      expdisk    0.425   0.38  29.92 no 
   1793.01    1113.94   25.960      expdisk    0.382   0.38 196.68 no 
    580.14     871.75   28.407      expdisk   20.273   0.38 136.70 no 
    848.04    1100.20   27.407      expdisk    0.633   0.38 138.20 no 
     73.09     329.06   26.974      expdisk    6.149   0.38 278.06 no 
    347.87     489.94   28.224      expdisk   39.161   0.38   2.91 no 
   1027.93     652.08   28.336       devauc    3.650   0.74 202.29 no 
    772.55    1818.16   25.847      expdisk    5.928   0.38 161.84 no 
    256.54     811.43   25.752       devauc    3.313   0.87  85.54 no 
    182.94     581.19   29.182      expdisk    3.041   0.38 146.86 no 
   1388.83     930.11   29.492      expdisk   39.804   0.38  54.97 no 
   1870.94    1001.16   29.005      expdisk    0.257   0.38  93.03 no 
   1269.11     870.33   23.393      expdisk   39.587   0.38 119.03 no 
   1277.23    1143.60   25.807       devauc   35.103   0.68  50.56 no 
   1454.28     880.38   23.665      expdisk    0.163   0.38 280.41 no 
    568.15    1375.90   29.911      expdisk   33.132   0.38 168.92 no 
   1903.97     861.94   25.777      expdisk   12.675   0.38  84.64 no 
     48.34    1634.57   24.411       devauc    1.628   0.51  65.06 no 
   1982.23    1326.77   24.360      expdisk    0.520   0.38 271.51 no 
   1215.84    2010.47   26.105      expdisk   14.778   0.38  50.21 no 
    201.46     629.40   24.001      expdisk    8.054   0.38  65.75 no 
   1517.37    1165.78   26.760      expdisk    3.238   0.38 166.59 no 
     77.33    1363.47   26.012      expdisk   11.073   0.38 168.42 no 
   1116.17    1777.31   28.887       devauc   33.904   0.50 206.50 no 
   1371.44    1435.73   24.860      expdisk   20.514   0.38 307.42 no 
    975.49     733.97   27.770       devauc   44.355   0.87 280.68 no 
   1415.40    1724.31   24.748      expdisk   42.931   0.38  21.69 no 
    850.97    1047.81   26.483       devauc   44.103   0.67  11.15 no 
   1605.00     363.91   29.994      expdisk    0.287   0.38 297.26 no 
   1866.32    1006.71   25.315       devauc   10.254   0.54 315.58 no 
    328.60     791.11   27.316       devauc    0.328   0.48 327.73 no 
   1862.37     256.13   28.730       devauc    0.735   0.66 224.10 no 
   1134.25     472.62   24.560      expdisk    6.110   0.38 193.47 no 
   1226.54     889.07   28.046      expdisk    5.725   0.38  53.58 no 
    754.76     856.20   23.301      expdisk    1.597   0.38   6.40 no 
    181.93    1049.91   28.618       devauc    0.131   0.80 169.41 no 
    339.64    1023.71   26.616      expdisk   49.463   0.38   3.15 no 
   1885.55    1163.27   26.761       devauc   27.185   0.75 143.24 no 
    687.79     707.77   28.097      expdisk    0.093   0.38 192.11 no 
    692.34    1512.59   27.572       devauc   14.834   0.68 310.00 no 
