# 1 SPECTYPE
# 2 f160w_mag
# 3 f850lp_mag
# 4 f435w_mag
# 5 f098m_mag
# 6 f814w_mag
# 7 f125w_mag
     uka0i      10.00       9.23       8.75       9.32       9.17       9.66 
   uka0iii      10.00       9.10       8.55       9.15       9.00       9.56 
    uka0iv      10.00       9.15       8.51       9.22       9.06       9.60 
     uka0v      10.00       9.23       8.65       9.29       9.12       9.64 
     uka2i      10.00       9.34       9.00       9.42       9.27       9.71 
     uka2v      10.00       9.02       8.50       9.08       8.92       9.51 
   uka3iii      10.00       9.08       8.71       9.14       9.00       9.52 
     uka3v      10.00       9.01       8.60       9.07       8.91       9.49 
   uka47iv      10.00       9.47       9.07       9.51       9.40       9.72 
   uka5iii      10.00       9.34       9.14       9.39       9.29       9.69 
     uka5v      10.00       9.33       9.09       9.36       9.27       9.66 
   uka7iii      10.00       9.30       9.22       9.32       9.26       9.62 
     uka7v      10.00       9.29       9.20       9.31       9.25       9.64 
     ukb0i      10.00       9.02       7.84       9.20       8.81       9.65 
     ukb0v      10.00       8.84       7.45       8.99       8.63       9.52 
  ukb12iii      10.00       9.02       7.80       9.21       8.84       9.61 
     ukb1i      10.00       8.97       7.88       9.11       8.74       9.56 
     ukb1v      10.00       8.75       7.58       8.90       8.58       9.49 
    ukb2ii      10.00       9.13       8.04       9.27       8.95       9.62 
    ukb2iv      10.00       8.74       7.49       8.89       8.56       9.46 
     ukb3i      10.00       9.11       8.13       9.23       8.93       9.61 
   ukb3iii      10.00       8.87       7.82       9.02       8.70       9.56 
     ukb3v      10.00       8.77       7.72       8.90       8.59       9.43 
    ukb57v      10.00       8.95       8.06       9.08       8.80       9.55 
     ukb5i      10.00       9.08       8.38       9.20       8.96       9.62 
    ukb5ii      10.00       9.32       8.37       9.44       9.16       9.68 
   ukb5iii      10.00       8.92       8.00       9.01       8.77       9.50 
    ukb6iv      10.00       8.71       7.91       8.79       8.61       9.39 
     ukb8i      10.00       9.09       8.53       9.19       9.01       9.59 
     ukb8v      10.00       8.89       8.12       8.97       8.78       9.49 
   ukb9iii      10.00       8.96       8.23       9.01       8.86       9.46 
     ukb9v      10.00       9.07       8.39       9.17       8.97       9.59 
   ukf02iv      10.00       9.44       9.64       9.48       9.39       9.72 
     ukf0i      10.00       9.33       9.34       9.37       9.32       9.71 
    ukf0ii      10.00       9.51       9.31       9.51       9.45       9.73 
   ukf0iii      10.00       9.40       9.50       9.43       9.39       9.74 
     ukf0v      10.00       9.43       9.55       9.46       9.37       9.72 
    ukf2ii      10.00       9.35       9.54       9.35       9.33       9.70 
   ukf2iii      10.00       9.44       9.80       9.45       9.43       9.70 
     ukf2v      10.00       9.28       9.63       9.30       9.27       9.64 
     ukf5i      10.00       9.49       9.64       9.49       9.48       9.72 
   ukf5iii      10.00       9.61      10.05       9.59       9.60       9.82 
    ukf5iv      10.00       9.62      10.00       9.64       9.59       9.80 
     ukf5v      10.00       9.65      10.10       9.67       9.63       9.81 
     ukf6v      10.00       9.66      10.19       9.68       9.65       9.81 
     ukf8i      10.00       9.69      10.30       9.68       9.68       9.83 
    ukf8iv      10.00       9.81      10.46       9.82       9.80       9.86 
     ukf8v      10.00       9.67      10.37       9.66       9.69       9.80 
     ukg0i      10.00       9.73      10.70       9.73       9.73       9.87 
   ukg0iii      10.00      10.04      10.99      10.03      10.07       9.99 
    ukg0iv      10.00       9.77      10.53       9.77       9.78       9.92 
     ukg0v      10.00       9.68      10.45       9.70       9.69       9.85 
     ukg2i      10.00       9.79      10.96       9.77       9.79       9.88 
    ukg2iv      10.00       9.73      10.66       9.73       9.75       9.86 
     ukg2v      10.00       9.87      10.77       9.85       9.90       9.91 
     ukg5i      10.00       9.87      11.34       9.84       9.90       9.91 
    ukg5ii      10.00       9.84      11.16       9.80       9.88       9.91 
   ukg5iii      10.00      10.14      11.49      10.12      10.19      10.02 
    ukg5iv      10.00       9.78      10.86       9.79       9.81       9.88 
     ukg5v      10.00       9.75      10.74       9.72       9.79       9.84 
     ukg8i      10.00       9.74      11.55       9.67       9.78       9.84 
   ukg8iii      10.00      10.09      11.59      10.04      10.17      10.01 
    ukg8iv      10.00       9.85      11.14       9.82       9.91       9.89 
     ukg8v      10.00       9.93      11.04       9.91       9.96       9.93 
   ukk01ii      10.00       9.89      11.93       9.81      10.00       9.89 
   ukk0iii      10.00      10.18      11.73      10.12      10.25      10.04 
    ukk0iv      10.00       9.80      11.35       9.76       9.89       9.95 
     ukk0v      10.00       9.94      11.15       9.91       9.98       9.97 
   ukk1iii      10.00      10.21      11.94      10.13      10.31      10.04 
    ukk1iv      10.00       9.79      11.46       9.73       9.90       9.94 
     ukk2i      10.00       9.77      12.26       9.64       9.89       9.85 
   ukk2iii      10.00      10.38      12.28      10.31      10.49      10.15 
     ukk2v      10.00      10.13      11.62      10.10      10.20      10.02 
   ukk34ii      10.00      10.52      13.02      10.40      10.69      10.15 
     ukk3i      10.00      10.18      12.87      10.04      10.31      10.04 
   ukk3iii      10.00      10.65      12.71      10.56      10.77      10.21 
    ukk3iv      10.00      10.05      12.07      10.01      10.15      10.01 
     ukk3v      10.00      10.20      11.83      10.17      10.28      10.08 
     ukk4i      10.00      10.50      13.66      10.36      10.74      10.16 
   ukk4iii      10.00      10.66      13.19      10.57      10.82      10.25 
     ukk4v      10.00      10.20      12.14      10.14      10.30      10.07 
   ukk5iii      10.00      10.59      13.35      10.44      10.80      10.18 
     ukk5v      10.00      10.28      12.49      10.20      10.40      10.09 
     ukk7v      10.00      10.22      12.88      10.12      10.39      10.08 
   ukm0iii      10.00      10.72      13.62      10.58      10.95      10.30 
     ukm0v      10.00      10.56      13.37      10.43      10.79      10.16 
  ukm10iii      10.00      12.12      18.48      11.25      13.29      10.03 
   ukm1iii      10.00      10.76      13.80      10.60      11.02      10.31 
     ukm1v      10.00      10.43      13.51      10.27      10.70      10.12 
      ukm2      10.00      10.57      14.27      10.40      10.91      10.14 
     ukm2i      10.00      10.28      14.23      10.09      10.60      10.07 
   ukm2iii      10.00      10.80      14.00      10.62      11.08      10.32 
     ukm2v      10.00      10.60      13.95      10.41      10.90      10.15 
    ukm3ii      10.00      10.94      14.86      10.75      11.28      10.32 
   ukm3iii      10.00      10.83      14.30      10.64      11.16      10.33 
     ukm3v      10.00      10.60      14.55      10.39      10.97      10.12 
   ukm4iii      10.00      10.94      14.80      10.69      11.35      10.33 
     ukm4v      10.00      10.79      15.27      10.53      11.22      10.14 
   ukm5iii      10.00      11.13      15.46      10.80      11.65      10.35 
     ukm5v      10.00      11.35      16.35      11.06      11.85      10.29 
   ukm6iii      10.00      11.41      16.36      10.97      12.07      10.40 
     ukm6v      10.00      11.61      17.59      11.23      12.26      10.22 
   ukm7iii      10.00      11.74      17.47      11.16      12.59      10.41 
   ukm8iii      10.00      12.24      18.72      11.43      13.33      10.35 
   ukm9iii      10.00      12.29      18.53      11.45      13.39      10.20 
     uko5v      10.00       8.76       7.27       8.91       8.54       9.43 
   uko8iii      10.00       8.76       7.31       8.90       8.53       9.51 
     uko9v      10.00       8.87       7.41       9.03       8.63       9.50 
    ukrf6v      10.00       9.61      10.25       9.57       9.62       9.78 
    ukrf8v      10.00       9.75      10.50       9.75       9.74       9.86 
    ukrg0v      10.00       9.66      10.52       9.65       9.69       9.84 
  ukrg5iii      10.00      10.23      11.58      10.22      10.28      10.05 
    ukrg5v      10.00       9.83      10.82       9.79       9.86       9.89 
  ukrk0iii      10.00      10.25      11.87      10.20      10.33      10.06 
    ukrk0v      10.00      10.11      11.39      10.07      10.17      10.02 
  ukrk1iii      10.00      10.34      12.17      10.25      10.44      10.09 
  ukrk2iii      10.00      10.48      12.48      10.42      10.59      10.15 
  ukrk3iii      10.00      10.63      12.85      10.54      10.77      10.18 
  ukrk4iii      10.00      10.66      13.19      10.53      10.84      10.21 
  ukrk5iii      10.00      10.72      13.57      10.60      10.92      10.25 
    ukwf5v      10.00       9.62      10.04       9.65       9.59       9.81 
    ukwf8v      10.00       9.78      10.37       9.80       9.76       9.88 
    ukwg0v      10.00       9.65      10.39       9.65       9.67       9.87 
  ukwg5iii      10.00      10.00      11.28       9.96      10.06       9.97 
    ukwg5v      10.00       9.85      10.73       9.88       9.87       9.91 
  ukwg8iii      10.00      10.00      11.41       9.96      10.08       9.99 
  ukwk0iii      10.00      10.12      11.62      10.08      10.19      10.01 
  ukwk1iii      10.00      10.28      11.91      10.25      10.36      10.07 
  ukwk2iii      10.00      10.38      12.11      10.32      10.47      10.10 
  ukwk3iii      10.00      10.52      12.52      10.44      10.64      10.18 
  ukwk4iii      10.00      10.51      12.91      10.42      10.67      10.17 
